   0.00000000             987
   9.99999978E-03         984
   1.99999996E-02         977
   2.99999993E-02         969
   3.99999991E-02         957
   4.99999970E-02         950
   5.99999949E-02         939
   6.99999928E-02         933
   7.99999908E-02         923
   8.99999887E-02         917
   9.99999866E-02         899
  0.109999985             886
  0.119999982             870
  0.129999980             857
  0.139999986             850
  0.149999991             836
  0.159999996             828
  0.170000002             821
  0.180000007             817
  0.190000013             811
  0.200000018             799
  0.210000023             791
  0.220000029             786
  0.230000034             779
  0.240000039             771
  0.250000030             767
  0.260000020             758
  0.270000011             753
  0.280000001             744
  0.289999992             734
  0.299999982             724
  0.309999973             712
  0.319999963             703
  0.329999954             696
  0.339999944             689
  0.349999934             681
  0.359999925             671
  0.369999915             663
  0.379999906             653
  0.389999896             650
  0.399999887             644
  0.409999877             638
  0.419999868             633
  0.429999858             629
  0.439999849             622
  0.449999839             614
  0.459999830             610
  0.469999820             607
  0.479999810             601
  0.489999801             598
  0.499999791             596
  0.509999812             589
  0.519999802             580
  0.529999793             574
  0.539999783             566
  0.549999774             561
  0.559999764             558
  0.569999754             551
  0.579999745             546
  0.589999735             545
  0.599999726             541
  0.609999716             533
  0.619999707             530
  0.629999697             526
  0.639999688             519
  0.649999678             512
  0.659999669             507
  0.669999659             499
  0.679999650             493
  0.689999640             486
  0.699999630             480
  0.709999621             476
  0.719999611             472
  0.729999602             468
  0.739999592             467
  0.749999583             465
  0.759999573             462
  0.769999564             461
  0.779999554             458
  0.789999545             454
  0.799999535             447
  0.809999526             445
  0.819999516             438
  0.829999506             429
  0.839999497             426
  0.849999487             424
  0.859999478             419
  0.869999468             418
  0.879999459             414
  0.889999449             408
  0.899999440             403
  0.909999430             401
  0.919999421             398
  0.929999411             392
  0.939999402             389
  0.949999392             382
  0.959999382             379
  0.969999373             375
  0.979999363             369
  0.989999354             368
  0.999999344             365
   1.00999939             361
   1.01999938             357
   1.02999938             355
   1.03999937             352
   1.04999936             349
   1.05999935             344
   1.06999934             341
   1.07999933             338
   1.08999932             335
   1.09999931             332
   1.10999930             329
   1.11999929             329
   1.12999928             326
   1.13999927             323
   1.14999926             318
   1.15999925             316
   1.16999924             314
   1.17999923             313
   1.18999922             311
   1.19999921             310
   1.20999920             308
   1.21999919             305
   1.22999918             301
   1.23999918             297
   1.24999917             297
   1.25999916             296
   1.26999915             294
   1.27999914             291
   1.28999913             290
   1.29999912             289
   1.30999911             287
   1.31999910             282
   1.32999909             276
   1.33999908             271
   1.34999907             268
   1.35999906             267
   1.36999905             263
   1.37999904             261
   1.38999903             259
   1.39999902             254
   1.40999901             253
   1.41999900             252
   1.42999899             251
   1.43999898             248
   1.44999897             247
   1.45999897             242
   1.46999896             237
   1.47999895             235
   1.48999894             231
   1.49999893             229
   1.50999892             228
   1.51999891             225
   1.52999890             221
   1.53999889             221
   1.54999888             221
   1.55999887             217
   1.56999886             216
   1.57999885             212
   1.58999884             210
   1.59999883             208
   1.60999882             206
   1.61999881             203
   1.62999880             200
   1.63999879             199
   1.64999878             196
   1.65999877             193
   1.66999876             193
   1.67999876             190
   1.68999875             188
   1.69999874             187
   1.70999873             183
   1.71999872             183
   1.72999871             182
   1.73999870             180
   1.74999869             176
   1.75999868             175
   1.76999867             174
   1.77999866             174
   1.78999865             171
   1.79999864             170
   1.80999863             169
   1.81999862             166
   1.82999861             164
   1.83999860             162
   1.84999859             160
   1.85999858             156
   1.86999857             156
   1.87999856             155
   1.88999856             152
   1.89999855             151
   1.90999854             147
   1.91999853             144
   1.92999852             140
   1.93999851             140
   1.94999850             138
   1.95999849             136
   1.96999848             134
   1.97999847             134
   1.98999846             133
   1.99999845             133
   2.00999856             131
   2.01999855             129
   2.02999854             128
   2.03999853             126
   2.04999852             125
   2.05999851             124
   2.06999850             121
   2.07999849             121
   2.08999848             121
   2.09999847             121
   2.10999846             119
   2.11999846             118
   2.12999845             116
   2.13999844             115
   2.14999843             111
   2.15999842             108
   2.16999841             106
   2.17999840             105
   2.18999839             104
   2.19999838             103
   2.20999837              99
   2.21999836              97
   2.22999835              97
   2.23999834              96
   2.24999833              95
   2.25999832              93
   2.26999831              93
   2.27999830              93
   2.28999829              92
   2.29999828              92
   2.30999827              90
   2.31999826              89
   2.32999825              87
   2.33999825              87
   2.34999824              87
   2.35999823              87
   2.36999822              84
   2.37999821              80
   2.38999820              79
   2.39999819              78
   2.40999818              77
   2.41999817              77
   2.42999816              77
   2.43999815              77
   2.44999814              75
   2.45999813              75
   2.46999812              74
   2.47999811              73
   2.48999810              72
   2.49999809              72
   2.50999808              71
   2.51999807              68
   2.52999806              68
   2.53999805              67
   2.54999804              66
   2.55999804              66
   2.56999803              65
   2.57999802              64
   2.58999801              64
   2.59999800              63
   2.60999799              63
   2.61999798              61
   2.62999797              61
   2.63999796              61
   2.64999795              61
   2.65999794              61
   2.66999793              60
   2.67999792              59
   2.68999791              59
   2.69999790              59
   2.70999789              58
   2.71999788              57
   2.72999787              56
   2.73999786              56
   2.74999785              56
   2.75999784              56
   2.76999784              55
   2.77999783              55
   2.78999782              55
   2.79999781              54
   2.80999780              54
   2.81999779              53
   2.82999778              51
   2.83999777              51
   2.84999776              51
   2.85999775              51
   2.86999774              51
   2.87999773              51
   2.88999772              50
   2.89999771              50
   2.90999770              50
   2.91999769              49
   2.92999768              49
   2.93999767              49
   2.94999766              49
   2.95999765              49
   2.96999764              48
   2.97999763              47
   2.98999763              47
   2.99999762              45
   3.00999761              44
   3.01999760              44
   3.02999759              44
   3.03999758              44
   3.04999757              43
   3.05999756              42
   3.06999755              42
   3.07999754              41
   3.08999753              40
   3.09999752              39
   3.10999751              38
   3.11999750              37
   3.12999749              37
   3.13999748              36
   3.14999747              35
   3.15999746              35
   3.16999745              34
   3.17999744              34
   3.18999743              33
   3.19999743              31
   3.20999742              31
   3.21999741              29
   3.22999740              29
   3.23999739              29
   3.24999738              29
   3.25999737              28
   3.26999736              27
   3.27999735              27
   3.28999734              27
   3.29999733              27
   3.30999732              26
   3.31999731              26
   3.32999730              26
   3.33999729              26
   3.34999728              26
   3.35999727              26
   3.36999726              25
   3.37999725              24
   3.38999724              24
   3.39999723              23
   3.40999722              22
   3.41999722              22
   3.42999721              21
   3.43999720              21
   3.44999719              19
   3.45999718              19
   3.46999717              19
   3.47999716              19
   3.48999715              19
   3.49999714              18
   3.50999713              18
   3.51999712              18
   3.52999711              16
   3.53999710              16
   3.54999709              16
   3.55999708              16
   3.56999707              15
   3.57999706              15
   3.58999705              15
   3.59999704              15
   3.60999703              15
   3.61999702              15
   3.62999701              15
   3.63999701              15
   3.64999700              15
   3.65999699              15
   3.66999698              14
   3.67999697              14
   3.68999696              14
   3.69999695              14
   3.70999694              14
   3.71999693              14
   3.72999692              14
   3.73999691              14
   3.74999690              14
   3.75999689              14
   3.76999688              14
   3.77999687              14
   3.78999686              14
   3.79999685              14
   3.80999684              14
   3.81999683              14
   3.82999682              14
   3.83999681              14
   3.84999681              14
   3.85999680              14
   3.86999679              14
   3.87999678              14
   3.88999677              14
   3.89999676              14
   3.90999675              14
   3.91999674              14
   3.92999673              14
   3.93999672              14
   3.94999671              14
   3.95999670              14
   3.96999669              14
   3.97999668              14
   3.98999667              14
   3.99999666              14
   4.00999689              13
   4.01999712              13
   4.02999735              13
   4.03999758              13
   4.04999781              13
   4.05999804              13
   4.06999826              13
   4.07999849              13
   4.08999872              13
   4.09999895              13
   4.10999918              13
   4.11999941              13
   4.12999964              13
   4.13999987              13
   4.15000010              13
   4.16000032              13
   4.17000055              13
   4.18000078              13
   4.19000101              12
   4.20000124              12
   4.21000147              12
   4.22000170              12
   4.23000193              12
   4.24000216              11
   4.25000238              11
   4.26000261              11
   4.27000284              11
   4.28000307              11
   4.29000330              11
   4.30000353              11
   4.31000376              11
   4.32000399              11
   4.33000422              11
   4.34000444              11
   4.35000467              11
   4.36000490              11
   4.37000513              11
   4.38000536              11
   4.39000559              11
   4.40000582              11
   4.41000605              11
   4.42000628              10
   4.43000650               9
   4.44000673               9
   4.45000696               9
   4.46000719               9
   4.47000742               9
   4.48000765               9
   4.49000788               9
   4.50000811               9
   4.51000834               9
   4.52000856               9
   4.53000879               9
   4.54000902               9
   4.55000925               9
   4.56000948               9
   4.57000971               9
   4.58000994               9
   4.59001017               8
   4.60001040               7
   4.61001062               7
   4.62001085               7
   4.63001108               7
   4.64001131               7
   4.65001154               7
   4.66001177               7
   4.67001200               7
   4.68001223               7
   4.69001245               7
   4.70001268               7
   4.71001291               6
   4.72001314               6
   4.73001337               6
   4.74001360               6
   4.75001383               6
   4.76001406               6
   4.77001429               6
   4.78001451               6
   4.79001474               6
   4.80001497               6
   4.81001520               6
   4.82001543               6
   4.83001566               6
   4.84001589               6
   4.85001612               6
   4.86001635               6
   4.87001657               5
   4.88001680               5
   4.89001703               5
   4.90001726               5
   4.91001749               5
   4.92001772               5
   4.93001795               5
   4.94001818               5
   4.95001841               5
   4.96001863               5
   4.97001886               5
   4.98001909               5
   4.99001932               5
   5.00001955               5
   5.01001978               5
   5.02002001               5
   5.03002024               5
   5.04002047               5
   5.05002069               5
   5.06002092               5
   5.07002115               5
   5.08002138               5
   5.09002161               5
   5.10002184               5
   5.11002207               5
   5.12002230               5
   5.13002253               4
   5.14002275               4
   5.15002298               4
   5.16002321               4
   5.17002344               4
   5.18002367               4
   5.19002390               4
   5.20002413               4
   5.21002436               4
   5.22002459               4
   5.23002481               4
   5.24002504               4
   5.25002527               4
   5.26002550               4
   5.27002573               4
   5.28002596               4
   5.29002619               4
   5.30002642               4
   5.31002665               4
   5.32002687               3
   5.33002710               3
   5.34002733               3
   5.35002756               3
   5.36002779               3
   5.37002802               3
   5.38002825               3
   5.39002848               3
   5.40002871               3
   5.41002893               3
   5.42002916               3
   5.43002939               3
   5.44002962               3
   5.45002985               3
   5.46003008               3
   5.47003031               3
   5.48003054               3
   5.49003077               3
   5.50003099               3
   5.51003122               3
   5.52003145               2
   5.53003168               2
   5.54003191               2
   5.55003214               2
   5.56003237               2
   5.57003260               2
   5.58003283               2
   5.59003305               2
   5.60003328               2
   5.61003351               2
   5.62003374               2
   5.63003397               2
   5.64003420               1
   5.65003443               1
   5.66003466               1
   5.67003489               1
   5.68003511               1
   5.69003534               1
   5.70003557               1
   5.71003580               1
   5.72003603               1
   5.73003626               1
   5.74003649               1
   5.75003672               1
   5.76003695               1
   5.77003717               1
   5.78003740               1
   5.79003763               1
   5.80003786               1
   5.81003809               1
   5.82003832               1
   5.83003855               1
   5.84003878               1
   5.85003901               1
   5.86003923               1
   5.87003946               1
   5.88003969               1
   5.89003992               1
   5.90004015               1
   5.91004038               1
   5.92004061               1
   5.93004084               1
   5.94004107               1
   5.95004129               1
   5.96004152               1
   5.97004175               1
   5.98004198               1
   5.99004221               1
   6.00004244               1
   6.01004267               1
   6.02004290               1
   6.03004313               1
   6.04004335               1
   6.05004358               1
   6.06004381               1
   6.07004404               1
   6.08004427               1
   6.09004450               1
   6.10004473               1
   6.11004496               1
   6.12004519               1
   6.13004541               1
   6.14004564               1
   6.15004587               1
   6.16004610               1
   6.17004633               1
   6.18004656               1
   6.19004679               1
   6.20004702               1
   6.21004725               1
   6.22004747               1
   6.23004770               1
   6.24004793               1
   6.25004816               1
   6.26004839               1
   6.27004862               1
   6.28004885               1
   6.29004908               1
   6.30004930               1
   6.31004953               1
   6.32004976               1
   6.33004999               1
   6.34005022               1
   6.35005045               1
   6.36005068               1
   6.37005091               1
   6.38005114               1
   6.39005136               1
   6.40005159               1
   6.41005182               1
   6.42005205               1
   6.43005228               1
   6.44005251               1
   6.45005274               1
   6.46005297               1
   6.47005320               1
   6.48005342               1
   6.49005365               1
   6.50005388               1
   6.51005411               1
   6.52005434               1
   6.53005457               1
   6.54005480               1
   6.55005503               1
   6.56005526               1
   6.57005548               1
   6.58005571               1
   6.59005594               1
   6.60005617               1
   6.61005640               1
   6.62005663               1
   6.63005686               1
   6.64005709               1
   6.65005732               1
   6.66005754               1
   6.67005777               1
   6.68005800               1
   6.69005823               1
   6.70005846               1
   6.71005869               1
   6.72005892               1
   6.73005915               0
   6.74005938               0
   6.75005960               0
   6.76005983               0
   6.77006006               0
   6.78006029               0
   6.79006052               0
   6.80006075               0
   6.81006098               0
   6.82006121               0
   6.83006144               0
   6.84006166               0
   6.85006189               0
   6.86006212               0
   6.87006235               0
   6.88006258               0
   6.89006281               0
   6.90006304               0
   6.91006327               0
   6.92006350               0
   6.93006372               0
   6.94006395               0
   6.95006418               0
   6.96006441               0
   6.97006464               0
   6.98006487               0
   6.99006510               0
   7.00006533               0
   7.01006556               0
   7.02006578               0
   7.03006601               0
   7.04006624               0
   7.05006647               0
   7.06006670               0
   7.07006693               0
   7.08006716               0
   7.09006739               0
   7.10006762               0
   7.11006784               0
   7.12006807               0
   7.13006830               0
   7.14006853               0
   7.15006876               0
   7.16006899               0
   7.17006922               0
   7.18006945               0
   7.19006968               0
   7.20006990               0
   7.21007013               0
   7.22007036               0
   7.23007059               0
   7.24007082               0
   7.25007105               0
   7.26007128               0
   7.27007151               0
   7.28007174               0
   7.29007196               0
   7.30007219               0
   7.31007242               0
   7.32007265               0
   7.33007288               0
   7.34007311               0
   7.35007334               0
   7.36007357               0
   7.37007380               0
   7.38007402               0
   7.39007425               0
   7.40007448               0
   7.41007471               0
   7.42007494               0
   7.43007517               0
   7.44007540               0
   7.45007563               0
   7.46007586               0
   7.47007608               0
   7.48007631               0
   7.49007654               0
   7.50007677               0
   7.51007700               0
   7.52007723               0
   7.53007746               0
   7.54007769               0
   7.55007792               0
   7.56007814               0
   7.57007837               0
   7.58007860               0
   7.59007883               0
   7.60007906               0
   7.61007929               0
   7.62007952               0
   7.63007975               0
   7.64007998               0
   7.65008020               0
   7.66008043               0
   7.67008066               0
   7.68008089               0
   7.69008112               0
   7.70008135               0
   7.71008158               0
   7.72008181               0
   7.73008204               0
   7.74008226               0
   7.75008249               0
   7.76008272               0
   7.77008295               0
   7.78008318               0
   7.79008341               0
   7.80008364               0
   7.81008387               0
   7.82008410               0
   7.83008432               0
   7.84008455               0
   7.85008478               0
   7.86008501               0
   7.87008524               0
   7.88008547               0
   7.89008570               0
   7.90008593               0
   7.91008615               0
   7.92008638               0
   7.93008661               0
   7.94008684               0
   7.95008707               0
   7.96008730               0
   7.97008753               0
   7.98008776               0
   7.99008799               0
   8.00008774               0
