   0.00000000             992
   9.99999978E-03         980
   1.99999996E-02         973
   2.99999993E-02         957
   3.99999991E-02         952
   4.99999970E-02         946
   5.99999949E-02         935
   6.99999928E-02         917
   7.99999908E-02         906
   8.99999887E-02         897
   9.99999866E-02         888
  0.109999985             879
  0.119999982             874
  0.129999980             860
  0.139999986             847
  0.149999991             841
  0.159999996             831
  0.170000002             825
  0.180000007             817
  0.190000013             811
  0.200000018             805
  0.210000023             802
  0.220000029             796
  0.230000034             787
  0.240000039             777
  0.250000030             773
  0.260000020             766
  0.270000011             757
  0.280000001             752
  0.289999992             743
  0.299999982             737
  0.309999973             730
  0.319999963             727
  0.329999954             722
  0.339999944             712
  0.349999934             702
  0.359999925             693
  0.369999915             688
  0.379999906             679
  0.389999896             675
  0.399999887             666
  0.409999877             661
  0.419999868             652
  0.429999858             638
  0.439999849             632
  0.449999839             623
  0.459999830             620
  0.469999820             611
  0.479999810             605
  0.489999801             603
  0.499999791             596
  0.509999812             586
  0.519999802             575
  0.529999793             573
  0.539999783             568
  0.549999774             564
  0.559999764             558
  0.569999754             552
  0.579999745             548
  0.589999735             546
  0.599999726             541
  0.609999716             537
  0.619999707             531
  0.629999697             525
  0.639999688             520
  0.649999678             515
  0.659999669             511
  0.669999659             506
  0.679999650             504
  0.689999640             495
  0.699999630             494
  0.709999621             491
  0.719999611             485
  0.729999602             481
  0.739999592             478
  0.749999583             473
  0.759999573             468
  0.769999564             463
  0.779999554             458
  0.789999545             449
  0.799999535             444
  0.809999526             440
  0.819999516             437
  0.829999506             433
  0.839999497             428
  0.849999487             425
  0.859999478             420
  0.869999468             417
  0.879999459             413
  0.889999449             409
  0.899999440             404
  0.909999430             401
  0.919999421             400
  0.929999411             398
  0.939999402             392
  0.949999392             389
  0.959999382             384
  0.969999373             378
  0.979999363             374
  0.989999354             373
  0.999999344             369
   1.00999939             366
   1.01999938             363
   1.02999938             361
   1.03999937             358
   1.04999936             352
   1.05999935             348
   1.06999934             344
   1.07999933             343
   1.08999932             339
   1.09999931             333
   1.10999930             331
   1.11999929             327
   1.12999928             325
   1.13999927             321
   1.14999926             317
   1.15999925             316
   1.16999924             312
   1.17999923             310
   1.18999922             306
   1.19999921             305
   1.20999920             303
   1.21999919             301
   1.22999918             295
   1.23999918             293
   1.24999917             292
   1.25999916             283
   1.26999915             279
   1.27999914             278
   1.28999913             277
   1.29999912             276
   1.30999911             275
   1.31999910             274
   1.32999909             268
   1.33999908             264
   1.34999907             258
   1.35999906             254
   1.36999905             251
   1.37999904             248
   1.38999903             246
   1.39999902             240
   1.40999901             236
   1.41999900             233
   1.42999899             231
   1.43999898             229
   1.44999897             228
   1.45999897             226
   1.46999896             221
   1.47999895             221
   1.48999894             216
   1.49999893             213
   1.50999892             211
   1.51999891             210
   1.52999890             208
   1.53999889             206
   1.54999888             203
   1.55999887             198
   1.56999886             194
   1.57999885             193
   1.58999884             193
   1.59999883             192
   1.60999882             190
   1.61999881             189
   1.62999880             187
   1.63999879             183
   1.64999878             182
   1.65999877             178
   1.66999876             177
   1.67999876             173
   1.68999875             172
   1.69999874             171
   1.70999873             170
   1.71999872             167
   1.72999871             166
   1.73999870             163
   1.74999869             162
   1.75999868             161
   1.76999867             159
   1.77999866             156
   1.78999865             153
   1.79999864             151
   1.80999863             151
   1.81999862             149
   1.82999861             145
   1.83999860             144
   1.84999859             143
   1.85999858             142
   1.86999857             142
   1.87999856             139
   1.88999856             136
   1.89999855             136
   1.90999854             134
   1.91999853             132
   1.92999852             132
   1.93999851             130
   1.94999850             128
   1.95999849             126
   1.96999848             125
   1.97999847             122
   1.98999846             121
   1.99999845             119
   2.00999856             119
   2.01999855             117
   2.02999854             116
   2.03999853             115
   2.04999852             113
   2.05999851             112
   2.06999850             111
   2.07999849             110
   2.08999848             110
   2.09999847             109
   2.10999846             108
   2.11999846             108
   2.12999845             108
   2.13999844             108
   2.14999843             108
   2.15999842             108
   2.16999841             106
   2.17999840             106
   2.18999839             106
   2.19999838             105
   2.20999837             105
   2.21999836             105
   2.22999835             105
   2.23999834             105
   2.24999833             102
   2.25999832              99
   2.26999831              97
   2.27999830              97
   2.28999829              97
   2.29999828              94
   2.30999827              93
   2.31999826              93
   2.32999825              91
   2.33999825              90
   2.34999824              90
   2.35999823              88
   2.36999822              88
   2.37999821              88
   2.38999820              88
   2.39999819              88
   2.40999818              85
   2.41999817              82
   2.42999816              82
   2.43999815              81
   2.44999814              79
   2.45999813              79
   2.46999812              78
   2.47999811              78
   2.48999810              76
   2.49999809              76
   2.50999808              74
   2.51999807              74
   2.52999806              74
   2.53999805              74
   2.54999804              73
   2.55999804              73
   2.56999803              73
   2.57999802              73
   2.58999801              70
   2.59999800              70
   2.60999799              68
   2.61999798              68
   2.62999797              67
   2.63999796              67
   2.64999795              67
   2.65999794              67
   2.66999793              67
   2.67999792              67
   2.68999791              64
   2.69999790              64
   2.70999789              62
   2.71999788              62
   2.72999787              62
   2.73999786              62
   2.74999785              62
   2.75999784              61
   2.76999784              60
   2.77999783              58
   2.78999782              57
   2.79999781              57
   2.80999780              56
   2.81999779              54
   2.82999778              54
   2.83999777              53
   2.84999776              53
   2.85999775              53
   2.86999774              53
   2.87999773              53
   2.88999772              53
   2.89999771              53
   2.90999770              52
   2.91999769              52
   2.92999768              52
   2.93999767              51
   2.94999766              50
   2.95999765              50
   2.96999764              50
   2.97999763              47
   2.98999763              47
   2.99999762              47
   3.00999761              47
   3.01999760              47
   3.02999759              47
   3.03999758              47
   3.04999757              47
   3.05999756              47
   3.06999755              47
   3.07999754              46
   3.08999753              45
   3.09999752              45
   3.10999751              45
   3.11999750              45
   3.12999749              45
   3.13999748              44
   3.14999747              44
   3.15999746              43
   3.16999745              43
   3.17999744              40
   3.18999743              40
   3.19999743              40
   3.20999742              39
   3.21999741              37
   3.22999740              37
   3.23999739              35
   3.24999738              35
   3.25999737              35
   3.26999736              35
   3.27999735              34
   3.28999734              34
   3.29999733              33
   3.30999732              32
   3.31999731              32
   3.32999730              31
   3.33999729              31
   3.34999728              31
   3.35999727              31
   3.36999726              30
   3.37999725              30
   3.38999724              30
   3.39999723              30
   3.40999722              30
   3.41999722              30
   3.42999721              29
   3.43999720              29
   3.44999719              28
   3.45999718              28
   3.46999717              28
   3.47999716              28
   3.48999715              28
   3.49999714              27
   3.50999713              27
   3.51999712              27
   3.52999711              27
   3.53999710              27
   3.54999709              27
   3.55999708              26
   3.56999707              25
   3.57999706              25
   3.58999705              25
   3.59999704              25
   3.60999703              25
   3.61999702              25
   3.62999701              25
   3.63999701              25
   3.64999700              25
   3.65999699              24
   3.66999698              24
   3.67999697              24
   3.68999696              23
   3.69999695              23
   3.70999694              22
   3.71999693              22
   3.72999692              22
   3.73999691              22
   3.74999690              22
   3.75999689              22
   3.76999688              22
   3.77999687              22
   3.78999686              22
   3.79999685              21
   3.80999684              21
   3.81999683              21
   3.82999682              21
   3.83999681              21
   3.84999681              21
   3.85999680              20
   3.86999679              20
   3.87999678              20
   3.88999677              20
   3.89999676              20
   3.90999675              20
   3.91999674              20
   3.92999673              20
   3.93999672              20
   3.94999671              19
   3.95999670              19
   3.96999669              19
   3.97999668              19
   3.98999667              19
   3.99999666              19
   4.00999689              18
   4.01999712              18
   4.02999735              18
   4.03999758              18
   4.04999781              16
   4.05999804              16
   4.06999826              16
   4.07999849              16
   4.08999872              15
   4.09999895              14
   4.10999918              14
   4.11999941              14
   4.12999964              14
   4.13999987              14
   4.15000010              14
   4.16000032              14
   4.17000055              14
   4.18000078              14
   4.19000101              14
   4.20000124              14
   4.21000147              14
   4.22000170              14
   4.23000193              14
   4.24000216              14
   4.25000238              14
   4.26000261              14
   4.27000284              14
   4.28000307              14
   4.29000330              14
   4.30000353              14
   4.31000376              14
   4.32000399              14
   4.33000422              14
   4.34000444              14
   4.35000467              14
   4.36000490              14
   4.37000513              14
   4.38000536              14
   4.39000559              14
   4.40000582              14
   4.41000605              14
   4.42000628              14
   4.43000650              14
   4.44000673              13
   4.45000696              13
   4.46000719              13
   4.47000742              13
   4.48000765              13
   4.49000788              13
   4.50000811              12
   4.51000834              12
   4.52000856              11
   4.53000879              10
   4.54000902              10
   4.55000925              10
   4.56000948              10
   4.57000971              10
   4.58000994              10
   4.59001017              10
   4.60001040              10
   4.61001062              10
   4.62001085              10
   4.63001108              10
   4.64001131              10
   4.65001154               9
   4.66001177               9
   4.67001200               9
   4.68001223               9
   4.69001245               9
   4.70001268               9
   4.71001291               9
   4.72001314               9
   4.73001337               9
   4.74001360               9
   4.75001383               9
   4.76001406               9
   4.77001429               9
   4.78001451               9
   4.79001474               8
   4.80001497               8
   4.81001520               8
   4.82001543               7
   4.83001566               7
   4.84001589               7
   4.85001612               7
   4.86001635               7
   4.87001657               7
   4.88001680               7
   4.89001703               7
   4.90001726               7
   4.91001749               7
   4.92001772               7
   4.93001795               7
   4.94001818               7
   4.95001841               7
   4.96001863               7
   4.97001886               7
   4.98001909               7
   4.99001932               7
   5.00001955               7
   5.01001978               7
   5.02002001               7
   5.03002024               7
   5.04002047               7
   5.05002069               7
   5.06002092               7
   5.07002115               7
   5.08002138               7
   5.09002161               7
   5.10002184               7
   5.11002207               7
   5.12002230               7
   5.13002253               7
   5.14002275               7
   5.15002298               7
   5.16002321               7
   5.17002344               7
   5.18002367               7
   5.19002390               7
   5.20002413               7
   5.21002436               7
   5.22002459               7
   5.23002481               7
   5.24002504               7
   5.25002527               7
   5.26002550               7
   5.27002573               7
   5.28002596               7
   5.29002619               7
   5.30002642               7
   5.31002665               7
   5.32002687               7
   5.33002710               7
   5.34002733               6
   5.35002756               6
   5.36002779               6
   5.37002802               6
   5.38002825               6
   5.39002848               6
   5.40002871               6
   5.41002893               6
   5.42002916               6
   5.43002939               6
   5.44002962               6
   5.45002985               6
   5.46003008               6
   5.47003031               6
   5.48003054               6
   5.49003077               6
   5.50003099               6
   5.51003122               6
   5.52003145               6
   5.53003168               6
   5.54003191               6
   5.55003214               5
   5.56003237               5
   5.57003260               5
   5.58003283               5
   5.59003305               5
   5.60003328               5
   5.61003351               5
   5.62003374               5
   5.63003397               5
   5.64003420               5
   5.65003443               5
   5.66003466               5
   5.67003489               5
   5.68003511               5
   5.69003534               5
   5.70003557               5
   5.71003580               5
   5.72003603               5
   5.73003626               5
   5.74003649               5
   5.75003672               5
   5.76003695               5
   5.77003717               5
   5.78003740               5
   5.79003763               5
   5.80003786               5
   5.81003809               5
   5.82003832               5
   5.83003855               5
   5.84003878               5
   5.85003901               5
   5.86003923               5
   5.87003946               5
   5.88003969               5
   5.89003992               5
   5.90004015               5
   5.91004038               5
   5.92004061               5
   5.93004084               5
   5.94004107               5
   5.95004129               5
   5.96004152               5
   5.97004175               5
   5.98004198               5
   5.99004221               5
   6.00004244               5
   6.01004267               5
   6.02004290               5
   6.03004313               5
   6.04004335               5
   6.05004358               5
   6.06004381               5
   6.07004404               5
   6.08004427               5
   6.09004450               5
   6.10004473               5
   6.11004496               4
   6.12004519               4
   6.13004541               4
   6.14004564               4
   6.15004587               4
   6.16004610               4
   6.17004633               4
   6.18004656               4
   6.19004679               4
   6.20004702               4
   6.21004725               4
   6.22004747               4
   6.23004770               4
   6.24004793               3
   6.25004816               3
   6.26004839               3
   6.27004862               3
   6.28004885               3
   6.29004908               3
   6.30004930               3
   6.31004953               3
   6.32004976               3
   6.33004999               3
   6.34005022               3
   6.35005045               3
   6.36005068               3
   6.37005091               3
   6.38005114               3
   6.39005136               3
   6.40005159               3
   6.41005182               2
   6.42005205               2
   6.43005228               2
   6.44005251               2
   6.45005274               2
   6.46005297               2
   6.47005320               2
   6.48005342               2
   6.49005365               2
   6.50005388               2
   6.51005411               2
   6.52005434               2
   6.53005457               2
   6.54005480               2
   6.55005503               2
   6.56005526               2
   6.57005548               2
   6.58005571               2
   6.59005594               2
   6.60005617               2
   6.61005640               2
   6.62005663               2
   6.63005686               2
   6.64005709               2
   6.65005732               2
   6.66005754               2
   6.67005777               2
   6.68005800               2
   6.69005823               2
   6.70005846               2
   6.71005869               2
   6.72005892               2
   6.73005915               2
   6.74005938               2
   6.75005960               2
   6.76005983               2
   6.77006006               2
   6.78006029               2
   6.79006052               2
   6.80006075               2
   6.81006098               2
   6.82006121               2
   6.83006144               2
   6.84006166               2
   6.85006189               2
   6.86006212               2
   6.87006235               2
   6.88006258               2
   6.89006281               2
   6.90006304               2
   6.91006327               2
   6.92006350               2
   6.93006372               2
   6.94006395               2
   6.95006418               2
   6.96006441               2
   6.97006464               2
   6.98006487               1
   6.99006510               1
   7.00006533               1
   7.01006556               1
   7.02006578               1
   7.03006601               1
   7.04006624               1
   7.05006647               1
   7.06006670               1
   7.07006693               1
   7.08006716               1
   7.09006739               1
   7.10006762               1
   7.11006784               1
   7.12006807               1
   7.13006830               1
   7.14006853               1
   7.15006876               1
   7.16006899               1
   7.17006922               1
   7.18006945               1
   7.19006968               1
   7.20006990               1
   7.21007013               1
   7.22007036               1
   7.23007059               1
   7.24007082               1
   7.25007105               1
   7.26007128               1
   7.27007151               1
   7.28007174               1
   7.29007196               1
   7.30007219               1
   7.31007242               1
   7.32007265               1
   7.33007288               1
   7.34007311               1
   7.35007334               1
   7.36007357               1
   7.37007380               1
   7.38007402               1
   7.39007425               1
   7.40007448               1
   7.41007471               1
   7.42007494               1
   7.43007517               1
   7.44007540               1
   7.45007563               1
   7.46007586               1
   7.47007608               1
   7.48007631               1
   7.49007654               1
   7.50007677               1
   7.51007700               1
   7.52007723               1
   7.53007746               1
   7.54007769               1
   7.55007792               1
   7.56007814               1
   7.57007837               1
   7.58007860               1
   7.59007883               1
   7.60007906               1
   7.61007929               1
   7.62007952               1
   7.63007975               1
   7.64007998               1
   7.65008020               1
   7.66008043               1
   7.67008066               1
   7.68008089               1
   7.69008112               1
   7.70008135               1
   7.71008158               1
   7.72008181               1
   7.73008204               1
   7.74008226               1
   7.75008249               1
   7.76008272               1
   7.77008295               1
   7.78008318               1
   7.79008341               1
   7.80008364               1
   7.81008387               1
   7.82008410               1
   7.83008432               1
   7.84008455               1
   7.85008478               1
   7.86008501               1
   7.87008524               1
   7.88008547               1
   7.89008570               1
   7.90008593               1
   7.91008615               1
   7.92008638               1
   7.93008661               1
   7.94008684               1
   7.95008707               1
   7.96008730               1
   7.97008753               1
   7.98008776               1
   7.99008799               1
   8.00008774               1
