   0.00000000             989
   9.99999978E-03         982
   1.99999996E-02         977
   2.99999993E-02         972
   3.99999991E-02         965
   4.99999970E-02         954
   5.99999949E-02         947
   6.99999928E-02         938
   7.99999908E-02         933
   8.99999887E-02         923
   9.99999866E-02         913
  0.109999985             901
  0.119999982             892
  0.129999980             885
  0.139999986             881
  0.149999991             876
  0.159999996             865
  0.170000002             857
  0.180000007             852
  0.190000013             845
  0.200000018             838
  0.210000023             832
  0.220000029             827
  0.230000034             813
  0.240000039             804
  0.250000030             797
  0.260000020             788
  0.270000011             784
  0.280000001             775
  0.289999992             772
  0.299999982             760
  0.309999973             749
  0.319999963             742
  0.329999954             735
  0.339999944             726
  0.349999934             718
  0.359999925             705
  0.369999915             696
  0.379999906             693
  0.389999896             686
  0.399999887             682
  0.409999877             670
  0.419999868             662
  0.429999858             656
  0.439999849             649
  0.449999839             645
  0.459999830             641
  0.469999820             636
  0.479999810             629
  0.489999801             624
  0.499999791             618
  0.509999812             608
  0.519999802             602
  0.529999793             596
  0.539999783             588
  0.549999774             579
  0.559999764             575
  0.569999754             573
  0.579999745             565
  0.589999735             563
  0.599999726             563
  0.609999716             560
  0.619999707             554
  0.629999697             550
  0.639999688             541
  0.649999678             535
  0.659999669             526
  0.669999659             517
  0.679999650             513
  0.689999640             506
  0.699999630             500
  0.709999621             498
  0.719999611             494
  0.729999602             488
  0.739999592             486
  0.749999583             480
  0.759999573             471
  0.769999564             466
  0.779999554             460
  0.789999545             455
  0.799999535             450
  0.809999526             444
  0.819999516             438
  0.829999506             432
  0.839999497             425
  0.849999487             421
  0.859999478             420
  0.869999468             413
  0.879999459             411
  0.889999449             405
  0.899999440             403
  0.909999430             400
  0.919999421             397
  0.929999411             392
  0.939999402             390
  0.949999392             385
  0.959999382             382
  0.969999373             379
  0.979999363             375
  0.989999354             373
  0.999999344             365
   1.00999939             361
   1.01999938             357
   1.02999938             356
   1.03999937             353
   1.04999936             346
   1.05999935             342
   1.06999934             341
   1.07999933             337
   1.08999932             334
   1.09999931             331
   1.10999930             329
   1.11999929             325
   1.12999928             322
   1.13999927             319
   1.14999926             318
   1.15999925             312
   1.16999924             311
   1.17999923             310
   1.18999922             304
   1.19999921             300
   1.20999920             297
   1.21999919             294
   1.22999918             288
   1.23999918             284
   1.24999917             282
   1.25999916             277
   1.26999915             272
   1.27999914             272
   1.28999913             271
   1.29999912             270
   1.30999911             268
   1.31999910             266
   1.32999909             265
   1.33999908             264
   1.34999907             262
   1.35999906             260
   1.36999905             256
   1.37999904             254
   1.38999903             254
   1.39999902             253
   1.40999901             249
   1.41999900             248
   1.42999899             245
   1.43999898             242
   1.44999897             238
   1.45999897             236
   1.46999896             236
   1.47999895             233
   1.48999894             230
   1.49999893             228
   1.50999892             227
   1.51999891             226
   1.52999890             223
   1.53999889             221
   1.54999888             220
   1.55999887             219
   1.56999886             216
   1.57999885             213
   1.58999884             212
   1.59999883             212
   1.60999882             211
   1.61999881             206
   1.62999880             204
   1.63999879             202
   1.64999878             202
   1.65999877             201
   1.66999876             200
   1.67999876             199
   1.68999875             196
   1.69999874             193
   1.70999873             192
   1.71999872             188
   1.72999871             185
   1.73999870             183
   1.74999869             179
   1.75999868             178
   1.76999867             176
   1.77999866             176
   1.78999865             172
   1.79999864             171
   1.80999863             169
   1.81999862             169
   1.82999861             169
   1.83999860             168
   1.84999859             166
   1.85999858             162
   1.86999857             159
   1.87999856             158
   1.88999856             158
   1.89999855             156
   1.90999854             154
   1.91999853             154
   1.92999852             154
   1.93999851             152
   1.94999850             150
   1.95999849             148
   1.96999848             146
   1.97999847             143
   1.98999846             143
   1.99999845             141
   2.00999856             141
   2.01999855             139
   2.02999854             135
   2.03999853             133
   2.04999852             132
   2.05999851             129
   2.06999850             126
   2.07999849             123
   2.08999848             122
   2.09999847             120
   2.10999846             119
   2.11999846             119
   2.12999845             118
   2.13999844             117
   2.14999843             117
   2.15999842             116
   2.16999841             114
   2.17999840             113
   2.18999839             112
   2.19999838             112
   2.20999837             110
   2.21999836             109
   2.22999835             109
   2.23999834             108
   2.24999833             107
   2.25999832             106
   2.26999831             105
   2.27999830             104
   2.28999829             103
   2.29999828             102
   2.30999827             101
   2.31999826              99
   2.32999825              98
   2.33999825              97
   2.34999824              96
   2.35999823              95
   2.36999822              94
   2.37999821              94
   2.38999820              92
   2.39999819              92
   2.40999818              91
   2.41999817              90
   2.42999816              89
   2.43999815              89
   2.44999814              89
   2.45999813              88
   2.46999812              87
   2.47999811              86
   2.48999810              86
   2.49999809              86
   2.50999808              86
   2.51999807              84
   2.52999806              83
   2.53999805              82
   2.54999804              80
   2.55999804              79
   2.56999803              77
   2.57999802              76
   2.58999801              75
   2.59999800              75
   2.60999799              75
   2.61999798              75
   2.62999797              71
   2.63999796              71
   2.64999795              69
   2.65999794              69
   2.66999793              69
   2.67999792              69
   2.68999791              69
   2.69999790              69
   2.70999789              69
   2.71999788              69
   2.72999787              68
   2.73999786              68
   2.74999785              68
   2.75999784              68
   2.76999784              68
   2.77999783              66
   2.78999782              66
   2.79999781              66
   2.80999780              65
   2.81999779              65
   2.82999778              64
   2.83999777              64
   2.84999776              64
   2.85999775              64
   2.86999774              62
   2.87999773              62
   2.88999772              61
   2.89999771              60
   2.90999770              58
   2.91999769              56
   2.92999768              56
   2.93999767              56
   2.94999766              56
   2.95999765              55
   2.96999764              54
   2.97999763              54
   2.98999763              54
   2.99999762              54
   3.00999761              54
   3.01999760              53
   3.02999759              53
   3.03999758              52
   3.04999757              51
   3.05999756              51
   3.06999755              49
   3.07999754              49
   3.08999753              49
   3.09999752              49
   3.10999751              48
   3.11999750              47
   3.12999749              46
   3.13999748              46
   3.14999747              46
   3.15999746              46
   3.16999745              46
   3.17999744              45
   3.18999743              45
   3.19999743              44
   3.20999742              44
   3.21999741              44
   3.22999740              43
   3.23999739              42
   3.24999738              40
   3.25999737              40
   3.26999736              40
   3.27999735              40
   3.28999734              40
   3.29999733              40
   3.30999732              40
   3.31999731              40
   3.32999730              39
   3.33999729              39
   3.34999728              39
   3.35999727              39
   3.36999726              39
   3.37999725              39
   3.38999724              39
   3.39999723              39
   3.40999722              38
   3.41999722              38
   3.42999721              38
   3.43999720              38
   3.44999719              38
   3.45999718              37
   3.46999717              36
   3.47999716              36
   3.48999715              34
   3.49999714              34
   3.50999713              34
   3.51999712              33
   3.52999711              32
   3.53999710              32
   3.54999709              31
   3.55999708              31
   3.56999707              31
   3.57999706              31
   3.58999705              29
   3.59999704              29
   3.60999703              29
   3.61999702              29
   3.62999701              29
   3.63999701              29
   3.64999700              29
   3.65999699              29
   3.66999698              28
   3.67999697              28
   3.68999696              28
   3.69999695              28
   3.70999694              28
   3.71999693              28
   3.72999692              28
   3.73999691              28
   3.74999690              28
   3.75999689              25
   3.76999688              24
   3.77999687              24
   3.78999686              22
   3.79999685              21
   3.80999684              20
   3.81999683              19
   3.82999682              18
   3.83999681              17
   3.84999681              17
   3.85999680              17
   3.86999679              17
   3.87999678              17
   3.88999677              16
   3.89999676              16
   3.90999675              16
   3.91999674              16
   3.92999673              16
   3.93999672              16
   3.94999671              16
   3.95999670              16
   3.96999669              16
   3.97999668              16
   3.98999667              16
   3.99999666              16
   4.00999689              16
   4.01999712              16
   4.02999735              16
   4.03999758              16
   4.04999781              16
   4.05999804              16
   4.06999826              16
   4.07999849              16
   4.08999872              16
   4.09999895              16
   4.10999918              16
   4.11999941              16
   4.12999964              16
   4.13999987              16
   4.15000010              15
   4.16000032              15
   4.17000055              15
   4.18000078              15
   4.19000101              15
   4.20000124              15
   4.21000147              15
   4.22000170              15
   4.23000193              15
   4.24000216              15
   4.25000238              15
   4.26000261              15
   4.27000284              15
   4.28000307              15
   4.29000330              15
   4.30000353              15
   4.31000376              15
   4.32000399              15
   4.33000422              15
   4.34000444              15
   4.35000467              15
   4.36000490              15
   4.37000513              14
   4.38000536              14
   4.39000559              14
   4.40000582              13
   4.41000605              13
   4.42000628              13
   4.43000650              13
   4.44000673              13
   4.45000696              13
   4.46000719              13
   4.47000742              13
   4.48000765              12
   4.49000788              11
   4.50000811              11
   4.51000834              11
   4.52000856              10
   4.53000879               9
   4.54000902               9
   4.55000925               9
   4.56000948               9
   4.57000971               9
   4.58000994               9
   4.59001017               9
   4.60001040               9
   4.61001062               9
   4.62001085               9
   4.63001108               9
   4.64001131               9
   4.65001154               9
   4.66001177               9
   4.67001200               9
   4.68001223               9
   4.69001245               9
   4.70001268               8
   4.71001291               8
   4.72001314               8
   4.73001337               8
   4.74001360               8
   4.75001383               8
   4.76001406               7
   4.77001429               7
   4.78001451               7
   4.79001474               7
   4.80001497               7
   4.81001520               7
   4.82001543               7
   4.83001566               7
   4.84001589               7
   4.85001612               7
   4.86001635               7
   4.87001657               7
   4.88001680               7
   4.89001703               7
   4.90001726               7
   4.91001749               7
   4.92001772               7
   4.93001795               7
   4.94001818               7
   4.95001841               7
   4.96001863               7
   4.97001886               7
   4.98001909               7
   4.99001932               7
   5.00001955               7
   5.01001978               7
   5.02002001               7
   5.03002024               7
   5.04002047               7
   5.05002069               7
   5.06002092               7
   5.07002115               6
   5.08002138               6
   5.09002161               6
   5.10002184               6
   5.11002207               6
   5.12002230               6
   5.13002253               6
   5.14002275               6
   5.15002298               6
   5.16002321               6
   5.17002344               6
   5.18002367               5
   5.19002390               5
   5.20002413               4
   5.21002436               4
   5.22002459               4
   5.23002481               4
   5.24002504               4
   5.25002527               4
   5.26002550               4
   5.27002573               4
   5.28002596               4
   5.29002619               4
   5.30002642               4
   5.31002665               4
   5.32002687               4
   5.33002710               4
   5.34002733               4
   5.35002756               4
   5.36002779               4
   5.37002802               4
   5.38002825               4
   5.39002848               4
   5.40002871               4
   5.41002893               4
   5.42002916               4
   5.43002939               3
   5.44002962               3
   5.45002985               3
   5.46003008               3
   5.47003031               3
   5.48003054               3
   5.49003077               3
   5.50003099               3
   5.51003122               3
   5.52003145               3
   5.53003168               3
   5.54003191               3
   5.55003214               3
   5.56003237               3
   5.57003260               3
   5.58003283               3
   5.59003305               3
   5.60003328               3
   5.61003351               3
   5.62003374               3
   5.63003397               3
   5.64003420               3
   5.65003443               3
   5.66003466               3
   5.67003489               3
   5.68003511               3
   5.69003534               3
   5.70003557               3
   5.71003580               3
   5.72003603               2
   5.73003626               2
   5.74003649               2
   5.75003672               2
   5.76003695               2
   5.77003717               2
   5.78003740               2
   5.79003763               2
   5.80003786               2
   5.81003809               2
   5.82003832               2
   5.83003855               2
   5.84003878               2
   5.85003901               2
   5.86003923               2
   5.87003946               2
   5.88003969               1
   5.89003992               1
   5.90004015               1
   5.91004038               1
   5.92004061               1
   5.93004084               1
   5.94004107               1
   5.95004129               1
   5.96004152               0
   5.97004175               0
   5.98004198               0
   5.99004221               0
   6.00004244               0
   6.01004267               0
   6.02004290               0
   6.03004313               0
   6.04004335               0
   6.05004358               0
   6.06004381               0
   6.07004404               0
   6.08004427               0
   6.09004450               0
   6.10004473               0
   6.11004496               0
   6.12004519               0
   6.13004541               0
   6.14004564               0
   6.15004587               0
   6.16004610               0
   6.17004633               0
   6.18004656               0
   6.19004679               0
   6.20004702               0
   6.21004725               0
   6.22004747               0
   6.23004770               0
   6.24004793               0
   6.25004816               0
   6.26004839               0
   6.27004862               0
   6.28004885               0
   6.29004908               0
   6.30004930               0
   6.31004953               0
   6.32004976               0
   6.33004999               0
   6.34005022               0
   6.35005045               0
   6.36005068               0
   6.37005091               0
   6.38005114               0
   6.39005136               0
   6.40005159               0
   6.41005182               0
   6.42005205               0
   6.43005228               0
   6.44005251               0
   6.45005274               0
   6.46005297               0
   6.47005320               0
   6.48005342               0
   6.49005365               0
   6.50005388               0
   6.51005411               0
   6.52005434               0
   6.53005457               0
   6.54005480               0
   6.55005503               0
   6.56005526               0
   6.57005548               0
   6.58005571               0
   6.59005594               0
   6.60005617               0
   6.61005640               0
   6.62005663               0
   6.63005686               0
   6.64005709               0
   6.65005732               0
   6.66005754               0
   6.67005777               0
   6.68005800               0
   6.69005823               0
   6.70005846               0
   6.71005869               0
   6.72005892               0
   6.73005915               0
   6.74005938               0
   6.75005960               0
   6.76005983               0
   6.77006006               0
   6.78006029               0
   6.79006052               0
   6.80006075               0
   6.81006098               0
   6.82006121               0
   6.83006144               0
   6.84006166               0
   6.85006189               0
   6.86006212               0
   6.87006235               0
   6.88006258               0
   6.89006281               0
   6.90006304               0
   6.91006327               0
   6.92006350               0
   6.93006372               0
   6.94006395               0
   6.95006418               0
   6.96006441               0
   6.97006464               0
   6.98006487               0
   6.99006510               0
   7.00006533               0
   7.01006556               0
   7.02006578               0
   7.03006601               0
   7.04006624               0
   7.05006647               0
   7.06006670               0
   7.07006693               0
   7.08006716               0
   7.09006739               0
   7.10006762               0
   7.11006784               0
   7.12006807               0
   7.13006830               0
   7.14006853               0
   7.15006876               0
   7.16006899               0
   7.17006922               0
   7.18006945               0
   7.19006968               0
   7.20006990               0
   7.21007013               0
   7.22007036               0
   7.23007059               0
   7.24007082               0
   7.25007105               0
   7.26007128               0
   7.27007151               0
   7.28007174               0
   7.29007196               0
   7.30007219               0
   7.31007242               0
   7.32007265               0
   7.33007288               0
   7.34007311               0
   7.35007334               0
   7.36007357               0
   7.37007380               0
   7.38007402               0
   7.39007425               0
   7.40007448               0
   7.41007471               0
   7.42007494               0
   7.43007517               0
   7.44007540               0
   7.45007563               0
   7.46007586               0
   7.47007608               0
   7.48007631               0
   7.49007654               0
   7.50007677               0
   7.51007700               0
   7.52007723               0
   7.53007746               0
   7.54007769               0
   7.55007792               0
   7.56007814               0
   7.57007837               0
   7.58007860               0
   7.59007883               0
   7.60007906               0
   7.61007929               0
   7.62007952               0
   7.63007975               0
   7.64007998               0
   7.65008020               0
   7.66008043               0
   7.67008066               0
   7.68008089               0
   7.69008112               0
   7.70008135               0
   7.71008158               0
   7.72008181               0
   7.73008204               0
   7.74008226               0
   7.75008249               0
   7.76008272               0
   7.77008295               0
   7.78008318               0
   7.79008341               0
   7.80008364               0
   7.81008387               0
   7.82008410               0
   7.83008432               0
   7.84008455               0
   7.85008478               0
   7.86008501               0
   7.87008524               0
   7.88008547               0
   7.89008570               0
   7.90008593               0
   7.91008615               0
   7.92008638               0
   7.93008661               0
   7.94008684               0
   7.95008707               0
   7.96008730               0
   7.97008753               0
   7.98008776               0
   7.99008799               0
   8.00008774               0
