   0.00000000             991
   9.99999978E-03         983
   1.99999996E-02         969
   2.99999993E-02         958
   3.99999991E-02         949
   4.99999970E-02         945
   5.99999949E-02         937
   6.99999928E-02         931
   7.99999908E-02         924
   8.99999887E-02         922
   9.99999866E-02         912
  0.109999985             906
  0.119999982             899
  0.129999980             893
  0.139999986             877
  0.149999991             871
  0.159999996             861
  0.170000002             852
  0.180000007             838
  0.190000013             832
  0.200000018             824
  0.210000023             817
  0.220000029             806
  0.230000034             801
  0.240000039             797
  0.250000030             788
  0.260000020             781
  0.270000011             776
  0.280000001             767
  0.289999992             759
  0.299999982             752
  0.309999973             748
  0.319999963             739
  0.329999954             730
  0.339999944             724
  0.349999934             712
  0.359999925             701
  0.369999915             694
  0.379999906             687
  0.389999896             681
  0.399999887             676
  0.409999877             670
  0.419999868             662
  0.429999858             659
  0.439999849             652
  0.449999839             646
  0.459999830             640
  0.469999820             634
  0.479999810             623
  0.489999801             619
  0.499999791             614
  0.509999812             611
  0.519999802             602
  0.529999793             593
  0.539999783             589
  0.549999774             581
  0.559999764             576
  0.569999754             568
  0.579999745             564
  0.589999735             561
  0.599999726             552
  0.609999716             546
  0.619999707             539
  0.629999697             534
  0.639999688             530
  0.649999678             526
  0.659999669             519
  0.669999659             517
  0.679999650             505
  0.689999640             498
  0.699999630             490
  0.709999621             485
  0.719999611             482
  0.729999602             477
  0.739999592             473
  0.749999583             468
  0.759999573             463
  0.769999564             455
  0.779999554             451
  0.789999545             445
  0.799999535             438
  0.809999526             433
  0.819999516             429
  0.829999506             424
  0.839999497             421
  0.849999487             418
  0.859999478             417
  0.869999468             415
  0.879999459             412
  0.889999449             410
  0.899999440             406
  0.909999430             400
  0.919999421             399
  0.929999411             396
  0.939999402             388
  0.949999392             384
  0.959999382             377
  0.969999373             373
  0.979999363             369
  0.989999354             364
  0.999999344             360
   1.00999939             355
   1.01999938             353
   1.02999938             351
   1.03999937             347
   1.04999936             344
   1.05999935             342
   1.06999934             338
   1.07999933             336
   1.08999932             335
   1.09999931             332
   1.10999930             332
   1.11999929             329
   1.12999928             327
   1.13999927             325
   1.14999926             323
   1.15999925             318
   1.16999924             317
   1.17999923             314
   1.18999922             313
   1.19999921             311
   1.20999920             307
   1.21999919             303
   1.22999918             299
   1.23999918             297
   1.24999917             292
   1.25999916             283
   1.26999915             276
   1.27999914             272
   1.28999913             270
   1.29999912             267
   1.30999911             266
   1.31999910             263
   1.32999909             261
   1.33999908             259
   1.34999907             259
   1.35999906             254
   1.36999905             251
   1.37999904             249
   1.38999903             246
   1.39999902             243
   1.40999901             241
   1.41999900             239
   1.42999899             238
   1.43999898             236
   1.44999897             235
   1.45999897             235
   1.46999896             234
   1.47999895             233
   1.48999894             230
   1.49999893             229
   1.50999892             227
   1.51999891             225
   1.52999890             224
   1.53999889             222
   1.54999888             219
   1.55999887             215
   1.56999886             212
   1.57999885             209
   1.58999884             206
   1.59999883             206
   1.60999882             202
   1.61999881             198
   1.62999880             197
   1.63999879             194
   1.64999878             193
   1.65999877             192
   1.66999876             190
   1.67999876             189
   1.68999875             184
   1.69999874             182
   1.70999873             182
   1.71999872             179
   1.72999871             178
   1.73999870             177
   1.74999869             176
   1.75999868             176
   1.76999867             175
   1.77999866             173
   1.78999865             171
   1.79999864             171
   1.80999863             168
   1.81999862             167
   1.82999861             165
   1.83999860             164
   1.84999859             163
   1.85999858             162
   1.86999857             160
   1.87999856             159
   1.88999856             158
   1.89999855             158
   1.90999854             154
   1.91999853             151
   1.92999852             147
   1.93999851             147
   1.94999850             145
   1.95999849             143
   1.96999848             140
   1.97999847             139
   1.98999846             137
   1.99999845             134
   2.00999856             134
   2.01999855             134
   2.02999854             134
   2.03999853             132
   2.04999852             131
   2.05999851             129
   2.06999850             126
   2.07999849             125
   2.08999848             125
   2.09999847             125
   2.10999846             125
   2.11999846             124
   2.12999845             123
   2.13999844             121
   2.14999843             121
   2.15999842             120
   2.16999841             118
   2.17999840             117
   2.18999839             117
   2.19999838             117
   2.20999837             116
   2.21999836             112
   2.22999835             110
   2.23999834             109
   2.24999833             108
   2.25999832             108
   2.26999831             107
   2.27999830             107
   2.28999829             106
   2.29999828             105
   2.30999827             104
   2.31999826             103
   2.32999825             102
   2.33999825             102
   2.34999824              99
   2.35999823              96
   2.36999822              96
   2.37999821              94
   2.38999820              94
   2.39999819              91
   2.40999818              91
   2.41999817              91
   2.42999816              91
   2.43999815              90
   2.44999814              89
   2.45999813              88
   2.46999812              87
   2.47999811              87
   2.48999810              85
   2.49999809              85
   2.50999808              84
   2.51999807              83
   2.52999806              82
   2.53999805              82
   2.54999804              81
   2.55999804              80
   2.56999803              79
   2.57999802              78
   2.58999801              77
   2.59999800              77
   2.60999799              77
   2.61999798              76
   2.62999797              75
   2.63999796              75
   2.64999795              75
   2.65999794              74
   2.66999793              74
   2.67999792              72
   2.68999791              72
   2.69999790              72
   2.70999789              72
   2.71999788              72
   2.72999787              71
   2.73999786              71
   2.74999785              70
   2.75999784              69
   2.76999784              68
   2.77999783              68
   2.78999782              67
   2.79999781              66
   2.80999780              66
   2.81999779              63
   2.82999778              63
   2.83999777              63
   2.84999776              62
   2.85999775              62
   2.86999774              59
   2.87999773              58
   2.88999772              57
   2.89999771              55
   2.90999770              55
   2.91999769              55
   2.92999768              54
   2.93999767              54
   2.94999766              53
   2.95999765              52
   2.96999764              51
   2.97999763              51
   2.98999763              51
   2.99999762              51
   3.00999761              51
   3.01999760              51
   3.02999759              51
   3.03999758              51
   3.04999757              49
   3.05999756              49
   3.06999755              48
   3.07999754              48
   3.08999753              48
   3.09999752              47
   3.10999751              47
   3.11999750              47
   3.12999749              46
   3.13999748              46
   3.14999747              46
   3.15999746              46
   3.16999745              44
   3.17999744              44
   3.18999743              44
   3.19999743              43
   3.20999742              43
   3.21999741              43
   3.22999740              43
   3.23999739              43
   3.24999738              43
   3.25999737              43
   3.26999736              43
   3.27999735              43
   3.28999734              42
   3.29999733              41
   3.30999732              41
   3.31999731              41
   3.32999730              41
   3.33999729              41
   3.34999728              40
   3.35999727              40
   3.36999726              40
   3.37999725              40
   3.38999724              39
   3.39999723              38
   3.40999722              38
   3.41999722              38
   3.42999721              37
   3.43999720              37
   3.44999719              37
   3.45999718              37
   3.46999717              36
   3.47999716              35
   3.48999715              34
   3.49999714              34
   3.50999713              33
   3.51999712              33
   3.52999711              33
   3.53999710              32
   3.54999709              31
   3.55999708              29
   3.56999707              29
   3.57999706              29
   3.58999705              29
   3.59999704              28
   3.60999703              27
   3.61999702              27
   3.62999701              27
   3.63999701              27
   3.64999700              27
   3.65999699              27
   3.66999698              27
   3.67999697              27
   3.68999696              27
   3.69999695              27
   3.70999694              26
   3.71999693              26
   3.72999692              26
   3.73999691              26
   3.74999690              25
   3.75999689              25
   3.76999688              25
   3.77999687              25
   3.78999686              25
   3.79999685              25
   3.80999684              25
   3.81999683              23
   3.82999682              23
   3.83999681              23
   3.84999681              23
   3.85999680              22
   3.86999679              22
   3.87999678              21
   3.88999677              21
   3.89999676              20
   3.90999675              20
   3.91999674              20
   3.92999673              20
   3.93999672              19
   3.94999671              19
   3.95999670              18
   3.96999669              17
   3.97999668              17
   3.98999667              17
   3.99999666              16
   4.00999689              16
   4.01999712              16
   4.02999735              16
   4.03999758              16
   4.04999781              16
   4.05999804              16
   4.06999826              16
   4.07999849              16
   4.08999872              16
   4.09999895              16
   4.10999918              16
   4.11999941              16
   4.12999964              15
   4.13999987              14
   4.15000010              14
   4.16000032              14
   4.17000055              14
   4.18000078              13
   4.19000101              13
   4.20000124              13
   4.21000147              13
   4.22000170              13
   4.23000193              13
   4.24000216              13
   4.25000238              13
   4.26000261              13
   4.27000284              12
   4.28000307              11
   4.29000330              11
   4.30000353              11
   4.31000376              11
   4.32000399              11
   4.33000422              10
   4.34000444              10
   4.35000467              10
   4.36000490              10
   4.37000513              10
   4.38000536              10
   4.39000559              10
   4.40000582              10
   4.41000605              10
   4.42000628              10
   4.43000650              10
   4.44000673              10
   4.45000696              10
   4.46000719              10
   4.47000742              10
   4.48000765              10
   4.49000788               9
   4.50000811               9
   4.51000834               9
   4.52000856               9
   4.53000879               9
   4.54000902               9
   4.55000925               9
   4.56000948               9
   4.57000971               9
   4.58000994               9
   4.59001017               9
   4.60001040               9
   4.61001062               9
   4.62001085               9
   4.63001108               9
   4.64001131               9
   4.65001154               8
   4.66001177               8
   4.67001200               8
   4.68001223               8
   4.69001245               8
   4.70001268               8
   4.71001291               8
   4.72001314               8
   4.73001337               8
   4.74001360               8
   4.75001383               8
   4.76001406               7
   4.77001429               7
   4.78001451               7
   4.79001474               7
   4.80001497               7
   4.81001520               7
   4.82001543               7
   4.83001566               7
   4.84001589               7
   4.85001612               7
   4.86001635               7
   4.87001657               7
   4.88001680               7
   4.89001703               7
   4.90001726               7
   4.91001749               7
   4.92001772               7
   4.93001795               7
   4.94001818               7
   4.95001841               7
   4.96001863               6
   4.97001886               6
   4.98001909               6
   4.99001932               6
   5.00001955               6
   5.01001978               6
   5.02002001               6
   5.03002024               6
   5.04002047               6
   5.05002069               6
   5.06002092               6
   5.07002115               6
   5.08002138               6
   5.09002161               6
   5.10002184               5
   5.11002207               5
   5.12002230               5
   5.13002253               5
   5.14002275               5
   5.15002298               5
   5.16002321               5
   5.17002344               5
   5.18002367               5
   5.19002390               5
   5.20002413               5
   5.21002436               5
   5.22002459               5
   5.23002481               5
   5.24002504               5
   5.25002527               5
   5.26002550               5
   5.27002573               5
   5.28002596               5
   5.29002619               5
   5.30002642               5
   5.31002665               5
   5.32002687               5
   5.33002710               5
   5.34002733               5
   5.35002756               5
   5.36002779               5
   5.37002802               5
   5.38002825               5
   5.39002848               5
   5.40002871               5
   5.41002893               5
   5.42002916               5
   5.43002939               5
   5.44002962               5
   5.45002985               5
   5.46003008               5
   5.47003031               5
   5.48003054               5
   5.49003077               5
   5.50003099               5
   5.51003122               5
   5.52003145               5
   5.53003168               5
   5.54003191               5
   5.55003214               5
   5.56003237               5
   5.57003260               5
   5.58003283               4
   5.59003305               4
   5.60003328               4
   5.61003351               4
   5.62003374               4
   5.63003397               4
   5.64003420               4
   5.65003443               4
   5.66003466               4
   5.67003489               3
   5.68003511               3
   5.69003534               3
   5.70003557               3
   5.71003580               3
   5.72003603               3
   5.73003626               3
   5.74003649               3
   5.75003672               3
   5.76003695               3
   5.77003717               3
   5.78003740               3
   5.79003763               3
   5.80003786               3
   5.81003809               3
   5.82003832               3
   5.83003855               3
   5.84003878               3
   5.85003901               3
   5.86003923               3
   5.87003946               3
   5.88003969               3
   5.89003992               3
   5.90004015               3
   5.91004038               3
   5.92004061               3
   5.93004084               3
   5.94004107               3
   5.95004129               3
   5.96004152               3
   5.97004175               3
   5.98004198               3
   5.99004221               3
   6.00004244               3
   6.01004267               3
   6.02004290               3
   6.03004313               3
   6.04004335               3
   6.05004358               3
   6.06004381               3
   6.07004404               3
   6.08004427               3
   6.09004450               3
   6.10004473               3
   6.11004496               3
   6.12004519               3
   6.13004541               3
   6.14004564               3
   6.15004587               3
   6.16004610               3
   6.17004633               3
   6.18004656               3
   6.19004679               3
   6.20004702               3
   6.21004725               3
   6.22004747               3
   6.23004770               3
   6.24004793               3
   6.25004816               3
   6.26004839               3
   6.27004862               3
   6.28004885               3
   6.29004908               3
   6.30004930               3
   6.31004953               3
   6.32004976               3
   6.33004999               3
   6.34005022               3
   6.35005045               3
   6.36005068               3
   6.37005091               3
   6.38005114               3
   6.39005136               3
   6.40005159               3
   6.41005182               3
   6.42005205               3
   6.43005228               3
   6.44005251               3
   6.45005274               3
   6.46005297               3
   6.47005320               3
   6.48005342               3
   6.49005365               3
   6.50005388               3
   6.51005411               3
   6.52005434               3
   6.53005457               3
   6.54005480               3
   6.55005503               3
   6.56005526               3
   6.57005548               3
   6.58005571               3
   6.59005594               3
   6.60005617               3
   6.61005640               3
   6.62005663               3
   6.63005686               3
   6.64005709               3
   6.65005732               3
   6.66005754               3
   6.67005777               3
   6.68005800               3
   6.69005823               3
   6.70005846               3
   6.71005869               3
   6.72005892               3
   6.73005915               3
   6.74005938               3
   6.75005960               3
   6.76005983               3
   6.77006006               3
   6.78006029               3
   6.79006052               3
   6.80006075               3
   6.81006098               3
   6.82006121               3
   6.83006144               3
   6.84006166               3
   6.85006189               3
   6.86006212               3
   6.87006235               3
   6.88006258               3
   6.89006281               3
   6.90006304               3
   6.91006327               3
   6.92006350               3
   6.93006372               3
   6.94006395               3
   6.95006418               3
   6.96006441               3
   6.97006464               3
   6.98006487               3
   6.99006510               3
   7.00006533               3
   7.01006556               3
   7.02006578               3
   7.03006601               3
   7.04006624               3
   7.05006647               3
   7.06006670               3
   7.07006693               3
   7.08006716               3
   7.09006739               3
   7.10006762               3
   7.11006784               3
   7.12006807               3
   7.13006830               3
   7.14006853               3
   7.15006876               3
   7.16006899               3
   7.17006922               3
   7.18006945               3
   7.19006968               3
   7.20006990               3
   7.21007013               3
   7.22007036               3
   7.23007059               3
   7.24007082               3
   7.25007105               3
   7.26007128               3
   7.27007151               3
   7.28007174               3
   7.29007196               3
   7.30007219               3
   7.31007242               3
   7.32007265               3
   7.33007288               3
   7.34007311               3
   7.35007334               3
   7.36007357               2
   7.37007380               2
   7.38007402               2
   7.39007425               2
   7.40007448               2
   7.41007471               2
   7.42007494               2
   7.43007517               2
   7.44007540               2
   7.45007563               2
   7.46007586               2
   7.47007608               2
   7.48007631               2
   7.49007654               2
   7.50007677               2
   7.51007700               2
   7.52007723               2
   7.53007746               2
   7.54007769               2
   7.55007792               2
   7.56007814               2
   7.57007837               2
   7.58007860               2
   7.59007883               2
   7.60007906               2
   7.61007929               2
   7.62007952               2
   7.63007975               2
   7.64007998               2
   7.65008020               2
   7.66008043               2
   7.67008066               2
   7.68008089               2
   7.69008112               2
   7.70008135               2
   7.71008158               2
   7.72008181               2
   7.73008204               2
   7.74008226               2
   7.75008249               2
   7.76008272               2
   7.77008295               2
   7.78008318               2
   7.79008341               2
   7.80008364               2
   7.81008387               2
   7.82008410               2
   7.83008432               2
   7.84008455               2
   7.85008478               2
   7.86008501               2
   7.87008524               2
   7.88008547               2
   7.89008570               2
   7.90008593               2
   7.91008615               2
   7.92008638               2
   7.93008661               2
   7.94008684               2
   7.95008707               2
   7.96008730               2
   7.97008753               2
   7.98008776               2
   7.99008799               2
   8.00008774               2
