   0.00000000             991
   9.99999978E-03         984
   1.99999996E-02         976
   2.99999993E-02         964
   3.99999991E-02         957
   4.99999970E-02         947
   5.99999949E-02         938
   6.99999928E-02         925
   7.99999908E-02         919
   8.99999887E-02         911
   9.99999866E-02         899
  0.109999985             894
  0.119999982             881
  0.129999980             869
  0.139999986             853
  0.149999991             841
  0.159999996             835
  0.170000002             829
  0.180000007             817
  0.190000013             812
  0.200000018             806
  0.210000023             802
  0.220000029             794
  0.230000034             786
  0.240000039             780
  0.250000030             770
  0.260000020             764
  0.270000011             755
  0.280000001             743
  0.289999992             737
  0.299999982             730
  0.309999973             717
  0.319999963             712
  0.329999954             708
  0.339999944             701
  0.349999934             694
  0.359999925             691
  0.369999915             679
  0.379999906             672
  0.389999896             667
  0.399999887             661
  0.409999877             652
  0.419999868             648
  0.429999858             639
  0.439999849             632
  0.449999839             625
  0.459999830             623
  0.469999820             618
  0.479999810             612
  0.489999801             605
  0.499999791             593
  0.509999812             583
  0.519999802             576
  0.529999793             575
  0.539999783             568
  0.549999774             558
  0.559999764             556
  0.569999754             551
  0.579999745             544
  0.589999735             541
  0.599999726             533
  0.609999716             527
  0.619999707             523
  0.629999697             518
  0.639999688             514
  0.649999678             505
  0.659999669             498
  0.669999659             495
  0.679999650             491
  0.689999640             484
  0.699999630             479
  0.709999621             473
  0.719999611             465
  0.729999602             461
  0.739999592             460
  0.749999583             456
  0.759999573             450
  0.769999564             449
  0.779999554             444
  0.789999545             439
  0.799999535             435
  0.809999526             429
  0.819999516             423
  0.829999506             419
  0.839999497             415
  0.849999487             414
  0.859999478             406
  0.869999468             404
  0.879999459             399
  0.889999449             395
  0.899999440             392
  0.909999430             391
  0.919999421             389
  0.929999411             387
  0.939999402             382
  0.949999392             374
  0.959999382             368
  0.969999373             365
  0.979999363             361
  0.989999354             358
  0.999999344             355
   1.00999939             354
   1.01999938             350
   1.02999938             344
   1.03999937             341
   1.04999936             338
   1.05999935             336
   1.06999934             334
   1.07999933             333
   1.08999932             331
   1.09999931             327
   1.10999930             324
   1.11999929             321
   1.12999928             320
   1.13999927             317
   1.14999926             312
   1.15999925             307
   1.16999924             304
   1.17999923             302
   1.18999922             295
   1.19999921             290
   1.20999920             289
   1.21999919             288
   1.22999918             287
   1.23999918             280
   1.24999917             276
   1.25999916             273
   1.26999915             270
   1.27999914             268
   1.28999913             266
   1.29999912             262
   1.30999911             260
   1.31999910             256
   1.32999909             250
   1.33999908             247
   1.34999907             247
   1.35999906             245
   1.36999905             244
   1.37999904             242
   1.38999903             240
   1.39999902             240
   1.40999901             238
   1.41999900             237
   1.42999899             236
   1.43999898             235
   1.44999897             233
   1.45999897             229
   1.46999896             227
   1.47999895             224
   1.48999894             223
   1.49999893             221
   1.50999892             220
   1.51999891             219
   1.52999890             216
   1.53999889             216
   1.54999888             216
   1.55999887             209
   1.56999886             202
   1.57999885             201
   1.58999884             199
   1.59999883             197
   1.60999882             195
   1.61999881             192
   1.62999880             190
   1.63999879             189
   1.64999878             188
   1.65999877             185
   1.66999876             181
   1.67999876             179
   1.68999875             177
   1.69999874             176
   1.70999873             175
   1.71999872             174
   1.72999871             171
   1.73999870             168
   1.74999869             164
   1.75999868             160
   1.76999867             159
   1.77999866             157
   1.78999865             157
   1.79999864             156
   1.80999863             154
   1.81999862             154
   1.82999861             154
   1.83999860             152
   1.84999859             150
   1.85999858             148
   1.86999857             147
   1.87999856             146
   1.88999856             146
   1.89999855             145
   1.90999854             145
   1.91999853             144
   1.92999852             143
   1.93999851             141
   1.94999850             138
   1.95999849             137
   1.96999848             136
   1.97999847             135
   1.98999846             135
   1.99999845             135
   2.00999856             135
   2.01999855             133
   2.02999854             131
   2.03999853             129
   2.04999852             128
   2.05999851             126
   2.06999850             124
   2.07999849             123
   2.08999848             121
   2.09999847             118
   2.10999846             118
   2.11999846             115
   2.12999845             111
   2.13999844             110
   2.14999843             109
   2.15999842             107
   2.16999841             105
   2.17999840             105
   2.18999839             102
   2.19999838             102
   2.20999837             101
   2.21999836             100
   2.22999835              99
   2.23999834              98
   2.24999833              97
   2.25999832              96
   2.26999831              96
   2.27999830              93
   2.28999829              93
   2.29999828              91
   2.30999827              91
   2.31999826              91
   2.32999825              90
   2.33999825              88
   2.34999824              87
   2.35999823              85
   2.36999822              84
   2.37999821              82
   2.38999820              81
   2.39999819              80
   2.40999818              80
   2.41999817              79
   2.42999816              79
   2.43999815              78
   2.44999814              78
   2.45999813              78
   2.46999812              78
   2.47999811              77
   2.48999810              75
   2.49999809              75
   2.50999808              74
   2.51999807              73
   2.52999806              72
   2.53999805              72
   2.54999804              72
   2.55999804              70
   2.56999803              70
   2.57999802              70
   2.58999801              70
   2.59999800              69
   2.60999799              68
   2.61999798              68
   2.62999797              68
   2.63999796              68
   2.64999795              68
   2.65999794              67
   2.66999793              66
   2.67999792              65
   2.68999791              65
   2.69999790              65
   2.70999789              64
   2.71999788              62
   2.72999787              61
   2.73999786              61
   2.74999785              61
   2.75999784              61
   2.76999784              61
   2.77999783              60
   2.78999782              60
   2.79999781              60
   2.80999780              59
   2.81999779              57
   2.82999778              57
   2.83999777              57
   2.84999776              56
   2.85999775              54
   2.86999774              54
   2.87999773              54
   2.88999772              54
   2.89999771              54
   2.90999770              53
   2.91999769              53
   2.92999768              53
   2.93999767              52
   2.94999766              50
   2.95999765              49
   2.96999764              49
   2.97999763              48
   2.98999763              47
   2.99999762              47
   3.00999761              47
   3.01999760              47
   3.02999759              47
   3.03999758              47
   3.04999757              47
   3.05999756              47
   3.06999755              47
   3.07999754              46
   3.08999753              46
   3.09999752              46
   3.10999751              44
   3.11999750              44
   3.12999749              43
   3.13999748              43
   3.14999747              43
   3.15999746              42
   3.16999745              42
   3.17999744              42
   3.18999743              42
   3.19999743              41
   3.20999742              40
   3.21999741              39
   3.22999740              39
   3.23999739              39
   3.24999738              39
   3.25999737              39
   3.26999736              39
   3.27999735              39
   3.28999734              37
   3.29999733              37
   3.30999732              37
   3.31999731              36
   3.32999730              36
   3.33999729              36
   3.34999728              36
   3.35999727              36
   3.36999726              35
   3.37999725              35
   3.38999724              35
   3.39999723              34
   3.40999722              34
   3.41999722              34
   3.42999721              33
   3.43999720              33
   3.44999719              33
   3.45999718              33
   3.46999717              33
   3.47999716              32
   3.48999715              31
   3.49999714              30
   3.50999713              30
   3.51999712              30
   3.52999711              29
   3.53999710              29
   3.54999709              29
   3.55999708              28
   3.56999707              27
   3.57999706              27
   3.58999705              27
   3.59999704              27
   3.60999703              27
   3.61999702              27
   3.62999701              27
   3.63999701              27
   3.64999700              27
   3.65999699              27
   3.66999698              27
   3.67999697              27
   3.68999696              27
   3.69999695              27
   3.70999694              27
   3.71999693              26
   3.72999692              26
   3.73999691              26
   3.74999690              26
   3.75999689              26
   3.76999688              25
   3.77999687              25
   3.78999686              24
   3.79999685              24
   3.80999684              24
   3.81999683              24
   3.82999682              24
   3.83999681              24
   3.84999681              24
   3.85999680              24
   3.86999679              24
   3.87999678              24
   3.88999677              24
   3.89999676              24
   3.90999675              24
   3.91999674              24
   3.92999673              24
   3.93999672              24
   3.94999671              24
   3.95999670              24
   3.96999669              24
   3.97999668              24
   3.98999667              24
   3.99999666              24
   4.00999689              24
   4.01999712              23
   4.02999735              23
   4.03999758              23
   4.04999781              23
   4.05999804              22
   4.06999826              22
   4.07999849              22
   4.08999872              22
   4.09999895              22
   4.10999918              22
   4.11999941              21
   4.12999964              21
   4.13999987              21
   4.15000010              21
   4.16000032              21
   4.17000055              21
   4.18000078              20
   4.19000101              20
   4.20000124              20
   4.21000147              20
   4.22000170              20
   4.23000193              20
   4.24000216              20
   4.25000238              20
   4.26000261              20
   4.27000284              20
   4.28000307              20
   4.29000330              20
   4.30000353              20
   4.31000376              20
   4.32000399              20
   4.33000422              20
   4.34000444              20
   4.35000467              20
   4.36000490              20
   4.37000513              20
   4.38000536              20
   4.39000559              20
   4.40000582              20
   4.41000605              20
   4.42000628              20
   4.43000650              20
   4.44000673              19
   4.45000696              19
   4.46000719              19
   4.47000742              19
   4.48000765              19
   4.49000788              19
   4.50000811              19
   4.51000834              18
   4.52000856              17
   4.53000879              17
   4.54000902              17
   4.55000925              17
   4.56000948              17
   4.57000971              17
   4.58000994              17
   4.59001017              17
   4.60001040              17
   4.61001062              17
   4.62001085              17
   4.63001108              17
   4.64001131              17
   4.65001154              17
   4.66001177              17
   4.67001200              17
   4.68001223              17
   4.69001245              17
   4.70001268              16
   4.71001291              16
   4.72001314              16
   4.73001337              16
   4.74001360              16
   4.75001383              15
   4.76001406              15
   4.77001429              15
   4.78001451              15
   4.79001474              15
   4.80001497              14
   4.81001520              14
   4.82001543              14
   4.83001566              13
   4.84001589              13
   4.85001612              13
   4.86001635              13
   4.87001657              13
   4.88001680              13
   4.89001703              13
   4.90001726              13
   4.91001749              13
   4.92001772              13
   4.93001795              13
   4.94001818              13
   4.95001841              12
   4.96001863              12
   4.97001886              12
   4.98001909              12
   4.99001932              12
   5.00001955              12
   5.01001978              12
   5.02002001              12
   5.03002024              12
   5.04002047              12
   5.05002069              12
   5.06002092              12
   5.07002115              12
   5.08002138              11
   5.09002161              11
   5.10002184              11
   5.11002207              10
   5.12002230              10
   5.13002253              10
   5.14002275              10
   5.15002298              10
   5.16002321              10
   5.17002344              10
   5.18002367              10
   5.19002390              10
   5.20002413              10
   5.21002436              10
   5.22002459              10
   5.23002481              10
   5.24002504              10
   5.25002527               9
   5.26002550               9
   5.27002573               9
   5.28002596               9
   5.29002619               9
   5.30002642               9
   5.31002665               9
   5.32002687               9
   5.33002710               9
   5.34002733               8
   5.35002756               8
   5.36002779               8
   5.37002802               8
   5.38002825               8
   5.39002848               8
   5.40002871               8
   5.41002893               8
   5.42002916               8
   5.43002939               8
   5.44002962               8
   5.45002985               8
   5.46003008               8
   5.47003031               8
   5.48003054               7
   5.49003077               7
   5.50003099               7
   5.51003122               7
   5.52003145               7
   5.53003168               7
   5.54003191               7
   5.55003214               7
   5.56003237               7
   5.57003260               7
   5.58003283               7
   5.59003305               7
   5.60003328               7
   5.61003351               7
   5.62003374               7
   5.63003397               7
   5.64003420               7
   5.65003443               7
   5.66003466               7
   5.67003489               7
   5.68003511               7
   5.69003534               7
   5.70003557               7
   5.71003580               7
   5.72003603               7
   5.73003626               6
   5.74003649               6
   5.75003672               6
   5.76003695               6
   5.77003717               6
   5.78003740               6
   5.79003763               6
   5.80003786               6
   5.81003809               5
   5.82003832               5
   5.83003855               5
   5.84003878               5
   5.85003901               5
   5.86003923               5
   5.87003946               5
   5.88003969               5
   5.89003992               5
   5.90004015               5
   5.91004038               5
   5.92004061               5
   5.93004084               5
   5.94004107               5
   5.95004129               4
   5.96004152               4
   5.97004175               4
   5.98004198               4
   5.99004221               4
   6.00004244               4
   6.01004267               4
   6.02004290               4
   6.03004313               4
   6.04004335               4
   6.05004358               4
   6.06004381               4
   6.07004404               4
   6.08004427               4
   6.09004450               4
   6.10004473               4
   6.11004496               4
   6.12004519               4
   6.13004541               4
   6.14004564               4
   6.15004587               4
   6.16004610               4
   6.17004633               4
   6.18004656               4
   6.19004679               4
   6.20004702               4
   6.21004725               4
   6.22004747               4
   6.23004770               4
   6.24004793               4
   6.25004816               4
   6.26004839               4
   6.27004862               4
   6.28004885               4
   6.29004908               4
   6.30004930               4
   6.31004953               4
   6.32004976               4
   6.33004999               4
   6.34005022               4
   6.35005045               4
   6.36005068               4
   6.37005091               4
   6.38005114               4
   6.39005136               4
   6.40005159               4
   6.41005182               4
   6.42005205               3
   6.43005228               3
   6.44005251               3
   6.45005274               3
   6.46005297               3
   6.47005320               3
   6.48005342               3
   6.49005365               3
   6.50005388               3
   6.51005411               3
   6.52005434               3
   6.53005457               3
   6.54005480               3
   6.55005503               3
   6.56005526               3
   6.57005548               3
   6.58005571               2
   6.59005594               2
   6.60005617               2
   6.61005640               2
   6.62005663               2
   6.63005686               2
   6.64005709               2
   6.65005732               2
   6.66005754               2
   6.67005777               2
   6.68005800               2
   6.69005823               2
   6.70005846               2
   6.71005869               2
   6.72005892               2
   6.73005915               2
   6.74005938               2
   6.75005960               2
   6.76005983               2
   6.77006006               2
   6.78006029               2
   6.79006052               2
   6.80006075               2
   6.81006098               2
   6.82006121               2
   6.83006144               2
   6.84006166               2
   6.85006189               2
   6.86006212               2
   6.87006235               2
   6.88006258               2
   6.89006281               2
   6.90006304               2
   6.91006327               2
   6.92006350               2
   6.93006372               2
   6.94006395               2
   6.95006418               2
   6.96006441               2
   6.97006464               2
   6.98006487               2
   6.99006510               2
   7.00006533               2
   7.01006556               2
   7.02006578               2
   7.03006601               2
   7.04006624               2
   7.05006647               2
   7.06006670               2
   7.07006693               2
   7.08006716               2
   7.09006739               2
   7.10006762               2
   7.11006784               2
   7.12006807               1
   7.13006830               1
   7.14006853               1
   7.15006876               1
   7.16006899               1
   7.17006922               1
   7.18006945               1
   7.19006968               1
   7.20006990               1
   7.21007013               1
   7.22007036               1
   7.23007059               1
   7.24007082               1
   7.25007105               1
   7.26007128               1
   7.27007151               1
   7.28007174               1
   7.29007196               1
   7.30007219               1
   7.31007242               1
   7.32007265               1
   7.33007288               1
   7.34007311               1
   7.35007334               1
   7.36007357               1
   7.37007380               1
   7.38007402               1
   7.39007425               1
   7.40007448               1
   7.41007471               1
   7.42007494               1
   7.43007517               1
   7.44007540               1
   7.45007563               1
   7.46007586               1
   7.47007608               1
   7.48007631               1
   7.49007654               1
   7.50007677               1
   7.51007700               1
   7.52007723               1
   7.53007746               1
   7.54007769               1
   7.55007792               1
   7.56007814               1
   7.57007837               1
   7.58007860               1
   7.59007883               1
   7.60007906               1
   7.61007929               1
   7.62007952               1
   7.63007975               1
   7.64007998               1
   7.65008020               1
   7.66008043               1
   7.67008066               1
   7.68008089               1
   7.69008112               1
   7.70008135               1
   7.71008158               1
   7.72008181               1
   7.73008204               1
   7.74008226               1
   7.75008249               0
   7.76008272               0
   7.77008295               0
   7.78008318               0
   7.79008341               0
   7.80008364               0
   7.81008387               0
   7.82008410               0
   7.83008432               0
   7.84008455               0
   7.85008478               0
   7.86008501               0
   7.87008524               0
   7.88008547               0
   7.89008570               0
   7.90008593               0
   7.91008615               0
   7.92008638               0
   7.93008661               0
   7.94008684               0
   7.95008707               0
   7.96008730               0
   7.97008753               0
   7.98008776               0
   7.99008799               0
   8.00008774               0
