   0.00000000             993
   9.99999978E-03         981
   1.99999996E-02         973
   2.99999993E-02         963
   3.99999991E-02         952
   4.99999970E-02         943
   5.99999949E-02         938
   6.99999928E-02         925
   7.99999908E-02         912
   8.99999887E-02         905
   9.99999866E-02         892
  0.109999985             883
  0.119999982             877
  0.129999980             866
  0.139999986             854
  0.149999991             847
  0.159999996             835
  0.170000002             824
  0.180000007             819
  0.190000013             810
  0.200000018             802
  0.210000023             796
  0.220000029             788
  0.230000034             779
  0.240000039             767
  0.250000030             758
  0.260000020             750
  0.270000011             744
  0.280000001             736
  0.289999992             728
  0.299999982             720
  0.309999973             713
  0.319999963             708
  0.329999954             701
  0.339999944             695
  0.349999934             690
  0.359999925             684
  0.369999915             681
  0.379999906             673
  0.389999896             666
  0.399999887             660
  0.409999877             655
  0.419999868             643
  0.429999858             636
  0.439999849             629
  0.449999839             622
  0.459999830             616
  0.469999820             605
  0.479999810             595
  0.489999801             594
  0.499999791             590
  0.509999812             585
  0.519999802             576
  0.529999793             571
  0.539999783             560
  0.549999774             554
  0.559999764             544
  0.569999754             540
  0.579999745             536
  0.589999735             527
  0.599999726             521
  0.609999716             518
  0.619999707             513
  0.629999697             511
  0.639999688             504
  0.649999678             498
  0.659999669             495
  0.669999659             491
  0.679999650             484
  0.689999640             483
  0.699999630             480
  0.709999621             474
  0.719999611             470
  0.729999602             466
  0.739999592             465
  0.749999583             463
  0.759999573             461
  0.769999564             458
  0.779999554             451
  0.789999545             447
  0.799999535             445
  0.809999526             440
  0.819999516             436
  0.829999506             433
  0.839999497             428
  0.849999487             426
  0.859999478             421
  0.869999468             416
  0.879999459             410
  0.889999449             407
  0.899999440             401
  0.909999430             399
  0.919999421             395
  0.929999411             390
  0.939999402             386
  0.949999392             384
  0.959999382             383
  0.969999373             381
  0.979999363             376
  0.989999354             371
  0.999999344             368
   1.00999939             363
   1.01999938             360
   1.02999938             351
   1.03999937             346
   1.04999936             343
   1.05999935             337
   1.06999934             333
   1.07999933             329
   1.08999932             327
   1.09999931             327
   1.10999930             323
   1.11999929             322
   1.12999928             319
   1.13999927             316
   1.14999926             315
   1.15999925             313
   1.16999924             308
   1.17999923             308
   1.18999922             304
   1.19999921             302
   1.20999920             301
   1.21999919             297
   1.22999918             297
   1.23999918             293
   1.24999917             290
   1.25999916             289
   1.26999915             287
   1.27999914             283
   1.28999913             280
   1.29999912             280
   1.30999911             278
   1.31999910             277
   1.32999909             277
   1.33999908             272
   1.34999907             265
   1.35999906             265
   1.36999905             261
   1.37999904             258
   1.38999903             257
   1.39999902             256
   1.40999901             251
   1.41999900             246
   1.42999899             245
   1.43999898             244
   1.44999897             239
   1.45999897             238
   1.46999896             234
   1.47999895             231
   1.48999894             229
   1.49999893             227
   1.50999892             225
   1.51999891             222
   1.52999890             220
   1.53999889             220
   1.54999888             217
   1.55999887             213
   1.56999886             212
   1.57999885             210
   1.58999884             208
   1.59999883             206
   1.60999882             203
   1.61999881             200
   1.62999880             196
   1.63999879             194
   1.64999878             192
   1.65999877             191
   1.66999876             186
   1.67999876             185
   1.68999875             185
   1.69999874             182
   1.70999873             180
   1.71999872             177
   1.72999871             177
   1.73999870             175
   1.74999869             172
   1.75999868             172
   1.76999867             171
   1.77999866             170
   1.78999865             169
   1.79999864             167
   1.80999863             165
   1.81999862             162
   1.82999861             161
   1.83999860             161
   1.84999859             161
   1.85999858             160
   1.86999857             159
   1.87999856             158
   1.88999856             156
   1.89999855             156
   1.90999854             153
   1.91999853             151
   1.92999852             150
   1.93999851             149
   1.94999850             145
   1.95999849             145
   1.96999848             145
   1.97999847             144
   1.98999846             143
   1.99999845             143
   2.00999856             142
   2.01999855             141
   2.02999854             141
   2.03999853             138
   2.04999852             138
   2.05999851             135
   2.06999850             134
   2.07999849             130
   2.08999848             127
   2.09999847             126
   2.10999846             122
   2.11999846             120
   2.12999845             120
   2.13999844             120
   2.14999843             119
   2.15999842             118
   2.16999841             118
   2.17999840             117
   2.18999839             116
   2.19999838             115
   2.20999837             113
   2.21999836             113
   2.22999835             112
   2.23999834             111
   2.24999833             109
   2.25999832             108
   2.26999831             105
   2.27999830             103
   2.28999829             102
   2.29999828             100
   2.30999827             100
   2.31999826              99
   2.32999825              97
   2.33999825              97
   2.34999824              96
   2.35999823              94
   2.36999822              93
   2.37999821              90
   2.38999820              89
   2.39999819              88
   2.40999818              86
   2.41999817              84
   2.42999816              84
   2.43999815              84
   2.44999814              84
   2.45999813              81
   2.46999812              79
   2.47999811              78
   2.48999810              78
   2.49999809              78
   2.50999808              78
   2.51999807              77
   2.52999806              77
   2.53999805              77
   2.54999804              74
   2.55999804              74
   2.56999803              73
   2.57999802              73
   2.58999801              73
   2.59999800              73
   2.60999799              73
   2.61999798              72
   2.62999797              72
   2.63999796              72
   2.64999795              72
   2.65999794              72
   2.66999793              71
   2.67999792              69
   2.68999791              69
   2.69999790              69
   2.70999789              67
   2.71999788              66
   2.72999787              65
   2.73999786              63
   2.74999785              63
   2.75999784              63
   2.76999784              62
   2.77999783              61
   2.78999782              59
   2.79999781              57
   2.80999780              57
   2.81999779              57
   2.82999778              57
   2.83999777              56
   2.84999776              56
   2.85999775              56
   2.86999774              55
   2.87999773              55
   2.88999772              54
   2.89999771              53
   2.90999770              52
   2.91999769              50
   2.92999768              49
   2.93999767              48
   2.94999766              48
   2.95999765              48
   2.96999764              48
   2.97999763              47
   2.98999763              47
   2.99999762              46
   3.00999761              46
   3.01999760              44
   3.02999759              44
   3.03999758              43
   3.04999757              43
   3.05999756              43
   3.06999755              43
   3.07999754              43
   3.08999753              43
   3.09999752              43
   3.10999751              43
   3.11999750              43
   3.12999749              43
   3.13999748              42
   3.14999747              42
   3.15999746              42
   3.16999745              42
   3.17999744              42
   3.18999743              42
   3.19999743              42
   3.20999742              41
   3.21999741              41
   3.22999740              41
   3.23999739              41
   3.24999738              41
   3.25999737              40
   3.26999736              40
   3.27999735              40
   3.28999734              40
   3.29999733              40
   3.30999732              39
   3.31999731              38
   3.32999730              37
   3.33999729              37
   3.34999728              37
   3.35999727              37
   3.36999726              37
   3.37999725              37
   3.38999724              36
   3.39999723              34
   3.40999722              34
   3.41999722              34
   3.42999721              34
   3.43999720              33
   3.44999719              33
   3.45999718              33
   3.46999717              32
   3.47999716              32
   3.48999715              31
   3.49999714              31
   3.50999713              31
   3.51999712              31
   3.52999711              31
   3.53999710              31
   3.54999709              31
   3.55999708              31
   3.56999707              31
   3.57999706              31
   3.58999705              31
   3.59999704              30
   3.60999703              29
   3.61999702              28
   3.62999701              28
   3.63999701              28
   3.64999700              28
   3.65999699              28
   3.66999698              27
   3.67999697              27
   3.68999696              27
   3.69999695              26
   3.70999694              25
   3.71999693              25
   3.72999692              25
   3.73999691              25
   3.74999690              25
   3.75999689              25
   3.76999688              25
   3.77999687              25
   3.78999686              25
   3.79999685              25
   3.80999684              24
   3.81999683              24
   3.82999682              24
   3.83999681              24
   3.84999681              24
   3.85999680              23
   3.86999679              23
   3.87999678              22
   3.88999677              22
   3.89999676              22
   3.90999675              22
   3.91999674              22
   3.92999673              21
   3.93999672              21
   3.94999671              19
   3.95999670              19
   3.96999669              19
   3.97999668              19
   3.98999667              19
   3.99999666              19
   4.00999689              19
   4.01999712              19
   4.02999735              18
   4.03999758              18
   4.04999781              18
   4.05999804              18
   4.06999826              18
   4.07999849              18
   4.08999872              17
   4.09999895              17
   4.10999918              17
   4.11999941              17
   4.12999964              17
   4.13999987              17
   4.15000010              17
   4.16000032              17
   4.17000055              16
   4.18000078              16
   4.19000101              16
   4.20000124              16
   4.21000147              16
   4.22000170              16
   4.23000193              16
   4.24000216              16
   4.25000238              16
   4.26000261              15
   4.27000284              15
   4.28000307              15
   4.29000330              15
   4.30000353              15
   4.31000376              15
   4.32000399              14
   4.33000422              14
   4.34000444              14
   4.35000467              14
   4.36000490              14
   4.37000513              14
   4.38000536              14
   4.39000559              14
   4.40000582              14
   4.41000605              14
   4.42000628              14
   4.43000650              14
   4.44000673              14
   4.45000696              14
   4.46000719              14
   4.47000742              14
   4.48000765              14
   4.49000788              14
   4.50000811              13
   4.51000834              13
   4.52000856              13
   4.53000879              13
   4.54000902              12
   4.55000925              12
   4.56000948              12
   4.57000971              12
   4.58000994              12
   4.59001017              12
   4.60001040              12
   4.61001062              12
   4.62001085              12
   4.63001108              12
   4.64001131              12
   4.65001154              12
   4.66001177              12
   4.67001200              11
   4.68001223              11
   4.69001245              11
   4.70001268              11
   4.71001291              11
   4.72001314              11
   4.73001337              11
   4.74001360              11
   4.75001383              11
   4.76001406              11
   4.77001429              11
   4.78001451              10
   4.79001474              10
   4.80001497               9
   4.81001520               8
   4.82001543               8
   4.83001566               8
   4.84001589               8
   4.85001612               7
   4.86001635               7
   4.87001657               7
   4.88001680               7
   4.89001703               7
   4.90001726               7
   4.91001749               7
   4.92001772               7
   4.93001795               7
   4.94001818               7
   4.95001841               7
   4.96001863               7
   4.97001886               7
   4.98001909               7
   4.99001932               7
   5.00001955               7
   5.01001978               7
   5.02002001               7
   5.03002024               7
   5.04002047               7
   5.05002069               7
   5.06002092               7
   5.07002115               7
   5.08002138               7
   5.09002161               6
   5.10002184               6
   5.11002207               6
   5.12002230               6
   5.13002253               6
   5.14002275               6
   5.15002298               5
   5.16002321               5
   5.17002344               5
   5.18002367               5
   5.19002390               5
   5.20002413               5
   5.21002436               5
   5.22002459               5
   5.23002481               5
   5.24002504               5
   5.25002527               5
   5.26002550               5
   5.27002573               5
   5.28002596               5
   5.29002619               5
   5.30002642               5
   5.31002665               5
   5.32002687               4
   5.33002710               4
   5.34002733               4
   5.35002756               4
   5.36002779               4
   5.37002802               4
   5.38002825               4
   5.39002848               4
   5.40002871               4
   5.41002893               4
   5.42002916               4
   5.43002939               4
   5.44002962               4
   5.45002985               4
   5.46003008               4
   5.47003031               4
   5.48003054               4
   5.49003077               4
   5.50003099               4
   5.51003122               4
   5.52003145               4
   5.53003168               4
   5.54003191               4
   5.55003214               4
   5.56003237               4
   5.57003260               4
   5.58003283               4
   5.59003305               4
   5.60003328               4
   5.61003351               4
   5.62003374               4
   5.63003397               4
   5.64003420               4
   5.65003443               4
   5.66003466               4
   5.67003489               4
   5.68003511               4
   5.69003534               4
   5.70003557               4
   5.71003580               4
   5.72003603               4
   5.73003626               4
   5.74003649               4
   5.75003672               4
   5.76003695               4
   5.77003717               4
   5.78003740               4
   5.79003763               4
   5.80003786               4
   5.81003809               4
   5.82003832               4
   5.83003855               4
   5.84003878               4
   5.85003901               4
   5.86003923               4
   5.87003946               4
   5.88003969               4
   5.89003992               3
   5.90004015               3
   5.91004038               2
   5.92004061               2
   5.93004084               2
   5.94004107               2
   5.95004129               2
   5.96004152               1
   5.97004175               1
   5.98004198               1
   5.99004221               1
   6.00004244               1
   6.01004267               1
   6.02004290               1
   6.03004313               1
   6.04004335               1
   6.05004358               1
   6.06004381               1
   6.07004404               1
   6.08004427               1
   6.09004450               1
   6.10004473               1
   6.11004496               1
   6.12004519               1
   6.13004541               0
   6.14004564               0
   6.15004587               0
   6.16004610               0
   6.17004633               0
   6.18004656               0
   6.19004679               0
   6.20004702               0
   6.21004725               0
   6.22004747               0
   6.23004770               0
   6.24004793               0
   6.25004816               0
   6.26004839               0
   6.27004862               0
   6.28004885               0
   6.29004908               0
   6.30004930               0
   6.31004953               0
   6.32004976               0
   6.33004999               0
   6.34005022               0
   6.35005045               0
   6.36005068               0
   6.37005091               0
   6.38005114               0
   6.39005136               0
   6.40005159               0
   6.41005182               0
   6.42005205               0
   6.43005228               0
   6.44005251               0
   6.45005274               0
   6.46005297               0
   6.47005320               0
   6.48005342               0
   6.49005365               0
   6.50005388               0
   6.51005411               0
   6.52005434               0
   6.53005457               0
   6.54005480               0
   6.55005503               0
   6.56005526               0
   6.57005548               0
   6.58005571               0
   6.59005594               0
   6.60005617               0
   6.61005640               0
   6.62005663               0
   6.63005686               0
   6.64005709               0
   6.65005732               0
   6.66005754               0
   6.67005777               0
   6.68005800               0
   6.69005823               0
   6.70005846               0
   6.71005869               0
   6.72005892               0
   6.73005915               0
   6.74005938               0
   6.75005960               0
   6.76005983               0
   6.77006006               0
   6.78006029               0
   6.79006052               0
   6.80006075               0
   6.81006098               0
   6.82006121               0
   6.83006144               0
   6.84006166               0
   6.85006189               0
   6.86006212               0
   6.87006235               0
   6.88006258               0
   6.89006281               0
   6.90006304               0
   6.91006327               0
   6.92006350               0
   6.93006372               0
   6.94006395               0
   6.95006418               0
   6.96006441               0
   6.97006464               0
   6.98006487               0
   6.99006510               0
   7.00006533               0
   7.01006556               0
   7.02006578               0
   7.03006601               0
   7.04006624               0
   7.05006647               0
   7.06006670               0
   7.07006693               0
   7.08006716               0
   7.09006739               0
   7.10006762               0
   7.11006784               0
   7.12006807               0
   7.13006830               0
   7.14006853               0
   7.15006876               0
   7.16006899               0
   7.17006922               0
   7.18006945               0
   7.19006968               0
   7.20006990               0
   7.21007013               0
   7.22007036               0
   7.23007059               0
   7.24007082               0
   7.25007105               0
   7.26007128               0
   7.27007151               0
   7.28007174               0
   7.29007196               0
   7.30007219               0
   7.31007242               0
   7.32007265               0
   7.33007288               0
   7.34007311               0
   7.35007334               0
   7.36007357               0
   7.37007380               0
   7.38007402               0
   7.39007425               0
   7.40007448               0
   7.41007471               0
   7.42007494               0
   7.43007517               0
   7.44007540               0
   7.45007563               0
   7.46007586               0
   7.47007608               0
   7.48007631               0
   7.49007654               0
   7.50007677               0
   7.51007700               0
   7.52007723               0
   7.53007746               0
   7.54007769               0
   7.55007792               0
   7.56007814               0
   7.57007837               0
   7.58007860               0
   7.59007883               0
   7.60007906               0
   7.61007929               0
   7.62007952               0
   7.63007975               0
   7.64007998               0
   7.65008020               0
   7.66008043               0
   7.67008066               0
   7.68008089               0
   7.69008112               0
   7.70008135               0
   7.71008158               0
   7.72008181               0
   7.73008204               0
   7.74008226               0
   7.75008249               0
   7.76008272               0
   7.77008295               0
   7.78008318               0
   7.79008341               0
   7.80008364               0
   7.81008387               0
   7.82008410               0
   7.83008432               0
   7.84008455               0
   7.85008478               0
   7.86008501               0
   7.87008524               0
   7.88008547               0
   7.89008570               0
   7.90008593               0
   7.91008615               0
   7.92008638               0
   7.93008661               0
   7.94008684               0
   7.95008707               0
   7.96008730               0
   7.97008753               0
   7.98008776               0
   7.99008799               0
   8.00008774               0
