   0.00000000             993
   9.99999978E-03         981
   1.99999996E-02         970
   2.99999993E-02         962
   3.99999991E-02         950
   4.99999970E-02         943
   5.99999949E-02         927
   6.99999928E-02         911
   7.99999908E-02         895
   8.99999887E-02         887
   9.99999866E-02         878
  0.109999985             865
  0.119999982             857
  0.129999980             847
  0.139999986             841
  0.149999991             829
  0.159999996             826
  0.170000002             819
  0.180000007             815
  0.190000013             807
  0.200000018             803
  0.210000023             794
  0.220000029             791
  0.230000034             785
  0.240000039             776
  0.250000030             767
  0.260000020             759
  0.270000011             749
  0.280000001             741
  0.289999992             736
  0.299999982             726
  0.309999973             719
  0.319999963             707
  0.329999954             700
  0.339999944             695
  0.349999934             686
  0.359999925             672
  0.369999915             669
  0.379999906             662
  0.389999896             654
  0.399999887             643
  0.409999877             636
  0.419999868             633
  0.429999858             626
  0.439999849             619
  0.449999839             609
  0.459999830             607
  0.469999820             603
  0.479999810             596
  0.489999801             592
  0.499999791             584
  0.509999812             575
  0.519999802             568
  0.529999793             559
  0.539999783             554
  0.549999774             549
  0.559999764             542
  0.569999754             535
  0.579999745             530
  0.589999735             526
  0.599999726             521
  0.609999716             516
  0.619999707             510
  0.629999697             502
  0.639999688             499
  0.649999678             493
  0.659999669             490
  0.669999659             485
  0.679999650             482
  0.689999640             474
  0.699999630             468
  0.709999621             465
  0.719999611             462
  0.729999602             456
  0.739999592             450
  0.749999583             447
  0.759999573             444
  0.769999564             438
  0.779999554             436
  0.789999545             429
  0.799999535             426
  0.809999526             426
  0.819999516             423
  0.829999506             421
  0.839999497             414
  0.849999487             409
  0.859999478             404
  0.869999468             401
  0.879999459             395
  0.889999449             390
  0.899999440             386
  0.909999430             386
  0.919999421             382
  0.929999411             379
  0.939999402             376
  0.949999392             374
  0.959999382             371
  0.969999373             367
  0.979999363             364
  0.989999354             364
  0.999999344             361
   1.00999939             358
   1.01999938             358
   1.02999938             354
   1.03999937             350
   1.04999936             347
   1.05999935             340
   1.06999934             336
   1.07999933             335
   1.08999932             329
   1.09999931             325
   1.10999930             322
   1.11999929             318
   1.12999928             313
   1.13999927             309
   1.14999926             307
   1.15999925             305
   1.16999924             303
   1.17999923             300
   1.18999922             297
   1.19999921             296
   1.20999920             291
   1.21999919             288
   1.22999918             287
   1.23999918             286
   1.24999917             284
   1.25999916             281
   1.26999915             280
   1.27999914             278
   1.28999913             275
   1.29999912             271
   1.30999911             266
   1.31999910             260
   1.32999909             258
   1.33999908             255
   1.34999907             254
   1.35999906             251
   1.36999905             251
   1.37999904             249
   1.38999903             245
   1.39999902             242
   1.40999901             239
   1.41999900             238
   1.42999899             233
   1.43999898             231
   1.44999897             230
   1.45999897             230
   1.46999896             229
   1.47999895             224
   1.48999894             222
   1.49999893             219
   1.50999892             214
   1.51999891             211
   1.52999890             208
   1.53999889             207
   1.54999888             206
   1.55999887             204
   1.56999886             203
   1.57999885             202
   1.58999884             202
   1.59999883             199
   1.60999882             198
   1.61999881             195
   1.62999880             193
   1.63999879             192
   1.64999878             191
   1.65999877             189
   1.66999876             188
   1.67999876             185
   1.68999875             184
   1.69999874             183
   1.70999873             181
   1.71999872             180
   1.72999871             177
   1.73999870             176
   1.74999869             175
   1.75999868             174
   1.76999867             173
   1.77999866             172
   1.78999865             171
   1.79999864             168
   1.80999863             167
   1.81999862             165
   1.82999861             164
   1.83999860             163
   1.84999859             162
   1.85999858             159
   1.86999857             159
   1.87999856             155
   1.88999856             154
   1.89999855             152
   1.90999854             152
   1.91999853             152
   1.92999852             152
   1.93999851             151
   1.94999850             148
   1.95999849             147
   1.96999848             147
   1.97999847             144
   1.98999846             142
   1.99999845             142
   2.00999856             141
   2.01999855             140
   2.02999854             140
   2.03999853             138
   2.04999852             133
   2.05999851             128
   2.06999850             127
   2.07999849             126
   2.08999848             123
   2.09999847             123
   2.10999846             121
   2.11999846             120
   2.12999845             116
   2.13999844             116
   2.14999843             111
   2.15999842             109
   2.16999841             109
   2.17999840             109
   2.18999839             108
   2.19999838             107
   2.20999837             107
   2.21999836             106
   2.22999835             105
   2.23999834             104
   2.24999833             103
   2.25999832             101
   2.26999831             101
   2.27999830              99
   2.28999829              98
   2.29999828              97
   2.30999827              96
   2.31999826              96
   2.32999825              94
   2.33999825              93
   2.34999824              89
   2.35999823              89
   2.36999822              89
   2.37999821              89
   2.38999820              89
   2.39999819              87
   2.40999818              87
   2.41999817              87
   2.42999816              85
   2.43999815              85
   2.44999814              85
   2.45999813              84
   2.46999812              83
   2.47999811              81
   2.48999810              80
   2.49999809              80
   2.50999808              80
   2.51999807              79
   2.52999806              79
   2.53999805              79
   2.54999804              79
   2.55999804              79
   2.56999803              77
   2.57999802              74
   2.58999801              74
   2.59999800              73
   2.60999799              72
   2.61999798              71
   2.62999797              69
   2.63999796              68
   2.64999795              68
   2.65999794              66
   2.66999793              66
   2.67999792              65
   2.68999791              64
   2.69999790              64
   2.70999789              64
   2.71999788              63
   2.72999787              63
   2.73999786              63
   2.74999785              61
   2.75999784              60
   2.76999784              60
   2.77999783              60
   2.78999782              60
   2.79999781              60
   2.80999780              60
   2.81999779              58
   2.82999778              56
   2.83999777              53
   2.84999776              53
   2.85999775              53
   2.86999774              52
   2.87999773              52
   2.88999772              52
   2.89999771              52
   2.90999770              52
   2.91999769              52
   2.92999768              52
   2.93999767              52
   2.94999766              51
   2.95999765              51
   2.96999764              51
   2.97999763              50
   2.98999763              49
   2.99999762              48
   3.00999761              48
   3.01999760              47
   3.02999759              46
   3.03999758              46
   3.04999757              46
   3.05999756              46
   3.06999755              46
   3.07999754              46
   3.08999753              46
   3.09999752              45
   3.10999751              45
   3.11999750              45
   3.12999749              44
   3.13999748              42
   3.14999747              42
   3.15999746              42
   3.16999745              42
   3.17999744              42
   3.18999743              42
   3.19999743              40
   3.20999742              39
   3.21999741              39
   3.22999740              38
   3.23999739              38
   3.24999738              38
   3.25999737              38
   3.26999736              37
   3.27999735              37
   3.28999734              36
   3.29999733              36
   3.30999732              36
   3.31999731              36
   3.32999730              36
   3.33999729              36
   3.34999728              36
   3.35999727              36
   3.36999726              36
   3.37999725              36
   3.38999724              36
   3.39999723              35
   3.40999722              35
   3.41999722              35
   3.42999721              35
   3.43999720              35
   3.44999719              35
   3.45999718              35
   3.46999717              34
   3.47999716              34
   3.48999715              33
   3.49999714              33
   3.50999713              32
   3.51999712              31
   3.52999711              30
   3.53999710              30
   3.54999709              30
   3.55999708              30
   3.56999707              30
   3.57999706              30
   3.58999705              30
   3.59999704              28
   3.60999703              28
   3.61999702              27
   3.62999701              27
   3.63999701              27
   3.64999700              27
   3.65999699              27
   3.66999698              27
   3.67999697              27
   3.68999696              27
   3.69999695              27
   3.70999694              27
   3.71999693              26
   3.72999692              26
   3.73999691              25
   3.74999690              25
   3.75999689              25
   3.76999688              25
   3.77999687              25
   3.78999686              25
   3.79999685              25
   3.80999684              25
   3.81999683              25
   3.82999682              24
   3.83999681              24
   3.84999681              24
   3.85999680              24
   3.86999679              24
   3.87999678              24
   3.88999677              24
   3.89999676              24
   3.90999675              24
   3.91999674              24
   3.92999673              24
   3.93999672              24
   3.94999671              24
   3.95999670              23
   3.96999669              23
   3.97999668              23
   3.98999667              23
   3.99999666              23
   4.00999689              22
   4.01999712              22
   4.02999735              19
   4.03999758              19
   4.04999781              18
   4.05999804              18
   4.06999826              17
   4.07999849              17
   4.08999872              17
   4.09999895              17
   4.10999918              17
   4.11999941              17
   4.12999964              17
   4.13999987              17
   4.15000010              16
   4.16000032              16
   4.17000055              16
   4.18000078              15
   4.19000101              14
   4.20000124              14
   4.21000147              14
   4.22000170              14
   4.23000193              14
   4.24000216              14
   4.25000238              14
   4.26000261              14
   4.27000284              14
   4.28000307              14
   4.29000330              14
   4.30000353              14
   4.31000376              14
   4.32000399              14
   4.33000422              14
   4.34000444              14
   4.35000467              14
   4.36000490              14
   4.37000513              14
   4.38000536              14
   4.39000559              14
   4.40000582              13
   4.41000605              13
   4.42000628              13
   4.43000650              13
   4.44000673              13
   4.45000696              13
   4.46000719              13
   4.47000742              13
   4.48000765              13
   4.49000788              13
   4.50000811              12
   4.51000834              12
   4.52000856              12
   4.53000879              12
   4.54000902              12
   4.55000925              12
   4.56000948              12
   4.57000971              11
   4.58000994              11
   4.59001017              11
   4.60001040              11
   4.61001062              11
   4.62001085              11
   4.63001108              11
   4.64001131              11
   4.65001154              10
   4.66001177              10
   4.67001200              10
   4.68001223               9
   4.69001245               8
   4.70001268               8
   4.71001291               8
   4.72001314               8
   4.73001337               8
   4.74001360               8
   4.75001383               8
   4.76001406               8
   4.77001429               8
   4.78001451               8
   4.79001474               8
   4.80001497               8
   4.81001520               8
   4.82001543               8
   4.83001566               8
   4.84001589               8
   4.85001612               8
   4.86001635               8
   4.87001657               8
   4.88001680               8
   4.89001703               8
   4.90001726               8
   4.91001749               8
   4.92001772               8
   4.93001795               8
   4.94001818               8
   4.95001841               8
   4.96001863               8
   4.97001886               8
   4.98001909               7
   4.99001932               7
   5.00001955               7
   5.01001978               7
   5.02002001               6
   5.03002024               6
   5.04002047               6
   5.05002069               6
   5.06002092               6
   5.07002115               6
   5.08002138               6
   5.09002161               6
   5.10002184               6
   5.11002207               6
   5.12002230               6
   5.13002253               6
   5.14002275               6
   5.15002298               6
   5.16002321               6
   5.17002344               6
   5.18002367               6
   5.19002390               6
   5.20002413               6
   5.21002436               6
   5.22002459               6
   5.23002481               6
   5.24002504               6
   5.25002527               6
   5.26002550               5
   5.27002573               5
   5.28002596               5
   5.29002619               5
   5.30002642               5
   5.31002665               5
   5.32002687               5
   5.33002710               5
   5.34002733               5
   5.35002756               5
   5.36002779               5
   5.37002802               5
   5.38002825               5
   5.39002848               5
   5.40002871               5
   5.41002893               4
   5.42002916               4
   5.43002939               4
   5.44002962               4
   5.45002985               4
   5.46003008               4
   5.47003031               4
   5.48003054               4
   5.49003077               4
   5.50003099               4
   5.51003122               4
   5.52003145               4
   5.53003168               4
   5.54003191               4
   5.55003214               4
   5.56003237               4
   5.57003260               4
   5.58003283               4
   5.59003305               4
   5.60003328               4
   5.61003351               4
   5.62003374               4
   5.63003397               4
   5.64003420               4
   5.65003443               4
   5.66003466               4
   5.67003489               4
   5.68003511               4
   5.69003534               4
   5.70003557               4
   5.71003580               4
   5.72003603               4
   5.73003626               4
   5.74003649               4
   5.75003672               4
   5.76003695               3
   5.77003717               3
   5.78003740               3
   5.79003763               3
   5.80003786               3
   5.81003809               2
   5.82003832               2
   5.83003855               2
   5.84003878               2
   5.85003901               2
   5.86003923               2
   5.87003946               2
   5.88003969               2
   5.89003992               2
   5.90004015               2
   5.91004038               2
   5.92004061               2
   5.93004084               2
   5.94004107               2
   5.95004129               2
   5.96004152               2
   5.97004175               2
   5.98004198               2
   5.99004221               2
   6.00004244               2
   6.01004267               2
   6.02004290               2
   6.03004313               2
   6.04004335               2
   6.05004358               2
   6.06004381               2
   6.07004404               2
   6.08004427               2
   6.09004450               2
   6.10004473               2
   6.11004496               2
   6.12004519               2
   6.13004541               2
   6.14004564               2
   6.15004587               2
   6.16004610               2
   6.17004633               2
   6.18004656               2
   6.19004679               2
   6.20004702               2
   6.21004725               2
   6.22004747               2
   6.23004770               2
   6.24004793               2
   6.25004816               2
   6.26004839               2
   6.27004862               2
   6.28004885               2
   6.29004908               2
   6.30004930               2
   6.31004953               2
   6.32004976               2
   6.33004999               2
   6.34005022               2
   6.35005045               2
   6.36005068               2
   6.37005091               2
   6.38005114               1
   6.39005136               1
   6.40005159               1
   6.41005182               1
   6.42005205               1
   6.43005228               1
   6.44005251               1
   6.45005274               1
   6.46005297               1
   6.47005320               1
   6.48005342               1
   6.49005365               1
   6.50005388               1
   6.51005411               1
   6.52005434               1
   6.53005457               1
   6.54005480               0
   6.55005503               0
   6.56005526               0
   6.57005548               0
   6.58005571               0
   6.59005594               0
   6.60005617               0
   6.61005640               0
   6.62005663               0
   6.63005686               0
   6.64005709               0
   6.65005732               0
   6.66005754               0
   6.67005777               0
   6.68005800               0
   6.69005823               0
   6.70005846               0
   6.71005869               0
   6.72005892               0
   6.73005915               0
   6.74005938               0
   6.75005960               0
   6.76005983               0
   6.77006006               0
   6.78006029               0
   6.79006052               0
   6.80006075               0
   6.81006098               0
   6.82006121               0
   6.83006144               0
   6.84006166               0
   6.85006189               0
   6.86006212               0
   6.87006235               0
   6.88006258               0
   6.89006281               0
   6.90006304               0
   6.91006327               0
   6.92006350               0
   6.93006372               0
   6.94006395               0
   6.95006418               0
   6.96006441               0
   6.97006464               0
   6.98006487               0
   6.99006510               0
   7.00006533               0
   7.01006556               0
   7.02006578               0
   7.03006601               0
   7.04006624               0
   7.05006647               0
   7.06006670               0
   7.07006693               0
   7.08006716               0
   7.09006739               0
   7.10006762               0
   7.11006784               0
   7.12006807               0
   7.13006830               0
   7.14006853               0
   7.15006876               0
   7.16006899               0
   7.17006922               0
   7.18006945               0
   7.19006968               0
   7.20006990               0
   7.21007013               0
   7.22007036               0
   7.23007059               0
   7.24007082               0
   7.25007105               0
   7.26007128               0
   7.27007151               0
   7.28007174               0
   7.29007196               0
   7.30007219               0
   7.31007242               0
   7.32007265               0
   7.33007288               0
   7.34007311               0
   7.35007334               0
   7.36007357               0
   7.37007380               0
   7.38007402               0
   7.39007425               0
   7.40007448               0
   7.41007471               0
   7.42007494               0
   7.43007517               0
   7.44007540               0
   7.45007563               0
   7.46007586               0
   7.47007608               0
   7.48007631               0
   7.49007654               0
   7.50007677               0
   7.51007700               0
   7.52007723               0
   7.53007746               0
   7.54007769               0
   7.55007792               0
   7.56007814               0
   7.57007837               0
   7.58007860               0
   7.59007883               0
   7.60007906               0
   7.61007929               0
   7.62007952               0
   7.63007975               0
   7.64007998               0
   7.65008020               0
   7.66008043               0
   7.67008066               0
   7.68008089               0
   7.69008112               0
   7.70008135               0
   7.71008158               0
   7.72008181               0
   7.73008204               0
   7.74008226               0
   7.75008249               0
   7.76008272               0
   7.77008295               0
   7.78008318               0
   7.79008341               0
   7.80008364               0
   7.81008387               0
   7.82008410               0
   7.83008432               0
   7.84008455               0
   7.85008478               0
   7.86008501               0
   7.87008524               0
   7.88008547               0
   7.89008570               0
   7.90008593               0
   7.91008615               0
   7.92008638               0
   7.93008661               0
   7.94008684               0
   7.95008707               0
   7.96008730               0
   7.97008753               0
   7.98008776               0
   7.99008799               0
   8.00008774               0
