   0.00000000             991
   9.99999978E-03         984
   1.99999996E-02         968
   2.99999993E-02         961
   3.99999991E-02         952
   4.99999970E-02         948
   5.99999949E-02         939
   6.99999928E-02         926
   7.99999908E-02         918
   8.99999887E-02         906
   9.99999866E-02         895
  0.109999985             889
  0.119999982             881
  0.129999980             872
  0.139999986             863
  0.149999991             853
  0.159999996             843
  0.170000002             836
  0.180000007             833
  0.190000013             822
  0.200000018             815
  0.210000023             807
  0.220000029             800
  0.230000034             793
  0.240000039             786
  0.250000030             777
  0.260000020             772
  0.270000011             762
  0.280000001             751
  0.289999992             739
  0.299999982             732
  0.309999973             727
  0.319999963             721
  0.329999954             714
  0.339999944             711
  0.349999934             705
  0.359999925             694
  0.369999915             690
  0.379999906             685
  0.389999896             674
  0.399999887             668
  0.409999877             657
  0.419999868             649
  0.429999858             646
  0.439999849             639
  0.449999839             631
  0.459999830             627
  0.469999820             619
  0.479999810             611
  0.489999801             605
  0.499999791             602
  0.509999812             594
  0.519999802             588
  0.529999793             582
  0.539999783             580
  0.549999774             571
  0.559999764             566
  0.569999754             558
  0.579999745             551
  0.589999735             548
  0.599999726             544
  0.609999716             538
  0.619999707             533
  0.629999697             528
  0.639999688             523
  0.649999678             520
  0.659999669             509
  0.669999659             502
  0.679999650             499
  0.689999640             493
  0.699999630             485
  0.709999621             482
  0.719999611             478
  0.729999602             468
  0.739999592             462
  0.749999583             457
  0.759999573             453
  0.769999564             449
  0.779999554             446
  0.789999545             436
  0.799999535             429
  0.809999526             423
  0.819999516             417
  0.829999506             410
  0.839999497             403
  0.849999487             402
  0.859999478             397
  0.869999468             394
  0.879999459             393
  0.889999449             389
  0.899999440             386
  0.909999430             383
  0.919999421             381
  0.929999411             378
  0.939999402             377
  0.949999392             372
  0.959999382             370
  0.969999373             366
  0.979999363             363
  0.989999354             359
  0.999999344             357
   1.00999939             351
   1.01999938             347
   1.02999938             340
   1.03999937             339
   1.04999936             336
   1.05999935             333
   1.06999934             332
   1.07999933             329
   1.08999932             327
   1.09999931             324
   1.10999930             322
   1.11999929             317
   1.12999928             316
   1.13999927             313
   1.14999926             312
   1.15999925             310
   1.16999924             305
   1.17999923             303
   1.18999922             301
   1.19999921             300
   1.20999920             298
   1.21999919             296
   1.22999918             293
   1.23999918             291
   1.24999917             290
   1.25999916             282
   1.26999915             279
   1.27999914             276
   1.28999913             274
   1.29999912             269
   1.30999911             268
   1.31999910             267
   1.32999909             261
   1.33999908             258
   1.34999907             255
   1.35999906             251
   1.36999905             249
   1.37999904             247
   1.38999903             246
   1.39999902             244
   1.40999901             239
   1.41999900             237
   1.42999899             232
   1.43999898             231
   1.44999897             229
   1.45999897             227
   1.46999896             225
   1.47999895             221
   1.48999894             220
   1.49999893             214
   1.50999892             210
   1.51999891             207
   1.52999890             207
   1.53999889             206
   1.54999888             202
   1.55999887             202
   1.56999886             200
   1.57999885             198
   1.58999884             195
   1.59999883             194
   1.60999882             187
   1.61999881             185
   1.62999880             180
   1.63999879             179
   1.64999878             178
   1.65999877             178
   1.66999876             177
   1.67999876             174
   1.68999875             172
   1.69999874             172
   1.70999873             169
   1.71999872             168
   1.72999871             166
   1.73999870             164
   1.74999869             163
   1.75999868             160
   1.76999867             156
   1.77999866             156
   1.78999865             155
   1.79999864             151
   1.80999863             148
   1.81999862             146
   1.82999861             144
   1.83999860             143
   1.84999859             141
   1.85999858             137
   1.86999857             137
   1.87999856             137
   1.88999856             135
   1.89999855             133
   1.90999854             133
   1.91999853             132
   1.92999852             131
   1.93999851             131
   1.94999850             130
   1.95999849             127
   1.96999848             124
   1.97999847             124
   1.98999846             123
   1.99999845             122
   2.00999856             121
   2.01999855             119
   2.02999854             119
   2.03999853             116
   2.04999852             116
   2.05999851             116
   2.06999850             116
   2.07999849             114
   2.08999848             114
   2.09999847             114
   2.10999846             113
   2.11999846             112
   2.12999845             110
   2.13999844             109
   2.14999843             108
   2.15999842             105
   2.16999841             105
   2.17999840             102
   2.18999839             102
   2.19999838             101
   2.20999837             101
   2.21999836             101
   2.22999835             100
   2.23999834             100
   2.24999833              98
   2.25999832              97
   2.26999831              97
   2.27999830              93
   2.28999829              93
   2.29999828              92
   2.30999827              92
   2.31999826              91
   2.32999825              90
   2.33999825              90
   2.34999824              90
   2.35999823              89
   2.36999822              89
   2.37999821              88
   2.38999820              88
   2.39999819              88
   2.40999818              86
   2.41999817              85
   2.42999816              83
   2.43999815              82
   2.44999814              81
   2.45999813              80
   2.46999812              79
   2.47999811              78
   2.48999810              77
   2.49999809              77
   2.50999808              76
   2.51999807              75
   2.52999806              75
   2.53999805              75
   2.54999804              74
   2.55999804              73
   2.56999803              73
   2.57999802              73
   2.58999801              73
   2.59999800              72
   2.60999799              72
   2.61999798              71
   2.62999797              68
   2.63999796              68
   2.64999795              67
   2.65999794              67
   2.66999793              66
   2.67999792              66
   2.68999791              66
   2.69999790              65
   2.70999789              63
   2.71999788              63
   2.72999787              62
   2.73999786              61
   2.74999785              59
   2.75999784              59
   2.76999784              57
   2.77999783              56
   2.78999782              56
   2.79999781              52
   2.80999780              51
   2.81999779              51
   2.82999778              51
   2.83999777              50
   2.84999776              49
   2.85999775              49
   2.86999774              49
   2.87999773              48
   2.88999772              47
   2.89999771              46
   2.90999770              44
   2.91999769              43
   2.92999768              43
   2.93999767              43
   2.94999766              43
   2.95999765              43
   2.96999764              43
   2.97999763              42
   2.98999763              40
   2.99999762              40
   3.00999761              40
   3.01999760              40
   3.02999759              40
   3.03999758              40
   3.04999757              39
   3.05999756              39
   3.06999755              39
   3.07999754              39
   3.08999753              39
   3.09999752              39
   3.10999751              38
   3.11999750              38
   3.12999749              38
   3.13999748              38
   3.14999747              38
   3.15999746              37
   3.16999745              37
   3.17999744              35
   3.18999743              35
   3.19999743              35
   3.20999742              34
   3.21999741              34
   3.22999740              33
   3.23999739              33
   3.24999738              33
   3.25999737              33
   3.26999736              33
   3.27999735              33
   3.28999734              33
   3.29999733              31
   3.30999732              31
   3.31999731              31
   3.32999730              31
   3.33999729              30
   3.34999728              29
   3.35999727              29
   3.36999726              28
   3.37999725              27
   3.38999724              27
   3.39999723              27
   3.40999722              27
   3.41999722              27
   3.42999721              27
   3.43999720              26
   3.44999719              26
   3.45999718              25
   3.46999717              25
   3.47999716              25
   3.48999715              25
   3.49999714              24
   3.50999713              24
   3.51999712              24
   3.52999711              24
   3.53999710              24
   3.54999709              24
   3.55999708              23
   3.56999707              23
   3.57999706              23
   3.58999705              23
   3.59999704              23
   3.60999703              22
   3.61999702              22
   3.62999701              22
   3.63999701              22
   3.64999700              22
   3.65999699              21
   3.66999698              20
   3.67999697              20
   3.68999696              20
   3.69999695              20
   3.70999694              19
   3.71999693              19
   3.72999692              19
   3.73999691              19
   3.74999690              19
   3.75999689              19
   3.76999688              19
   3.77999687              19
   3.78999686              19
   3.79999685              18
   3.80999684              17
   3.81999683              17
   3.82999682              17
   3.83999681              17
   3.84999681              17
   3.85999680              17
   3.86999679              17
   3.87999678              17
   3.88999677              17
   3.89999676              17
   3.90999675              17
   3.91999674              17
   3.92999673              17
   3.93999672              17
   3.94999671              17
   3.95999670              17
   3.96999669              17
   3.97999668              16
   3.98999667              16
   3.99999666              16
   4.00999689              16
   4.01999712              16
   4.02999735              16
   4.03999758              15
   4.04999781              15
   4.05999804              15
   4.06999826              15
   4.07999849              15
   4.08999872              15
   4.09999895              15
   4.10999918              15
   4.11999941              14
   4.12999964              14
   4.13999987              14
   4.15000010              14
   4.16000032              14
   4.17000055              14
   4.18000078              13
   4.19000101              13
   4.20000124              13
   4.21000147              13
   4.22000170              13
   4.23000193              13
   4.24000216              13
   4.25000238              13
   4.26000261              12
   4.27000284              12
   4.28000307              12
   4.29000330              12
   4.30000353              12
   4.31000376              11
   4.32000399              11
   4.33000422              11
   4.34000444              11
   4.35000467              11
   4.36000490              11
   4.37000513              11
   4.38000536              11
   4.39000559              11
   4.40000582              11
   4.41000605              11
   4.42000628              10
   4.43000650               9
   4.44000673               9
   4.45000696               9
   4.46000719               9
   4.47000742               9
   4.48000765               9
   4.49000788               9
   4.50000811               9
   4.51000834               9
   4.52000856               9
   4.53000879               9
   4.54000902               9
   4.55000925               9
   4.56000948               9
   4.57000971               9
   4.58000994               9
   4.59001017               9
   4.60001040               9
   4.61001062               9
   4.62001085               9
   4.63001108               9
   4.64001131               8
   4.65001154               8
   4.66001177               8
   4.67001200               8
   4.68001223               8
   4.69001245               8
   4.70001268               7
   4.71001291               7
   4.72001314               7
   4.73001337               7
   4.74001360               7
   4.75001383               6
   4.76001406               6
   4.77001429               6
   4.78001451               6
   4.79001474               6
   4.80001497               6
   4.81001520               6
   4.82001543               6
   4.83001566               6
   4.84001589               6
   4.85001612               6
   4.86001635               6
   4.87001657               6
   4.88001680               6
   4.89001703               6
   4.90001726               6
   4.91001749               5
   4.92001772               5
   4.93001795               5
   4.94001818               5
   4.95001841               5
   4.96001863               5
   4.97001886               4
   4.98001909               4
   4.99001932               4
   5.00001955               4
   5.01001978               4
   5.02002001               4
   5.03002024               4
   5.04002047               4
   5.05002069               4
   5.06002092               4
   5.07002115               3
   5.08002138               3
   5.09002161               3
   5.10002184               3
   5.11002207               3
   5.12002230               3
   5.13002253               3
   5.14002275               3
   5.15002298               3
   5.16002321               3
   5.17002344               3
   5.18002367               3
   5.19002390               3
   5.20002413               3
   5.21002436               3
   5.22002459               3
   5.23002481               3
   5.24002504               3
   5.25002527               3
   5.26002550               3
   5.27002573               3
   5.28002596               3
   5.29002619               3
   5.30002642               3
   5.31002665               3
   5.32002687               3
   5.33002710               3
   5.34002733               3
   5.35002756               3
   5.36002779               3
   5.37002802               3
   5.38002825               3
   5.39002848               3
   5.40002871               3
   5.41002893               3
   5.42002916               3
   5.43002939               3
   5.44002962               3
   5.45002985               3
   5.46003008               3
   5.47003031               3
   5.48003054               3
   5.49003077               3
   5.50003099               3
   5.51003122               3
   5.52003145               3
   5.53003168               3
   5.54003191               3
   5.55003214               3
   5.56003237               3
   5.57003260               3
   5.58003283               3
   5.59003305               3
   5.60003328               3
   5.61003351               3
   5.62003374               3
   5.63003397               3
   5.64003420               3
   5.65003443               3
   5.66003466               3
   5.67003489               3
   5.68003511               3
   5.69003534               3
   5.70003557               3
   5.71003580               3
   5.72003603               3
   5.73003626               2
   5.74003649               2
   5.75003672               2
   5.76003695               2
   5.77003717               2
   5.78003740               2
   5.79003763               2
   5.80003786               2
   5.81003809               2
   5.82003832               2
   5.83003855               2
   5.84003878               2
   5.85003901               2
   5.86003923               2
   5.87003946               2
   5.88003969               2
   5.89003992               2
   5.90004015               2
   5.91004038               2
   5.92004061               2
   5.93004084               2
   5.94004107               2
   5.95004129               2
   5.96004152               2
   5.97004175               2
   5.98004198               2
   5.99004221               2
   6.00004244               2
   6.01004267               2
   6.02004290               2
   6.03004313               2
   6.04004335               2
   6.05004358               2
   6.06004381               2
   6.07004404               2
   6.08004427               2
   6.09004450               2
   6.10004473               2
   6.11004496               2
   6.12004519               2
   6.13004541               2
   6.14004564               2
   6.15004587               2
   6.16004610               2
   6.17004633               2
   6.18004656               2
   6.19004679               2
   6.20004702               2
   6.21004725               2
   6.22004747               2
   6.23004770               2
   6.24004793               2
   6.25004816               2
   6.26004839               2
   6.27004862               2
   6.28004885               2
   6.29004908               2
   6.30004930               1
   6.31004953               1
   6.32004976               1
   6.33004999               1
   6.34005022               1
   6.35005045               1
   6.36005068               1
   6.37005091               1
   6.38005114               1
   6.39005136               1
   6.40005159               1
   6.41005182               1
   6.42005205               1
   6.43005228               1
   6.44005251               1
   6.45005274               1
   6.46005297               1
   6.47005320               1
   6.48005342               1
   6.49005365               1
   6.50005388               1
   6.51005411               1
   6.52005434               1
   6.53005457               1
   6.54005480               1
   6.55005503               1
   6.56005526               1
   6.57005548               1
   6.58005571               1
   6.59005594               1
   6.60005617               1
   6.61005640               1
   6.62005663               0
   6.63005686               0
   6.64005709               0
   6.65005732               0
   6.66005754               0
   6.67005777               0
   6.68005800               0
   6.69005823               0
   6.70005846               0
   6.71005869               0
   6.72005892               0
   6.73005915               0
   6.74005938               0
   6.75005960               0
   6.76005983               0
   6.77006006               0
   6.78006029               0
   6.79006052               0
   6.80006075               0
   6.81006098               0
   6.82006121               0
   6.83006144               0
   6.84006166               0
   6.85006189               0
   6.86006212               0
   6.87006235               0
   6.88006258               0
   6.89006281               0
   6.90006304               0
   6.91006327               0
   6.92006350               0
   6.93006372               0
   6.94006395               0
   6.95006418               0
   6.96006441               0
   6.97006464               0
   6.98006487               0
   6.99006510               0
   7.00006533               0
   7.01006556               0
   7.02006578               0
   7.03006601               0
   7.04006624               0
   7.05006647               0
   7.06006670               0
   7.07006693               0
   7.08006716               0
   7.09006739               0
   7.10006762               0
   7.11006784               0
   7.12006807               0
   7.13006830               0
   7.14006853               0
   7.15006876               0
   7.16006899               0
   7.17006922               0
   7.18006945               0
   7.19006968               0
   7.20006990               0
   7.21007013               0
   7.22007036               0
   7.23007059               0
   7.24007082               0
   7.25007105               0
   7.26007128               0
   7.27007151               0
   7.28007174               0
   7.29007196               0
   7.30007219               0
   7.31007242               0
   7.32007265               0
   7.33007288               0
   7.34007311               0
   7.35007334               0
   7.36007357               0
   7.37007380               0
   7.38007402               0
   7.39007425               0
   7.40007448               0
   7.41007471               0
   7.42007494               0
   7.43007517               0
   7.44007540               0
   7.45007563               0
   7.46007586               0
   7.47007608               0
   7.48007631               0
   7.49007654               0
   7.50007677               0
   7.51007700               0
   7.52007723               0
   7.53007746               0
   7.54007769               0
   7.55007792               0
   7.56007814               0
   7.57007837               0
   7.58007860               0
   7.59007883               0
   7.60007906               0
   7.61007929               0
   7.62007952               0
   7.63007975               0
   7.64007998               0
   7.65008020               0
   7.66008043               0
   7.67008066               0
   7.68008089               0
   7.69008112               0
   7.70008135               0
   7.71008158               0
   7.72008181               0
   7.73008204               0
   7.74008226               0
   7.75008249               0
   7.76008272               0
   7.77008295               0
   7.78008318               0
   7.79008341               0
   7.80008364               0
   7.81008387               0
   7.82008410               0
   7.83008432               0
   7.84008455               0
   7.85008478               0
   7.86008501               0
   7.87008524               0
   7.88008547               0
   7.89008570               0
   7.90008593               0
   7.91008615               0
   7.92008638               0
   7.93008661               0
   7.94008684               0
   7.95008707               0
   7.96008730               0
   7.97008753               0
   7.98008776               0
   7.99008799               0
   8.00008774               0
