   0.00000000             993
   9.99999978E-03         979
   1.99999996E-02         971
   2.99999993E-02         954
   3.99999991E-02         945
   4.99999970E-02         929
   5.99999949E-02         924
   6.99999928E-02         914
   7.99999908E-02         904
   8.99999887E-02         890
   9.99999866E-02         884
  0.109999985             870
  0.119999982             858
  0.129999980             850
  0.139999986             839
  0.149999991             830
  0.159999996             826
  0.170000002             809
  0.180000007             794
  0.190000013             787
  0.200000018             778
  0.210000023             765
  0.220000029             759
  0.230000034             746
  0.240000039             740
  0.250000030             736
  0.260000020             729
  0.270000011             715
  0.280000001             709
  0.289999992             703
  0.299999982             695
  0.309999973             694
  0.319999963             689
  0.329999954             683
  0.339999944             674
  0.349999934             669
  0.359999925             663
  0.369999915             654
  0.379999906             647
  0.389999896             644
  0.399999887             636
  0.409999877             635
  0.419999868             630
  0.429999858             617
  0.439999849             613
  0.449999839             609
  0.459999830             604
  0.469999820             597
  0.479999810             590
  0.489999801             582
  0.499999791             578
  0.509999812             569
  0.519999802             564
  0.529999793             553
  0.539999783             547
  0.549999774             541
  0.559999764             534
  0.569999754             528
  0.579999745             524
  0.589999735             518
  0.599999726             513
  0.609999716             508
  0.619999707             502
  0.629999697             500
  0.639999688             495
  0.649999678             487
  0.659999669             481
  0.669999659             476
  0.679999650             471
  0.689999640             464
  0.699999630             458
  0.709999621             451
  0.719999611             448
  0.729999602             440
  0.739999592             437
  0.749999583             433
  0.759999573             431
  0.769999564             430
  0.779999554             426
  0.789999545             421
  0.799999535             414
  0.809999526             407
  0.819999516             398
  0.829999506             391
  0.839999497             390
  0.849999487             386
  0.859999478             383
  0.869999468             378
  0.879999459             375
  0.889999449             372
  0.899999440             369
  0.909999430             365
  0.919999421             365
  0.929999411             361
  0.939999402             357
  0.949999392             353
  0.959999382             351
  0.969999373             346
  0.979999363             342
  0.989999354             337
  0.999999344             336
   1.00999939             333
   1.01999938             329
   1.02999938             325
   1.03999937             321
   1.04999936             315
   1.05999935             313
   1.06999934             309
   1.07999933             303
   1.08999932             296
   1.09999931             291
   1.10999930             289
   1.11999929             289
   1.12999928             288
   1.13999927             286
   1.14999926             284
   1.15999925             280
   1.16999924             278
   1.17999923             275
   1.18999922             274
   1.19999921             272
   1.20999920             271
   1.21999919             268
   1.22999918             262
   1.23999918             260
   1.24999917             256
   1.25999916             253
   1.26999915             248
   1.27999914             244
   1.28999913             242
   1.29999912             240
   1.30999911             238
   1.31999910             236
   1.32999909             232
   1.33999908             229
   1.34999907             226
   1.35999906             224
   1.36999905             218
   1.37999904             217
   1.38999903             215
   1.39999902             210
   1.40999901             210
   1.41999900             207
   1.42999899             206
   1.43999898             206
   1.44999897             204
   1.45999897             201
   1.46999896             201
   1.47999895             199
   1.48999894             197
   1.49999893             197
   1.50999892             195
   1.51999891             194
   1.52999890             192
   1.53999889             190
   1.54999888             189
   1.55999887             188
   1.56999886             187
   1.57999885             187
   1.58999884             185
   1.59999883             180
   1.60999882             178
   1.61999881             176
   1.62999880             174
   1.63999879             173
   1.64999878             171
   1.65999877             170
   1.66999876             169
   1.67999876             169
   1.68999875             167
   1.69999874             165
   1.70999873             164
   1.71999872             164
   1.72999871             161
   1.73999870             160
   1.74999869             160
   1.75999868             160
   1.76999867             160
   1.77999866             159
   1.78999865             159
   1.79999864             158
   1.80999863             155
   1.81999862             154
   1.82999861             154
   1.83999860             152
   1.84999859             151
   1.85999858             150
   1.86999857             145
   1.87999856             143
   1.88999856             141
   1.89999855             140
   1.90999854             140
   1.91999853             138
   1.92999852             138
   1.93999851             137
   1.94999850             136
   1.95999849             135
   1.96999848             133
   1.97999847             130
   1.98999846             130
   1.99999845             127
   2.00999856             125
   2.01999855             124
   2.02999854             123
   2.03999853             121
   2.04999852             119
   2.05999851             118
   2.06999850             116
   2.07999849             116
   2.08999848             116
   2.09999847             114
   2.10999846             113
   2.11999846             113
   2.12999845             110
   2.13999844             110
   2.14999843             110
   2.15999842             110
   2.16999841             110
   2.17999840             107
   2.18999839             104
   2.19999838             103
   2.20999837             102
   2.21999836             101
   2.22999835             100
   2.23999834             100
   2.24999833              99
   2.25999832              97
   2.26999831              95
   2.27999830              95
   2.28999829              95
   2.29999828              93
   2.30999827              93
   2.31999826              93
   2.32999825              91
   2.33999825              89
   2.34999824              87
   2.35999823              85
   2.36999822              83
   2.37999821              83
   2.38999820              81
   2.39999819              81
   2.40999818              80
   2.41999817              80
   2.42999816              79
   2.43999815              79
   2.44999814              78
   2.45999813              78
   2.46999812              77
   2.47999811              77
   2.48999810              77
   2.49999809              77
   2.50999808              77
   2.51999807              75
   2.52999806              75
   2.53999805              70
   2.54999804              70
   2.55999804              67
   2.56999803              65
   2.57999802              65
   2.58999801              65
   2.59999800              64
   2.60999799              63
   2.61999798              63
   2.62999797              61
   2.63999796              60
   2.64999795              59
   2.65999794              57
   2.66999793              55
   2.67999792              55
   2.68999791              54
   2.69999790              53
   2.70999789              53
   2.71999788              52
   2.72999787              52
   2.73999786              51
   2.74999785              51
   2.75999784              50
   2.76999784              49
   2.77999783              49
   2.78999782              49
   2.79999781              49
   2.80999780              49
   2.81999779              49
   2.82999778              49
   2.83999777              48
   2.84999776              48
   2.85999775              47
   2.86999774              46
   2.87999773              46
   2.88999772              46
   2.89999771              45
   2.90999770              44
   2.91999769              44
   2.92999768              44
   2.93999767              44
   2.94999766              44
   2.95999765              44
   2.96999764              43
   2.97999763              43
   2.98999763              42
   2.99999762              42
   3.00999761              42
   3.01999760              42
   3.02999759              42
   3.03999758              42
   3.04999757              42
   3.05999756              42
   3.06999755              42
   3.07999754              41
   3.08999753              41
   3.09999752              41
   3.10999751              41
   3.11999750              41
   3.12999749              41
   3.13999748              40
   3.14999747              40
   3.15999746              39
   3.16999745              39
   3.17999744              39
   3.18999743              38
   3.19999743              38
   3.20999742              38
   3.21999741              38
   3.22999740              38
   3.23999739              37
   3.24999738              37
   3.25999737              37
   3.26999736              36
   3.27999735              36
   3.28999734              36
   3.29999733              36
   3.30999732              36
   3.31999731              35
   3.32999730              33
   3.33999729              33
   3.34999728              32
   3.35999727              32
   3.36999726              32
   3.37999725              31
   3.38999724              30
   3.39999723              30
   3.40999722              30
   3.41999722              30
   3.42999721              30
   3.43999720              30
   3.44999719              29
   3.45999718              29
   3.46999717              29
   3.47999716              29
   3.48999715              28
   3.49999714              28
   3.50999713              28
   3.51999712              28
   3.52999711              28
   3.53999710              28
   3.54999709              28
   3.55999708              28
   3.56999707              28
   3.57999706              28
   3.58999705              28
   3.59999704              28
   3.60999703              27
   3.61999702              27
   3.62999701              27
   3.63999701              27
   3.64999700              26
   3.65999699              26
   3.66999698              26
   3.67999697              26
   3.68999696              25
   3.69999695              25
   3.70999694              25
   3.71999693              25
   3.72999692              24
   3.73999691              24
   3.74999690              23
   3.75999689              23
   3.76999688              23
   3.77999687              23
   3.78999686              23
   3.79999685              22
   3.80999684              22
   3.81999683              19
   3.82999682              19
   3.83999681              18
   3.84999681              18
   3.85999680              18
   3.86999679              18
   3.87999678              18
   3.88999677              18
   3.89999676              18
   3.90999675              17
   3.91999674              17
   3.92999673              17
   3.93999672              17
   3.94999671              17
   3.95999670              16
   3.96999669              16
   3.97999668              16
   3.98999667              16
   3.99999666              16
   4.00999689              16
   4.01999712              16
   4.02999735              16
   4.03999758              15
   4.04999781              15
   4.05999804              15
   4.06999826              15
   4.07999849              14
   4.08999872              14
   4.09999895              14
   4.10999918              14
   4.11999941              14
   4.12999964              14
   4.13999987              14
   4.15000010              14
   4.16000032              14
   4.17000055              14
   4.18000078              14
   4.19000101              13
   4.20000124              13
   4.21000147              13
   4.22000170              13
   4.23000193              13
   4.24000216              13
   4.25000238              13
   4.26000261              13
   4.27000284              13
   4.28000307              13
   4.29000330              13
   4.30000353              13
   4.31000376              13
   4.32000399              13
   4.33000422              13
   4.34000444              13
   4.35000467              13
   4.36000490              13
   4.37000513              12
   4.38000536              12
   4.39000559              12
   4.40000582              12
   4.41000605              10
   4.42000628              10
   4.43000650              10
   4.44000673              10
   4.45000696              10
   4.46000719               9
   4.47000742               9
   4.48000765               9
   4.49000788               9
   4.50000811               9
   4.51000834               9
   4.52000856               9
   4.53000879               9
   4.54000902               9
   4.55000925               9
   4.56000948               9
   4.57000971               9
   4.58000994               9
   4.59001017               9
   4.60001040               9
   4.61001062               9
   4.62001085               9
   4.63001108               9
   4.64001131               9
   4.65001154               9
   4.66001177               9
   4.67001200               9
   4.68001223               9
   4.69001245               9
   4.70001268               9
   4.71001291               9
   4.72001314               9
   4.73001337               9
   4.74001360               9
   4.75001383               9
   4.76001406               9
   4.77001429               9
   4.78001451               9
   4.79001474               9
   4.80001497               9
   4.81001520               9
   4.82001543               9
   4.83001566               9
   4.84001589               9
   4.85001612               9
   4.86001635               9
   4.87001657               9
   4.88001680               9
   4.89001703               9
   4.90001726               9
   4.91001749               9
   4.92001772               9
   4.93001795               9
   4.94001818               9
   4.95001841               9
   4.96001863               9
   4.97001886               9
   4.98001909               9
   4.99001932               9
   5.00001955               9
   5.01001978               9
   5.02002001               9
   5.03002024               9
   5.04002047               9
   5.05002069               8
   5.06002092               7
   5.07002115               7
   5.08002138               7
   5.09002161               7
   5.10002184               7
   5.11002207               7
   5.12002230               7
   5.13002253               7
   5.14002275               7
   5.15002298               7
   5.16002321               7
   5.17002344               7
   5.18002367               7
   5.19002390               7
   5.20002413               7
   5.21002436               7
   5.22002459               7
   5.23002481               7
   5.24002504               7
   5.25002527               7
   5.26002550               7
   5.27002573               6
   5.28002596               6
   5.29002619               6
   5.30002642               6
   5.31002665               6
   5.32002687               6
   5.33002710               6
   5.34002733               6
   5.35002756               6
   5.36002779               6
   5.37002802               6
   5.38002825               6
   5.39002848               6
   5.40002871               6
   5.41002893               6
   5.42002916               6
   5.43002939               6
   5.44002962               6
   5.45002985               6
   5.46003008               6
   5.47003031               6
   5.48003054               5
   5.49003077               5
   5.50003099               5
   5.51003122               5
   5.52003145               5
   5.53003168               5
   5.54003191               5
   5.55003214               5
   5.56003237               5
   5.57003260               5
   5.58003283               5
   5.59003305               5
   5.60003328               5
   5.61003351               5
   5.62003374               5
   5.63003397               5
   5.64003420               5
   5.65003443               5
   5.66003466               5
   5.67003489               5
   5.68003511               5
   5.69003534               5
   5.70003557               5
   5.71003580               5
   5.72003603               5
   5.73003626               5
   5.74003649               5
   5.75003672               5
   5.76003695               5
   5.77003717               5
   5.78003740               5
   5.79003763               5
   5.80003786               5
   5.81003809               4
   5.82003832               4
   5.83003855               4
   5.84003878               4
   5.85003901               4
   5.86003923               4
   5.87003946               4
   5.88003969               4
   5.89003992               4
   5.90004015               4
   5.91004038               4
   5.92004061               4
   5.93004084               4
   5.94004107               4
   5.95004129               4
   5.96004152               4
   5.97004175               4
   5.98004198               4
   5.99004221               4
   6.00004244               4
   6.01004267               4
   6.02004290               3
   6.03004313               3
   6.04004335               3
   6.05004358               3
   6.06004381               3
   6.07004404               3
   6.08004427               3
   6.09004450               3
   6.10004473               3
   6.11004496               3
   6.12004519               3
   6.13004541               3
   6.14004564               3
   6.15004587               3
   6.16004610               3
   6.17004633               3
   6.18004656               3
   6.19004679               3
   6.20004702               3
   6.21004725               3
   6.22004747               3
   6.23004770               3
   6.24004793               3
   6.25004816               3
   6.26004839               3
   6.27004862               3
   6.28004885               3
   6.29004908               3
   6.30004930               3
   6.31004953               3
   6.32004976               3
   6.33004999               3
   6.34005022               2
   6.35005045               2
   6.36005068               2
   6.37005091               2
   6.38005114               2
   6.39005136               2
   6.40005159               2
   6.41005182               2
   6.42005205               2
   6.43005228               2
   6.44005251               2
   6.45005274               2
   6.46005297               2
   6.47005320               2
   6.48005342               2
   6.49005365               2
   6.50005388               2
   6.51005411               2
   6.52005434               2
   6.53005457               2
   6.54005480               2
   6.55005503               2
   6.56005526               2
   6.57005548               2
   6.58005571               2
   6.59005594               2
   6.60005617               2
   6.61005640               2
   6.62005663               2
   6.63005686               2
   6.64005709               2
   6.65005732               2
   6.66005754               2
   6.67005777               2
   6.68005800               2
   6.69005823               2
   6.70005846               2
   6.71005869               2
   6.72005892               2
   6.73005915               2
   6.74005938               2
   6.75005960               2
   6.76005983               2
   6.77006006               2
   6.78006029               2
   6.79006052               2
   6.80006075               2
   6.81006098               2
   6.82006121               2
   6.83006144               2
   6.84006166               2
   6.85006189               2
   6.86006212               2
   6.87006235               2
   6.88006258               2
   6.89006281               2
   6.90006304               1
   6.91006327               1
   6.92006350               1
   6.93006372               1
   6.94006395               1
   6.95006418               1
   6.96006441               1
   6.97006464               1
   6.98006487               1
   6.99006510               1
   7.00006533               1
   7.01006556               1
   7.02006578               1
   7.03006601               1
   7.04006624               1
   7.05006647               1
   7.06006670               1
   7.07006693               1
   7.08006716               1
   7.09006739               1
   7.10006762               1
   7.11006784               1
   7.12006807               1
   7.13006830               1
   7.14006853               1
   7.15006876               1
   7.16006899               1
   7.17006922               1
   7.18006945               1
   7.19006968               1
   7.20006990               1
   7.21007013               1
   7.22007036               1
   7.23007059               1
   7.24007082               0
   7.25007105               0
   7.26007128               0
   7.27007151               0
   7.28007174               0
   7.29007196               0
   7.30007219               0
   7.31007242               0
   7.32007265               0
   7.33007288               0
   7.34007311               0
   7.35007334               0
   7.36007357               0
   7.37007380               0
   7.38007402               0
   7.39007425               0
   7.40007448               0
   7.41007471               0
   7.42007494               0
   7.43007517               0
   7.44007540               0
   7.45007563               0
   7.46007586               0
   7.47007608               0
   7.48007631               0
   7.49007654               0
   7.50007677               0
   7.51007700               0
   7.52007723               0
   7.53007746               0
   7.54007769               0
   7.55007792               0
   7.56007814               0
   7.57007837               0
   7.58007860               0
   7.59007883               0
   7.60007906               0
   7.61007929               0
   7.62007952               0
   7.63007975               0
   7.64007998               0
   7.65008020               0
   7.66008043               0
   7.67008066               0
   7.68008089               0
   7.69008112               0
   7.70008135               0
   7.71008158               0
   7.72008181               0
   7.73008204               0
   7.74008226               0
   7.75008249               0
   7.76008272               0
   7.77008295               0
   7.78008318               0
   7.79008341               0
   7.80008364               0
   7.81008387               0
   7.82008410               0
   7.83008432               0
   7.84008455               0
   7.85008478               0
   7.86008501               0
   7.87008524               0
   7.88008547               0
   7.89008570               0
   7.90008593               0
   7.91008615               0
   7.92008638               0
   7.93008661               0
   7.94008684               0
   7.95008707               0
   7.96008730               0
   7.97008753               0
   7.98008776               0
   7.99008799               0
   8.00008774               0
