   0.00000000             986
   9.99999978E-03         979
   1.99999996E-02         971
   2.99999993E-02         965
   3.99999991E-02         951
   4.99999970E-02         937
   5.99999949E-02         924
   6.99999928E-02         910
   7.99999908E-02         900
   8.99999887E-02         896
   9.99999866E-02         884
  0.109999985             873
  0.119999982             862
  0.129999980             847
  0.139999986             839
  0.149999991             831
  0.159999996             825
  0.170000002             814
  0.180000007             804
  0.190000013             798
  0.200000018             792
  0.210000023             786
  0.220000029             778
  0.230000034             770
  0.240000039             761
  0.250000030             750
  0.260000020             748
  0.270000011             743
  0.280000001             735
  0.289999992             728
  0.299999982             725
  0.309999973             720
  0.319999963             708
  0.329999954             701
  0.339999944             695
  0.349999934             687
  0.359999925             679
  0.369999915             674
  0.379999906             666
  0.389999896             657
  0.399999887             651
  0.409999877             639
  0.419999868             631
  0.429999858             624
  0.439999849             620
  0.449999839             615
  0.459999830             606
  0.469999820             601
  0.479999810             595
  0.489999801             591
  0.499999791             584
  0.509999812             576
  0.519999802             570
  0.529999793             562
  0.539999783             554
  0.549999774             549
  0.559999764             543
  0.569999754             537
  0.579999745             530
  0.589999735             524
  0.599999726             519
  0.609999716             517
  0.619999707             509
  0.629999697             506
  0.639999688             504
  0.649999678             503
  0.659999669             499
  0.669999659             493
  0.679999650             487
  0.689999640             484
  0.699999630             480
  0.709999621             478
  0.719999611             476
  0.729999602             472
  0.739999592             466
  0.749999583             462
  0.759999573             458
  0.769999564             457
  0.779999554             455
  0.789999545             452
  0.799999535             445
  0.809999526             438
  0.819999516             433
  0.829999506             429
  0.839999497             425
  0.849999487             423
  0.859999478             422
  0.869999468             418
  0.879999459             413
  0.889999449             408
  0.899999440             403
  0.909999430             403
  0.919999421             400
  0.929999411             398
  0.939999402             397
  0.949999392             393
  0.959999382             391
  0.969999373             386
  0.979999363             385
  0.989999354             382
  0.999999344             379
   1.00999939             377
   1.01999938             375
   1.02999938             371
   1.03999937             366
   1.04999936             363
   1.05999935             359
   1.06999934             357
   1.07999933             355
   1.08999932             355
   1.09999931             352
   1.10999930             348
   1.11999929             345
   1.12999928             339
   1.13999927             335
   1.14999926             329
   1.15999925             327
   1.16999924             322
   1.17999923             319
   1.18999922             314
   1.19999921             310
   1.20999920             306
   1.21999919             302
   1.22999918             299
   1.23999918             297
   1.24999917             291
   1.25999916             289
   1.26999915             287
   1.27999914             283
   1.28999913             282
   1.29999912             280
   1.30999911             276
   1.31999910             274
   1.32999909             271
   1.33999908             269
   1.34999907             267
   1.35999906             265
   1.36999905             262
   1.37999904             257
   1.38999903             256
   1.39999902             253
   1.40999901             253
   1.41999900             251
   1.42999899             248
   1.43999898             245
   1.44999897             241
   1.45999897             239
   1.46999896             237
   1.47999895             232
   1.48999894             231
   1.49999893             230
   1.50999892             225
   1.51999891             225
   1.52999890             225
   1.53999889             224
   1.54999888             224
   1.55999887             222
   1.56999886             219
   1.57999885             216
   1.58999884             216
   1.59999883             213
   1.60999882             210
   1.61999881             209
   1.62999880             206
   1.63999879             203
   1.64999878             201
   1.65999877             199
   1.66999876             199
   1.67999876             197
   1.68999875             194
   1.69999874             192
   1.70999873             190
   1.71999872             187
   1.72999871             187
   1.73999870             184
   1.74999869             182
   1.75999868             181
   1.76999867             178
   1.77999866             178
   1.78999865             176
   1.79999864             172
   1.80999863             171
   1.81999862             171
   1.82999861             169
   1.83999860             168
   1.84999859             166
   1.85999858             165
   1.86999857             164
   1.87999856             161
   1.88999856             156
   1.89999855             155
   1.90999854             154
   1.91999853             152
   1.92999852             152
   1.93999851             149
   1.94999850             149
   1.95999849             146
   1.96999848             144
   1.97999847             142
   1.98999846             141
   1.99999845             140
   2.00999856             137
   2.01999855             137
   2.02999854             137
   2.03999853             136
   2.04999852             135
   2.05999851             135
   2.06999850             134
   2.07999849             132
   2.08999848             131
   2.09999847             127
   2.10999846             127
   2.11999846             127
   2.12999845             126
   2.13999844             126
   2.14999843             122
   2.15999842             119
   2.16999841             119
   2.17999840             116
   2.18999839             116
   2.19999838             114
   2.20999837             110
   2.21999836             109
   2.22999835             108
   2.23999834             107
   2.24999833             106
   2.25999832             105
   2.26999831             104
   2.27999830             103
   2.28999829             102
   2.29999828             101
   2.30999827             100
   2.31999826              99
   2.32999825              97
   2.33999825              97
   2.34999824              97
   2.35999823              97
   2.36999822              97
   2.37999821              96
   2.38999820              93
   2.39999819              92
   2.40999818              92
   2.41999817              92
   2.42999816              90
   2.43999815              89
   2.44999814              89
   2.45999813              89
   2.46999812              88
   2.47999811              88
   2.48999810              88
   2.49999809              88
   2.50999808              88
   2.51999807              87
   2.52999806              85
   2.53999805              84
   2.54999804              84
   2.55999804              84
   2.56999803              82
   2.57999802              82
   2.58999801              81
   2.59999800              81
   2.60999799              81
   2.61999798              81
   2.62999797              81
   2.63999796              81
   2.64999795              81
   2.65999794              80
   2.66999793              80
   2.67999792              80
   2.68999791              80
   2.69999790              78
   2.70999789              77
   2.71999788              77
   2.72999787              77
   2.73999786              77
   2.74999785              77
   2.75999784              74
   2.76999784              74
   2.77999783              72
   2.78999782              72
   2.79999781              70
   2.80999780              69
   2.81999779              69
   2.82999778              69
   2.83999777              67
   2.84999776              66
   2.85999775              65
   2.86999774              64
   2.87999773              64
   2.88999772              64
   2.89999771              63
   2.90999770              63
   2.91999769              63
   2.92999768              62
   2.93999767              62
   2.94999766              62
   2.95999765              62
   2.96999764              61
   2.97999763              61
   2.98999763              59
   2.99999762              59
   3.00999761              59
   3.01999760              59
   3.02999759              59
   3.03999758              58
   3.04999757              58
   3.05999756              58
   3.06999755              58
   3.07999754              55
   3.08999753              55
   3.09999752              54
   3.10999751              54
   3.11999750              54
   3.12999749              54
   3.13999748              53
   3.14999747              53
   3.15999746              53
   3.16999745              53
   3.17999744              53
   3.18999743              53
   3.19999743              53
   3.20999742              51
   3.21999741              51
   3.22999740              51
   3.23999739              50
   3.24999738              49
   3.25999737              49
   3.26999736              49
   3.27999735              49
   3.28999734              49
   3.29999733              47
   3.30999732              46
   3.31999731              46
   3.32999730              46
   3.33999729              45
   3.34999728              45
   3.35999727              45
   3.36999726              45
   3.37999725              45
   3.38999724              45
   3.39999723              44
   3.40999722              44
   3.41999722              44
   3.42999721              44
   3.43999720              42
   3.44999719              42
   3.45999718              41
   3.46999717              41
   3.47999716              41
   3.48999715              41
   3.49999714              40
   3.50999713              39
   3.51999712              39
   3.52999711              39
   3.53999710              39
   3.54999709              39
   3.55999708              37
   3.56999707              36
   3.57999706              35
   3.58999705              35
   3.59999704              35
   3.60999703              35
   3.61999702              34
   3.62999701              34
   3.63999701              34
   3.64999700              34
   3.65999699              34
   3.66999698              34
   3.67999697              34
   3.68999696              33
   3.69999695              32
   3.70999694              32
   3.71999693              31
   3.72999692              31
   3.73999691              31
   3.74999690              31
   3.75999689              31
   3.76999688              31
   3.77999687              31
   3.78999686              31
   3.79999685              31
   3.80999684              31
   3.81999683              31
   3.82999682              31
   3.83999681              31
   3.84999681              30
   3.85999680              30
   3.86999679              30
   3.87999678              30
   3.88999677              30
   3.89999676              30
   3.90999675              30
   3.91999674              28
   3.92999673              28
   3.93999672              28
   3.94999671              28
   3.95999670              28
   3.96999669              28
   3.97999668              28
   3.98999667              28
   3.99999666              28
   4.00999689              28
   4.01999712              28
   4.02999735              27
   4.03999758              27
   4.04999781              27
   4.05999804              27
   4.06999826              27
   4.07999849              27
   4.08999872              26
   4.09999895              26
   4.10999918              26
   4.11999941              26
   4.12999964              26
   4.13999987              25
   4.15000010              25
   4.16000032              24
   4.17000055              23
   4.18000078              23
   4.19000101              23
   4.20000124              22
   4.21000147              22
   4.22000170              22
   4.23000193              22
   4.24000216              22
   4.25000238              21
   4.26000261              20
   4.27000284              20
   4.28000307              20
   4.29000330              19
   4.30000353              19
   4.31000376              18
   4.32000399              17
   4.33000422              17
   4.34000444              17
   4.35000467              17
   4.36000490              17
   4.37000513              17
   4.38000536              17
   4.39000559              17
   4.40000582              17
   4.41000605              17
   4.42000628              16
   4.43000650              16
   4.44000673              16
   4.45000696              16
   4.46000719              16
   4.47000742              16
   4.48000765              16
   4.49000788              16
   4.50000811              16
   4.51000834              16
   4.52000856              16
   4.53000879              16
   4.54000902              16
   4.55000925              16
   4.56000948              16
   4.57000971              16
   4.58000994              16
   4.59001017              16
   4.60001040              16
   4.61001062              16
   4.62001085              16
   4.63001108              15
   4.64001131              15
   4.65001154              15
   4.66001177              14
   4.67001200              14
   4.68001223              12
   4.69001245              11
   4.70001268              11
   4.71001291              11
   4.72001314              11
   4.73001337              10
   4.74001360              10
   4.75001383              10
   4.76001406              10
   4.77001429              10
   4.78001451              10
   4.79001474              10
   4.80001497              10
   4.81001520              10
   4.82001543              10
   4.83001566              10
   4.84001589              10
   4.85001612              10
   4.86001635              10
   4.87001657              10
   4.88001680              10
   4.89001703              10
   4.90001726              10
   4.91001749              10
   4.92001772              10
   4.93001795              10
   4.94001818              10
   4.95001841              10
   4.96001863               9
   4.97001886               9
   4.98001909               9
   4.99001932               9
   5.00001955               9
   5.01001978               8
   5.02002001               8
   5.03002024               8
   5.04002047               8
   5.05002069               8
   5.06002092               8
   5.07002115               8
   5.08002138               8
   5.09002161               8
   5.10002184               8
   5.11002207               7
   5.12002230               7
   5.13002253               7
   5.14002275               7
   5.15002298               7
   5.16002321               6
   5.17002344               6
   5.18002367               6
   5.19002390               6
   5.20002413               6
   5.21002436               6
   5.22002459               6
   5.23002481               6
   5.24002504               6
   5.25002527               6
   5.26002550               6
   5.27002573               6
   5.28002596               6
   5.29002619               6
   5.30002642               6
   5.31002665               6
   5.32002687               6
   5.33002710               6
   5.34002733               6
   5.35002756               6
   5.36002779               6
   5.37002802               6
   5.38002825               6
   5.39002848               5
   5.40002871               5
   5.41002893               5
   5.42002916               5
   5.43002939               5
   5.44002962               5
   5.45002985               5
   5.46003008               5
   5.47003031               5
   5.48003054               5
   5.49003077               5
   5.50003099               5
   5.51003122               5
   5.52003145               5
   5.53003168               5
   5.54003191               4
   5.55003214               4
   5.56003237               4
   5.57003260               4
   5.58003283               4
   5.59003305               4
   5.60003328               4
   5.61003351               4
   5.62003374               4
   5.63003397               4
   5.64003420               4
   5.65003443               4
   5.66003466               4
   5.67003489               4
   5.68003511               4
   5.69003534               4
   5.70003557               4
   5.71003580               4
   5.72003603               4
   5.73003626               4
   5.74003649               4
   5.75003672               3
   5.76003695               3
   5.77003717               3
   5.78003740               3
   5.79003763               3
   5.80003786               3
   5.81003809               3
   5.82003832               3
   5.83003855               3
   5.84003878               3
   5.85003901               3
   5.86003923               3
   5.87003946               3
   5.88003969               3
   5.89003992               3
   5.90004015               3
   5.91004038               3
   5.92004061               3
   5.93004084               3
   5.94004107               3
   5.95004129               2
   5.96004152               2
   5.97004175               2
   5.98004198               2
   5.99004221               2
   6.00004244               2
   6.01004267               2
   6.02004290               2
   6.03004313               2
   6.04004335               2
   6.05004358               2
   6.06004381               1
   6.07004404               1
   6.08004427               1
   6.09004450               1
   6.10004473               1
   6.11004496               1
   6.12004519               1
   6.13004541               1
   6.14004564               1
   6.15004587               1
   6.16004610               1
   6.17004633               1
   6.18004656               1
   6.19004679               1
   6.20004702               1
   6.21004725               1
   6.22004747               1
   6.23004770               1
   6.24004793               1
   6.25004816               1
   6.26004839               1
   6.27004862               1
   6.28004885               1
   6.29004908               1
   6.30004930               1
   6.31004953               0
   6.32004976               0
   6.33004999               0
   6.34005022               0
   6.35005045               0
   6.36005068               0
   6.37005091               0
   6.38005114               0
   6.39005136               0
   6.40005159               0
   6.41005182               0
   6.42005205               0
   6.43005228               0
   6.44005251               0
   6.45005274               0
   6.46005297               0
   6.47005320               0
   6.48005342               0
   6.49005365               0
   6.50005388               0
   6.51005411               0
   6.52005434               0
   6.53005457               0
   6.54005480               0
   6.55005503               0
   6.56005526               0
   6.57005548               0
   6.58005571               0
   6.59005594               0
   6.60005617               0
   6.61005640               0
   6.62005663               0
   6.63005686               0
   6.64005709               0
   6.65005732               0
   6.66005754               0
   6.67005777               0
   6.68005800               0
   6.69005823               0
   6.70005846               0
   6.71005869               0
   6.72005892               0
   6.73005915               0
   6.74005938               0
   6.75005960               0
   6.76005983               0
   6.77006006               0
   6.78006029               0
   6.79006052               0
   6.80006075               0
   6.81006098               0
   6.82006121               0
   6.83006144               0
   6.84006166               0
   6.85006189               0
   6.86006212               0
   6.87006235               0
   6.88006258               0
   6.89006281               0
   6.90006304               0
   6.91006327               0
   6.92006350               0
   6.93006372               0
   6.94006395               0
   6.95006418               0
   6.96006441               0
   6.97006464               0
   6.98006487               0
   6.99006510               0
   7.00006533               0
   7.01006556               0
   7.02006578               0
   7.03006601               0
   7.04006624               0
   7.05006647               0
   7.06006670               0
   7.07006693               0
   7.08006716               0
   7.09006739               0
   7.10006762               0
   7.11006784               0
   7.12006807               0
   7.13006830               0
   7.14006853               0
   7.15006876               0
   7.16006899               0
   7.17006922               0
   7.18006945               0
   7.19006968               0
   7.20006990               0
   7.21007013               0
   7.22007036               0
   7.23007059               0
   7.24007082               0
   7.25007105               0
   7.26007128               0
   7.27007151               0
   7.28007174               0
   7.29007196               0
   7.30007219               0
   7.31007242               0
   7.32007265               0
   7.33007288               0
   7.34007311               0
   7.35007334               0
   7.36007357               0
   7.37007380               0
   7.38007402               0
   7.39007425               0
   7.40007448               0
   7.41007471               0
   7.42007494               0
   7.43007517               0
   7.44007540               0
   7.45007563               0
   7.46007586               0
   7.47007608               0
   7.48007631               0
   7.49007654               0
   7.50007677               0
   7.51007700               0
   7.52007723               0
   7.53007746               0
   7.54007769               0
   7.55007792               0
   7.56007814               0
   7.57007837               0
   7.58007860               0
   7.59007883               0
   7.60007906               0
   7.61007929               0
   7.62007952               0
   7.63007975               0
   7.64007998               0
   7.65008020               0
   7.66008043               0
   7.67008066               0
   7.68008089               0
   7.69008112               0
   7.70008135               0
   7.71008158               0
   7.72008181               0
   7.73008204               0
   7.74008226               0
   7.75008249               0
   7.76008272               0
   7.77008295               0
   7.78008318               0
   7.79008341               0
   7.80008364               0
   7.81008387               0
   7.82008410               0
   7.83008432               0
   7.84008455               0
   7.85008478               0
   7.86008501               0
   7.87008524               0
   7.88008547               0
   7.89008570               0
   7.90008593               0
   7.91008615               0
   7.92008638               0
   7.93008661               0
   7.94008684               0
   7.95008707               0
   7.96008730               0
   7.97008753               0
   7.98008776               0
   7.99008799               0
   8.00008774               0
