   0.00000000             994
   9.99999978E-03         987
   1.99999996E-02         978
   2.99999993E-02         967
   3.99999991E-02         952
   4.99999970E-02         940
   5.99999949E-02         929
   6.99999928E-02         923
   7.99999908E-02         916
   8.99999887E-02         910
   9.99999866E-02         904
  0.109999985             897
  0.119999982             885
  0.129999980             868
  0.139999986             859
  0.149999991             850
  0.159999996             842
  0.170000002             830
  0.180000007             824
  0.190000013             817
  0.200000018             811
  0.210000023             805
  0.220000029             797
  0.230000034             783
  0.240000039             776
  0.250000030             769
  0.260000020             763
  0.270000011             752
  0.280000001             743
  0.289999992             735
  0.299999982             730
  0.309999973             721
  0.319999963             716
  0.329999954             713
  0.339999944             706
  0.349999934             700
  0.359999925             688
  0.369999915             678
  0.379999906             669
  0.389999896             663
  0.399999887             661
  0.409999877             658
  0.419999868             653
  0.429999858             651
  0.439999849             647
  0.449999839             639
  0.459999830             628
  0.469999820             627
  0.479999810             624
  0.489999801             615
  0.499999791             609
  0.509999812             606
  0.519999802             602
  0.529999793             592
  0.539999783             586
  0.549999774             580
  0.559999764             573
  0.569999754             572
  0.579999745             566
  0.589999735             558
  0.599999726             554
  0.609999716             548
  0.619999707             538
  0.629999697             535
  0.639999688             525
  0.649999678             519
  0.659999669             514
  0.669999659             505
  0.679999650             501
  0.689999640             493
  0.699999630             487
  0.709999621             481
  0.719999611             478
  0.729999602             476
  0.739999592             467
  0.749999583             462
  0.759999573             458
  0.769999564             454
  0.779999554             449
  0.789999545             442
  0.799999535             441
  0.809999526             436
  0.819999516             435
  0.829999506             430
  0.839999497             426
  0.849999487             423
  0.859999478             418
  0.869999468             412
  0.879999459             407
  0.889999449             402
  0.899999440             399
  0.909999430             394
  0.919999421             390
  0.929999411             390
  0.939999402             383
  0.949999392             379
  0.959999382             373
  0.969999373             371
  0.979999363             366
  0.989999354             364
  0.999999344             361
   1.00999939             356
   1.01999938             354
   1.02999938             352
   1.03999937             349
   1.04999936             340
   1.05999935             333
   1.06999934             330
   1.07999933             328
   1.08999932             326
   1.09999931             323
   1.10999930             321
   1.11999929             318
   1.12999928             313
   1.13999927             310
   1.14999926             303
   1.15999925             298
   1.16999924             296
   1.17999923             294
   1.18999922             290
   1.19999921             288
   1.20999920             286
   1.21999919             286
   1.22999918             284
   1.23999918             281
   1.24999917             281
   1.25999916             279
   1.26999915             279
   1.27999914             275
   1.28999913             275
   1.29999912             270
   1.30999911             268
   1.31999910             268
   1.32999909             266
   1.33999908             264
   1.34999907             261
   1.35999906             260
   1.36999905             256
   1.37999904             256
   1.38999903             253
   1.39999902             253
   1.40999901             252
   1.41999900             248
   1.42999899             248
   1.43999898             246
   1.44999897             243
   1.45999897             241
   1.46999896             237
   1.47999895             235
   1.48999894             234
   1.49999893             232
   1.50999892             228
   1.51999891             226
   1.52999890             225
   1.53999889             221
   1.54999888             221
   1.55999887             220
   1.56999886             219
   1.57999885             218
   1.58999884             218
   1.59999883             216
   1.60999882             213
   1.61999881             212
   1.62999880             209
   1.63999879             207
   1.64999878             205
   1.65999877             203
   1.66999876             201
   1.67999876             196
   1.68999875             196
   1.69999874             195
   1.70999873             193
   1.71999872             192
   1.72999871             190
   1.73999870             189
   1.74999869             188
   1.75999868             185
   1.76999867             184
   1.77999866             183
   1.78999865             181
   1.79999864             178
   1.80999863             176
   1.81999862             172
   1.82999861             170
   1.83999860             165
   1.84999859             162
   1.85999858             161
   1.86999857             158
   1.87999856             156
   1.88999856             155
   1.89999855             154
   1.90999854             153
   1.91999853             153
   1.92999852             153
   1.93999851             152
   1.94999850             152
   1.95999849             150
   1.96999848             150
   1.97999847             150
   1.98999846             149
   1.99999845             148
   2.00999856             147
   2.01999855             145
   2.02999854             145
   2.03999853             145
   2.04999852             145
   2.05999851             144
   2.06999850             143
   2.07999849             141
   2.08999848             140
   2.09999847             139
   2.10999846             139
   2.11999846             138
   2.12999845             138
   2.13999844             137
   2.14999843             135
   2.15999842             133
   2.16999841             132
   2.17999840             132
   2.18999839             129
   2.19999838             129
   2.20999837             128
   2.21999836             127
   2.22999835             126
   2.23999834             123
   2.24999833             122
   2.25999832             121
   2.26999831             120
   2.27999830             117
   2.28999829             117
   2.29999828             117
   2.30999827             116
   2.31999826             112
   2.32999825             112
   2.33999825             112
   2.34999824             110
   2.35999823             108
   2.36999822             105
   2.37999821             103
   2.38999820             102
   2.39999819             100
   2.40999818              99
   2.41999817              96
   2.42999816              94
   2.43999815              93
   2.44999814              92
   2.45999813              90
   2.46999812              88
   2.47999811              88
   2.48999810              86
   2.49999809              84
   2.50999808              83
   2.51999807              81
   2.52999806              81
   2.53999805              80
   2.54999804              80
   2.55999804              79
   2.56999803              77
   2.57999802              76
   2.58999801              76
   2.59999800              76
   2.60999799              76
   2.61999798              75
   2.62999797              74
   2.63999796              73
   2.64999795              73
   2.65999794              73
   2.66999793              73
   2.67999792              72
   2.68999791              71
   2.69999790              68
   2.70999789              68
   2.71999788              68
   2.72999787              67
   2.73999786              67
   2.74999785              65
   2.75999784              64
   2.76999784              64
   2.77999783              64
   2.78999782              64
   2.79999781              63
   2.80999780              63
   2.81999779              63
   2.82999778              62
   2.83999777              62
   2.84999776              61
   2.85999775              61
   2.86999774              59
   2.87999773              58
   2.88999772              57
   2.89999771              57
   2.90999770              56
   2.91999769              54
   2.92999768              53
   2.93999767              53
   2.94999766              52
   2.95999765              50
   2.96999764              50
   2.97999763              50
   2.98999763              49
   2.99999762              49
   3.00999761              47
   3.01999760              47
   3.02999759              47
   3.03999758              46
   3.04999757              43
   3.05999756              43
   3.06999755              43
   3.07999754              43
   3.08999753              43
   3.09999752              43
   3.10999751              43
   3.11999750              43
   3.12999749              43
   3.13999748              43
   3.14999747              43
   3.15999746              43
   3.16999745              43
   3.17999744              43
   3.18999743              41
   3.19999743              41
   3.20999742              40
   3.21999741              40
   3.22999740              40
   3.23999739              40
   3.24999738              40
   3.25999737              40
   3.26999736              40
   3.27999735              40
   3.28999734              40
   3.29999733              40
   3.30999732              40
   3.31999731              40
   3.32999730              39
   3.33999729              39
   3.34999728              39
   3.35999727              39
   3.36999726              39
   3.37999725              36
   3.38999724              36
   3.39999723              36
   3.40999722              36
   3.41999722              35
   3.42999721              35
   3.43999720              35
   3.44999719              35
   3.45999718              35
   3.46999717              35
   3.47999716              35
   3.48999715              35
   3.49999714              35
   3.50999713              35
   3.51999712              35
   3.52999711              35
   3.53999710              35
   3.54999709              35
   3.55999708              34
   3.56999707              34
   3.57999706              34
   3.58999705              34
   3.59999704              33
   3.60999703              33
   3.61999702              33
   3.62999701              32
   3.63999701              30
   3.64999700              30
   3.65999699              30
   3.66999698              30
   3.67999697              30
   3.68999696              30
   3.69999695              30
   3.70999694              28
   3.71999693              28
   3.72999692              28
   3.73999691              27
   3.74999690              27
   3.75999689              27
   3.76999688              26
   3.77999687              26
   3.78999686              26
   3.79999685              26
   3.80999684              24
   3.81999683              24
   3.82999682              24
   3.83999681              24
   3.84999681              24
   3.85999680              23
   3.86999679              21
   3.87999678              20
   3.88999677              20
   3.89999676              20
   3.90999675              20
   3.91999674              20
   3.92999673              20
   3.93999672              20
   3.94999671              19
   3.95999670              19
   3.96999669              19
   3.97999668              19
   3.98999667              19
   3.99999666              19
   4.00999689              19
   4.01999712              19
   4.02999735              19
   4.03999758              19
   4.04999781              19
   4.05999804              19
   4.06999826              19
   4.07999849              19
   4.08999872              19
   4.09999895              19
   4.10999918              19
   4.11999941              19
   4.12999964              19
   4.13999987              19
   4.15000010              19
   4.16000032              19
   4.17000055              18
   4.18000078              18
   4.19000101              18
   4.20000124              18
   4.21000147              18
   4.22000170              18
   4.23000193              18
   4.24000216              18
   4.25000238              18
   4.26000261              18
   4.27000284              17
   4.28000307              17
   4.29000330              16
   4.30000353              16
   4.31000376              16
   4.32000399              16
   4.33000422              16
   4.34000444              16
   4.35000467              15
   4.36000490              15
   4.37000513              15
   4.38000536              15
   4.39000559              15
   4.40000582              15
   4.41000605              15
   4.42000628              15
   4.43000650              15
   4.44000673              14
   4.45000696              14
   4.46000719              14
   4.47000742              14
   4.48000765              14
   4.49000788              14
   4.50000811              14
   4.51000834              14
   4.52000856              14
   4.53000879              14
   4.54000902              14
   4.55000925              14
   4.56000948              14
   4.57000971              14
   4.58000994              14
   4.59001017              14
   4.60001040              13
   4.61001062              13
   4.62001085              13
   4.63001108              13
   4.64001131              13
   4.65001154              12
   4.66001177              11
   4.67001200              11
   4.68001223              11
   4.69001245              11
   4.70001268              11
   4.71001291              11
   4.72001314              11
   4.73001337              11
   4.74001360              11
   4.75001383              11
   4.76001406              11
   4.77001429              11
   4.78001451              10
   4.79001474              10
   4.80001497              10
   4.81001520              10
   4.82001543              10
   4.83001566              10
   4.84001589               9
   4.85001612               9
   4.86001635               9
   4.87001657               9
   4.88001680               9
   4.89001703               9
   4.90001726               9
   4.91001749               9
   4.92001772               9
   4.93001795               9
   4.94001818               9
   4.95001841               9
   4.96001863               9
   4.97001886               9
   4.98001909               9
   4.99001932               9
   5.00001955               9
   5.01001978               9
   5.02002001               9
   5.03002024               8
   5.04002047               8
   5.05002069               8
   5.06002092               7
   5.07002115               7
   5.08002138               7
   5.09002161               7
   5.10002184               7
   5.11002207               7
   5.12002230               7
   5.13002253               7
   5.14002275               7
   5.15002298               7
   5.16002321               7
   5.17002344               7
   5.18002367               7
   5.19002390               7
   5.20002413               7
   5.21002436               7
   5.22002459               7
   5.23002481               7
   5.24002504               6
   5.25002527               6
   5.26002550               6
   5.27002573               6
   5.28002596               5
   5.29002619               5
   5.30002642               5
   5.31002665               5
   5.32002687               5
   5.33002710               5
   5.34002733               5
   5.35002756               5
   5.36002779               5
   5.37002802               5
   5.38002825               5
   5.39002848               5
   5.40002871               5
   5.41002893               5
   5.42002916               5
   5.43002939               5
   5.44002962               5
   5.45002985               5
   5.46003008               5
   5.47003031               5
   5.48003054               5
   5.49003077               5
   5.50003099               5
   5.51003122               5
   5.52003145               5
   5.53003168               5
   5.54003191               5
   5.55003214               5
   5.56003237               5
   5.57003260               5
   5.58003283               5
   5.59003305               5
   5.60003328               5
   5.61003351               5
   5.62003374               5
   5.63003397               5
   5.64003420               5
   5.65003443               5
   5.66003466               5
   5.67003489               5
   5.68003511               5
   5.69003534               5
   5.70003557               5
   5.71003580               5
   5.72003603               5
   5.73003626               5
   5.74003649               5
   5.75003672               5
   5.76003695               5
   5.77003717               5
   5.78003740               5
   5.79003763               5
   5.80003786               5
   5.81003809               5
   5.82003832               5
   5.83003855               5
   5.84003878               5
   5.85003901               5
   5.86003923               5
   5.87003946               5
   5.88003969               5
   5.89003992               5
   5.90004015               5
   5.91004038               5
   5.92004061               5
   5.93004084               5
   5.94004107               5
   5.95004129               5
   5.96004152               5
   5.97004175               5
   5.98004198               5
   5.99004221               5
   6.00004244               5
   6.01004267               5
   6.02004290               5
   6.03004313               5
   6.04004335               5
   6.05004358               5
   6.06004381               5
   6.07004404               5
   6.08004427               5
   6.09004450               5
   6.10004473               5
   6.11004496               5
   6.12004519               5
   6.13004541               5
   6.14004564               5
   6.15004587               5
   6.16004610               5
   6.17004633               5
   6.18004656               5
   6.19004679               5
   6.20004702               5
   6.21004725               5
   6.22004747               5
   6.23004770               5
   6.24004793               5
   6.25004816               5
   6.26004839               5
   6.27004862               5
   6.28004885               5
   6.29004908               5
   6.30004930               5
   6.31004953               5
   6.32004976               5
   6.33004999               5
   6.34005022               5
   6.35005045               5
   6.36005068               4
   6.37005091               4
   6.38005114               4
   6.39005136               4
   6.40005159               4
   6.41005182               4
   6.42005205               4
   6.43005228               4
   6.44005251               4
   6.45005274               4
   6.46005297               4
   6.47005320               4
   6.48005342               4
   6.49005365               4
   6.50005388               4
   6.51005411               4
   6.52005434               4
   6.53005457               4
   6.54005480               4
   6.55005503               4
   6.56005526               4
   6.57005548               4
   6.58005571               4
   6.59005594               4
   6.60005617               4
   6.61005640               4
   6.62005663               4
   6.63005686               4
   6.64005709               4
   6.65005732               4
   6.66005754               4
   6.67005777               4
   6.68005800               4
   6.69005823               4
   6.70005846               4
   6.71005869               4
   6.72005892               4
   6.73005915               4
   6.74005938               3
   6.75005960               3
   6.76005983               3
   6.77006006               3
   6.78006029               3
   6.79006052               3
   6.80006075               3
   6.81006098               3
   6.82006121               3
   6.83006144               3
   6.84006166               3
   6.85006189               3
   6.86006212               3
   6.87006235               3
   6.88006258               3
   6.89006281               3
   6.90006304               3
   6.91006327               3
   6.92006350               3
   6.93006372               3
   6.94006395               3
   6.95006418               3
   6.96006441               3
   6.97006464               3
   6.98006487               3
   6.99006510               3
   7.00006533               3
   7.01006556               3
   7.02006578               3
   7.03006601               3
   7.04006624               3
   7.05006647               3
   7.06006670               3
   7.07006693               3
   7.08006716               3
   7.09006739               3
   7.10006762               3
   7.11006784               3
   7.12006807               3
   7.13006830               3
   7.14006853               2
   7.15006876               2
   7.16006899               2
   7.17006922               2
   7.18006945               2
   7.19006968               2
   7.20006990               2
   7.21007013               2
   7.22007036               2
   7.23007059               2
   7.24007082               2
   7.25007105               2
   7.26007128               2
   7.27007151               2
   7.28007174               2
   7.29007196               2
   7.30007219               2
   7.31007242               2
   7.32007265               2
   7.33007288               2
   7.34007311               2
   7.35007334               2
   7.36007357               2
   7.37007380               2
   7.38007402               2
   7.39007425               2
   7.40007448               2
   7.41007471               2
   7.42007494               2
   7.43007517               2
   7.44007540               2
   7.45007563               2
   7.46007586               2
   7.47007608               1
   7.48007631               1
   7.49007654               1
   7.50007677               1
   7.51007700               1
   7.52007723               1
   7.53007746               1
   7.54007769               1
   7.55007792               1
   7.56007814               1
   7.57007837               1
   7.58007860               0
   7.59007883               0
   7.60007906               0
   7.61007929               0
   7.62007952               0
   7.63007975               0
   7.64007998               0
   7.65008020               0
   7.66008043               0
   7.67008066               0
   7.68008089               0
   7.69008112               0
   7.70008135               0
   7.71008158               0
   7.72008181               0
   7.73008204               0
   7.74008226               0
   7.75008249               0
   7.76008272               0
   7.77008295               0
   7.78008318               0
   7.79008341               0
   7.80008364               0
   7.81008387               0
   7.82008410               0
   7.83008432               0
   7.84008455               0
   7.85008478               0
   7.86008501               0
   7.87008524               0
   7.88008547               0
   7.89008570               0
   7.90008593               0
   7.91008615               0
   7.92008638               0
   7.93008661               0
   7.94008684               0
   7.95008707               0
   7.96008730               0
   7.97008753               0
   7.98008776               0
   7.99008799               0
   8.00008774               0
