   0.00000000             990
   9.99999978E-03         982
   1.99999996E-02         978
   2.99999993E-02         967
   3.99999991E-02         955
   4.99999970E-02         946
   5.99999949E-02         937
   6.99999928E-02         926
   7.99999908E-02         920
   8.99999887E-02         910
   9.99999866E-02         902
  0.109999985             888
  0.119999982             878
  0.129999980             872
  0.139999986             864
  0.149999991             854
  0.159999996             843
  0.170000002             839
  0.180000007             831
  0.190000013             822
  0.200000018             808
  0.210000023             799
  0.220000029             795
  0.230000034             788
  0.240000039             778
  0.250000030             767
  0.260000020             753
  0.270000011             744
  0.280000001             739
  0.289999992             729
  0.299999982             721
  0.309999973             715
  0.319999963             707
  0.329999954             700
  0.339999944             696
  0.349999934             689
  0.359999925             684
  0.369999915             680
  0.379999906             670
  0.389999896             665
  0.399999887             659
  0.409999877             655
  0.419999868             647
  0.429999858             639
  0.439999849             634
  0.449999839             630
  0.459999830             621
  0.469999820             613
  0.479999810             608
  0.489999801             600
  0.499999791             594
  0.509999812             588
  0.519999802             587
  0.529999793             582
  0.539999783             576
  0.549999774             573
  0.559999764             567
  0.569999754             560
  0.579999745             549
  0.589999735             542
  0.599999726             540
  0.609999716             534
  0.619999707             531
  0.629999697             528
  0.639999688             523
  0.649999678             518
  0.659999669             511
  0.669999659             508
  0.679999650             501
  0.689999640             497
  0.699999630             492
  0.709999621             487
  0.719999611             480
  0.729999602             479
  0.739999592             474
  0.749999583             466
  0.759999573             460
  0.769999564             455
  0.779999554             453
  0.789999545             447
  0.799999535             443
  0.809999526             439
  0.819999516             434
  0.829999506             428
  0.839999497             425
  0.849999487             419
  0.859999478             413
  0.869999468             410
  0.879999459             409
  0.889999449             408
  0.899999440             407
  0.909999430             402
  0.919999421             400
  0.929999411             392
  0.939999402             390
  0.949999392             388
  0.959999382             385
  0.969999373             383
  0.979999363             379
  0.989999354             378
  0.999999344             373
   1.00999939             368
   1.01999938             363
   1.02999938             358
   1.03999937             354
   1.04999936             351
   1.05999935             349
   1.06999934             346
   1.07999933             343
   1.08999932             341
   1.09999931             339
   1.10999930             334
   1.11999929             330
   1.12999928             327
   1.13999927             327
   1.14999926             323
   1.15999925             320
   1.16999924             318
   1.17999923             314
   1.18999922             313
   1.19999921             311
   1.20999920             308
   1.21999919             305
   1.22999918             300
   1.23999918             298
   1.24999917             296
   1.25999916             293
   1.26999915             289
   1.27999914             288
   1.28999913             287
   1.29999912             287
   1.30999911             285
   1.31999910             283
   1.32999909             280
   1.33999908             280
   1.34999907             280
   1.35999906             280
   1.36999905             278
   1.37999904             277
   1.38999903             273
   1.39999902             273
   1.40999901             270
   1.41999900             269
   1.42999899             268
   1.43999898             265
   1.44999897             264
   1.45999897             260
   1.46999896             256
   1.47999895             255
   1.48999894             252
   1.49999893             250
   1.50999892             248
   1.51999891             245
   1.52999890             242
   1.53999889             239
   1.54999888             238
   1.55999887             237
   1.56999886             236
   1.57999885             235
   1.58999884             233
   1.59999883             231
   1.60999882             229
   1.61999881             226
   1.62999880             223
   1.63999879             223
   1.64999878             217
   1.65999877             214
   1.66999876             209
   1.67999876             209
   1.68999875             207
   1.69999874             206
   1.70999873             203
   1.71999872             203
   1.72999871             203
   1.73999870             202
   1.74999869             201
   1.75999868             200
   1.76999867             196
   1.77999866             193
   1.78999865             190
   1.79999864             187
   1.80999863             184
   1.81999862             183
   1.82999861             182
   1.83999860             181
   1.84999859             179
   1.85999858             179
   1.86999857             176
   1.87999856             170
   1.88999856             168
   1.89999855             167
   1.90999854             166
   1.91999853             164
   1.92999852             160
   1.93999851             157
   1.94999850             156
   1.95999849             155
   1.96999848             155
   1.97999847             153
   1.98999846             152
   1.99999845             150
   2.00999856             148
   2.01999855             146
   2.02999854             146
   2.03999853             144
   2.04999852             141
   2.05999851             137
   2.06999850             136
   2.07999849             135
   2.08999848             134
   2.09999847             134
   2.10999846             132
   2.11999846             132
   2.12999845             131
   2.13999844             130
   2.14999843             128
   2.15999842             125
   2.16999841             123
   2.17999840             117
   2.18999839             115
   2.19999838             114
   2.20999837             113
   2.21999836             111
   2.22999835             110
   2.23999834             109
   2.24999833             106
   2.25999832             106
   2.26999831             105
   2.27999830             104
   2.28999829             104
   2.29999828             104
   2.30999827             102
   2.31999826             101
   2.32999825             101
   2.33999825             101
   2.34999824             100
   2.35999823              99
   2.36999822              99
   2.37999821              99
   2.38999820              96
   2.39999819              96
   2.40999818              95
   2.41999817              95
   2.42999816              93
   2.43999815              93
   2.44999814              92
   2.45999813              89
   2.46999812              87
   2.47999811              86
   2.48999810              86
   2.49999809              84
   2.50999808              84
   2.51999807              84
   2.52999806              84
   2.53999805              84
   2.54999804              84
   2.55999804              83
   2.56999803              83
   2.57999802              81
   2.58999801              79
   2.59999800              78
   2.60999799              78
   2.61999798              76
   2.62999797              75
   2.63999796              73
   2.64999795              73
   2.65999794              73
   2.66999793              72
   2.67999792              71
   2.68999791              70
   2.69999790              69
   2.70999789              69
   2.71999788              69
   2.72999787              68
   2.73999786              68
   2.74999785              67
   2.75999784              67
   2.76999784              67
   2.77999783              67
   2.78999782              67
   2.79999781              67
   2.80999780              67
   2.81999779              66
   2.82999778              66
   2.83999777              65
   2.84999776              65
   2.85999775              65
   2.86999774              64
   2.87999773              64
   2.88999772              64
   2.89999771              63
   2.90999770              63
   2.91999769              61
   2.92999768              60
   2.93999767              59
   2.94999766              59
   2.95999765              59
   2.96999764              59
   2.97999763              58
   2.98999763              56
   2.99999762              56
   3.00999761              56
   3.01999760              56
   3.02999759              55
   3.03999758              54
   3.04999757              54
   3.05999756              54
   3.06999755              54
   3.07999754              53
   3.08999753              53
   3.09999752              53
   3.10999751              53
   3.11999750              53
   3.12999749              53
   3.13999748              53
   3.14999747              53
   3.15999746              53
   3.16999745              53
   3.17999744              53
   3.18999743              52
   3.19999743              52
   3.20999742              51
   3.21999741              51
   3.22999740              51
   3.23999739              51
   3.24999738              50
   3.25999737              49
   3.26999736              49
   3.27999735              49
   3.28999734              48
   3.29999733              47
   3.30999732              46
   3.31999731              46
   3.32999730              46
   3.33999729              46
   3.34999728              45
   3.35999727              44
   3.36999726              44
   3.37999725              44
   3.38999724              44
   3.39999723              44
   3.40999722              43
   3.41999722              43
   3.42999721              43
   3.43999720              43
   3.44999719              42
   3.45999718              42
   3.46999717              42
   3.47999716              42
   3.48999715              42
   3.49999714              41
   3.50999713              41
   3.51999712              41
   3.52999711              41
   3.53999710              40
   3.54999709              40
   3.55999708              39
   3.56999707              39
   3.57999706              39
   3.58999705              39
   3.59999704              39
   3.60999703              39
   3.61999702              38
   3.62999701              38
   3.63999701              37
   3.64999700              37
   3.65999699              37
   3.66999698              37
   3.67999697              37
   3.68999696              36
   3.69999695              36
   3.70999694              36
   3.71999693              36
   3.72999692              35
   3.73999691              35
   3.74999690              35
   3.75999689              35
   3.76999688              35
   3.77999687              34
   3.78999686              34
   3.79999685              33
   3.80999684              33
   3.81999683              33
   3.82999682              33
   3.83999681              33
   3.84999681              33
   3.85999680              33
   3.86999679              33
   3.87999678              33
   3.88999677              33
   3.89999676              32
   3.90999675              31
   3.91999674              31
   3.92999673              31
   3.93999672              31
   3.94999671              31
   3.95999670              30
   3.96999669              29
   3.97999668              29
   3.98999667              29
   3.99999666              29
   4.00999689              29
   4.01999712              29
   4.02999735              29
   4.03999758              29
   4.04999781              28
   4.05999804              28
   4.06999826              27
   4.07999849              27
   4.08999872              27
   4.09999895              27
   4.10999918              27
   4.11999941              27
   4.12999964              26
   4.13999987              26
   4.15000010              26
   4.16000032              26
   4.17000055              25
   4.18000078              25
   4.19000101              25
   4.20000124              24
   4.21000147              24
   4.22000170              24
   4.23000193              24
   4.24000216              24
   4.25000238              24
   4.26000261              24
   4.27000284              24
   4.28000307              24
   4.29000330              24
   4.30000353              24
   4.31000376              24
   4.32000399              24
   4.33000422              24
   4.34000444              24
   4.35000467              22
   4.36000490              22
   4.37000513              22
   4.38000536              22
   4.39000559              22
   4.40000582              22
   4.41000605              22
   4.42000628              21
   4.43000650              21
   4.44000673              21
   4.45000696              20
   4.46000719              20
   4.47000742              20
   4.48000765              20
   4.49000788              20
   4.50000811              20
   4.51000834              20
   4.52000856              20
   4.53000879              20
   4.54000902              20
   4.55000925              20
   4.56000948              19
   4.57000971              19
   4.58000994              19
   4.59001017              18
   4.60001040              18
   4.61001062              18
   4.62001085              18
   4.63001108              18
   4.64001131              18
   4.65001154              18
   4.66001177              18
   4.67001200              18
   4.68001223              17
   4.69001245              17
   4.70001268              17
   4.71001291              17
   4.72001314              17
   4.73001337              17
   4.74001360              17
   4.75001383              17
   4.76001406              16
   4.77001429              16
   4.78001451              16
   4.79001474              16
   4.80001497              16
   4.81001520              14
   4.82001543              14
   4.83001566              14
   4.84001589              14
   4.85001612              14
   4.86001635              14
   4.87001657              14
   4.88001680              14
   4.89001703              14
   4.90001726              14
   4.91001749              14
   4.92001772              14
   4.93001795              14
   4.94001818              14
   4.95001841              14
   4.96001863              13
   4.97001886              13
   4.98001909              13
   4.99001932              13
   5.00001955              13
   5.01001978              13
   5.02002001              12
   5.03002024              12
   5.04002047              12
   5.05002069              12
   5.06002092              11
   5.07002115              11
   5.08002138              11
   5.09002161              10
   5.10002184              10
   5.11002207              10
   5.12002230              10
   5.13002253              10
   5.14002275              10
   5.15002298              10
   5.16002321              10
   5.17002344              10
   5.18002367              10
   5.19002390              10
   5.20002413              10
   5.21002436              10
   5.22002459              10
   5.23002481               9
   5.24002504               9
   5.25002527               8
   5.26002550               8
   5.27002573               8
   5.28002596               8
   5.29002619               8
   5.30002642               8
   5.31002665               8
   5.32002687               8
   5.33002710               8
   5.34002733               8
   5.35002756               8
   5.36002779               8
   5.37002802               8
   5.38002825               8
   5.39002848               8
   5.40002871               8
   5.41002893               8
   5.42002916               7
   5.43002939               7
   5.44002962               7
   5.45002985               7
   5.46003008               7
   5.47003031               7
   5.48003054               6
   5.49003077               6
   5.50003099               6
   5.51003122               6
   5.52003145               6
   5.53003168               6
   5.54003191               5
   5.55003214               5
   5.56003237               5
   5.57003260               5
   5.58003283               5
   5.59003305               4
   5.60003328               4
   5.61003351               4
   5.62003374               4
   5.63003397               4
   5.64003420               4
   5.65003443               4
   5.66003466               4
   5.67003489               4
   5.68003511               3
   5.69003534               3
   5.70003557               3
   5.71003580               2
   5.72003603               2
   5.73003626               2
   5.74003649               2
   5.75003672               2
   5.76003695               2
   5.77003717               2
   5.78003740               2
   5.79003763               2
   5.80003786               2
   5.81003809               2
   5.82003832               2
   5.83003855               2
   5.84003878               2
   5.85003901               2
   5.86003923               2
   5.87003946               2
   5.88003969               2
   5.89003992               2
   5.90004015               2
   5.91004038               2
   5.92004061               2
   5.93004084               2
   5.94004107               2
   5.95004129               2
   5.96004152               2
   5.97004175               2
   5.98004198               2
   5.99004221               2
   6.00004244               2
   6.01004267               2
   6.02004290               2
   6.03004313               2
   6.04004335               2
   6.05004358               2
   6.06004381               2
   6.07004404               2
   6.08004427               2
   6.09004450               2
   6.10004473               2
   6.11004496               2
   6.12004519               2
   6.13004541               2
   6.14004564               2
   6.15004587               2
   6.16004610               2
   6.17004633               2
   6.18004656               2
   6.19004679               2
   6.20004702               2
   6.21004725               2
   6.22004747               2
   6.23004770               2
   6.24004793               2
   6.25004816               2
   6.26004839               2
   6.27004862               2
   6.28004885               2
   6.29004908               2
   6.30004930               2
   6.31004953               2
   6.32004976               2
   6.33004999               2
   6.34005022               2
   6.35005045               2
   6.36005068               2
   6.37005091               2
   6.38005114               2
   6.39005136               2
   6.40005159               2
   6.41005182               2
   6.42005205               2
   6.43005228               2
   6.44005251               2
   6.45005274               2
   6.46005297               2
   6.47005320               2
   6.48005342               2
   6.49005365               2
   6.50005388               1
   6.51005411               1
   6.52005434               1
   6.53005457               1
   6.54005480               1
   6.55005503               1
   6.56005526               1
   6.57005548               1
   6.58005571               1
   6.59005594               1
   6.60005617               1
   6.61005640               1
   6.62005663               1
   6.63005686               1
   6.64005709               1
   6.65005732               1
   6.66005754               1
   6.67005777               1
   6.68005800               1
   6.69005823               1
   6.70005846               1
   6.71005869               1
   6.72005892               1
   6.73005915               1
   6.74005938               1
   6.75005960               1
   6.76005983               1
   6.77006006               1
   6.78006029               1
   6.79006052               1
   6.80006075               1
   6.81006098               1
   6.82006121               1
   6.83006144               1
   6.84006166               1
   6.85006189               1
   6.86006212               1
   6.87006235               1
   6.88006258               1
   6.89006281               1
   6.90006304               1
   6.91006327               1
   6.92006350               1
   6.93006372               1
   6.94006395               1
   6.95006418               1
   6.96006441               1
   6.97006464               1
   6.98006487               1
   6.99006510               1
   7.00006533               1
   7.01006556               1
   7.02006578               1
   7.03006601               1
   7.04006624               1
   7.05006647               1
   7.06006670               1
   7.07006693               1
   7.08006716               1
   7.09006739               1
   7.10006762               1
   7.11006784               1
   7.12006807               1
   7.13006830               1
   7.14006853               1
   7.15006876               1
   7.16006899               1
   7.17006922               1
   7.18006945               1
   7.19006968               1
   7.20006990               1
   7.21007013               1
   7.22007036               1
   7.23007059               1
   7.24007082               1
   7.25007105               1
   7.26007128               1
   7.27007151               1
   7.28007174               1
   7.29007196               1
   7.30007219               1
   7.31007242               1
   7.32007265               1
   7.33007288               1
   7.34007311               1
   7.35007334               1
   7.36007357               1
   7.37007380               1
   7.38007402               1
   7.39007425               1
   7.40007448               1
   7.41007471               1
   7.42007494               1
   7.43007517               1
   7.44007540               1
   7.45007563               1
   7.46007586               1
   7.47007608               1
   7.48007631               1
   7.49007654               1
   7.50007677               1
   7.51007700               1
   7.52007723               1
   7.53007746               1
   7.54007769               1
   7.55007792               1
   7.56007814               1
   7.57007837               1
   7.58007860               1
   7.59007883               1
   7.60007906               1
   7.61007929               1
   7.62007952               1
   7.63007975               1
   7.64007998               1
   7.65008020               1
   7.66008043               1
   7.67008066               1
   7.68008089               1
   7.69008112               1
   7.70008135               1
   7.71008158               1
   7.72008181               1
   7.73008204               1
   7.74008226               1
   7.75008249               1
   7.76008272               1
   7.77008295               1
   7.78008318               1
   7.79008341               1
   7.80008364               1
   7.81008387               1
   7.82008410               1
   7.83008432               1
   7.84008455               1
   7.85008478               1
   7.86008501               1
   7.87008524               1
   7.88008547               1
   7.89008570               1
   7.90008593               1
   7.91008615               1
   7.92008638               1
   7.93008661               1
   7.94008684               1
   7.95008707               1
   7.96008730               1
   7.97008753               1
   7.98008776               1
   7.99008799               1
   8.00008774               1
