   0.00000000             986
   9.99999978E-03         975
   1.99999996E-02         966
   2.99999993E-02         956
   3.99999991E-02         942
   4.99999970E-02         930
   5.99999949E-02         920
   6.99999928E-02         906
   7.99999908E-02         896
   8.99999887E-02         881
   9.99999866E-02         871
  0.109999985             862
  0.119999982             854
  0.129999980             844
  0.139999986             839
  0.149999991             830
  0.159999996             822
  0.170000002             816
  0.180000007             812
  0.190000013             802
  0.200000018             793
  0.210000023             786
  0.220000029             778
  0.230000034             764
  0.240000039             759
  0.250000030             749
  0.260000020             742
  0.270000011             732
  0.280000001             729
  0.289999992             719
  0.299999982             712
  0.309999973             698
  0.319999963             684
  0.329999954             680
  0.339999944             674
  0.349999934             666
  0.359999925             660
  0.369999915             657
  0.379999906             648
  0.389999896             643
  0.399999887             637
  0.409999877             630
  0.419999868             623
  0.429999858             617
  0.439999849             612
  0.449999839             607
  0.459999830             599
  0.469999820             595
  0.479999810             587
  0.489999801             579
  0.499999791             572
  0.509999812             566
  0.519999802             561
  0.529999793             555
  0.539999783             547
  0.549999774             535
  0.559999764             525
  0.569999754             517
  0.579999745             513
  0.589999735             509
  0.599999726             508
  0.609999716             503
  0.619999707             501
  0.629999697             497
  0.639999688             491
  0.649999678             486
  0.659999669             482
  0.669999659             481
  0.679999650             479
  0.689999640             477
  0.699999630             472
  0.709999621             464
  0.719999611             461
  0.729999602             457
  0.739999592             444
  0.749999583             441
  0.759999573             440
  0.769999564             435
  0.779999554             432
  0.789999545             428
  0.799999535             423
  0.809999526             421
  0.819999516             417
  0.829999506             411
  0.839999497             409
  0.849999487             408
  0.859999478             405
  0.869999468             403
  0.879999459             402
  0.889999449             395
  0.899999440             391
  0.909999430             386
  0.919999421             382
  0.929999411             379
  0.939999402             375
  0.949999392             366
  0.959999382             360
  0.969999373             358
  0.979999363             355
  0.989999354             349
  0.999999344             344
   1.00999939             342
   1.01999938             340
   1.02999938             339
   1.03999937             334
   1.04999936             329
   1.05999935             326
   1.06999934             324
   1.07999933             323
   1.08999932             322
   1.09999931             318
   1.10999930             317
   1.11999929             312
   1.12999928             310
   1.13999927             306
   1.14999926             301
   1.15999925             298
   1.16999924             294
   1.17999923             288
   1.18999922             282
   1.19999921             281
   1.20999920             278
   1.21999919             275
   1.22999918             272
   1.23999918             270
   1.24999917             268
   1.25999916             267
   1.26999915             266
   1.27999914             264
   1.28999913             261
   1.29999912             255
   1.30999911             253
   1.31999910             253
   1.32999909             249
   1.33999908             245
   1.34999907             244
   1.35999906             242
   1.36999905             235
   1.37999904             232
   1.38999903             229
   1.39999902             226
   1.40999901             223
   1.41999900             222
   1.42999899             217
   1.43999898             216
   1.44999897             213
   1.45999897             212
   1.46999896             208
   1.47999895             206
   1.48999894             203
   1.49999893             200
   1.50999892             197
   1.51999891             193
   1.52999890             191
   1.53999889             190
   1.54999888             188
   1.55999887             185
   1.56999886             182
   1.57999885             180
   1.58999884             180
   1.59999883             178
   1.60999882             178
   1.61999881             175
   1.62999880             174
   1.63999879             172
   1.64999878             171
   1.65999877             170
   1.66999876             169
   1.67999876             168
   1.68999875             166
   1.69999874             164
   1.70999873             162
   1.71999872             161
   1.72999871             161
   1.73999870             159
   1.74999869             155
   1.75999868             153
   1.76999867             151
   1.77999866             150
   1.78999865             149
   1.79999864             149
   1.80999863             148
   1.81999862             145
   1.82999861             141
   1.83999860             138
   1.84999859             137
   1.85999858             136
   1.86999857             135
   1.87999856             134
   1.88999856             133
   1.89999855             133
   1.90999854             132
   1.91999853             129
   1.92999852             127
   1.93999851             125
   1.94999850             124
   1.95999849             123
   1.96999848             120
   1.97999847             120
   1.98999846             119
   1.99999845             117
   2.00999856             116
   2.01999855             116
   2.02999854             116
   2.03999853             113
   2.04999852             111
   2.05999851             111
   2.06999850             110
   2.07999849             110
   2.08999848             107
   2.09999847             105
   2.10999846             104
   2.11999846             103
   2.12999845             102
   2.13999844             100
   2.14999843             100
   2.15999842              98
   2.16999841              98
   2.17999840              97
   2.18999839              95
   2.19999838              95
   2.20999837              93
   2.21999836              92
   2.22999835              90
   2.23999834              88
   2.24999833              88
   2.25999832              88
   2.26999831              86
   2.27999830              84
   2.28999829              83
   2.29999828              81
   2.30999827              81
   2.31999826              80
   2.32999825              79
   2.33999825              79
   2.34999824              79
   2.35999823              76
   2.36999822              75
   2.37999821              73
   2.38999820              73
   2.39999819              71
   2.40999818              71
   2.41999817              70
   2.42999816              70
   2.43999815              70
   2.44999814              70
   2.45999813              70
   2.46999812              69
   2.47999811              67
   2.48999810              67
   2.49999809              65
   2.50999808              64
   2.51999807              63
   2.52999806              63
   2.53999805              62
   2.54999804              62
   2.55999804              62
   2.56999803              61
   2.57999802              60
   2.58999801              60
   2.59999800              60
   2.60999799              60
   2.61999798              59
   2.62999797              59
   2.63999796              59
   2.64999795              59
   2.65999794              56
   2.66999793              55
   2.67999792              55
   2.68999791              54
   2.69999790              53
   2.70999789              53
   2.71999788              52
   2.72999787              51
   2.73999786              51
   2.74999785              50
   2.75999784              50
   2.76999784              49
   2.77999783              48
   2.78999782              48
   2.79999781              48
   2.80999780              47
   2.81999779              47
   2.82999778              47
   2.83999777              46
   2.84999776              46
   2.85999775              45
   2.86999774              44
   2.87999773              44
   2.88999772              44
   2.89999771              44
   2.90999770              44
   2.91999769              44
   2.92999768              42
   2.93999767              40
   2.94999766              40
   2.95999765              39
   2.96999764              38
   2.97999763              38
   2.98999763              38
   2.99999762              38
   3.00999761              37
   3.01999760              37
   3.02999759              37
   3.03999758              36
   3.04999757              35
   3.05999756              35
   3.06999755              34
   3.07999754              34
   3.08999753              34
   3.09999752              34
   3.10999751              34
   3.11999750              34
   3.12999749              33
   3.13999748              33
   3.14999747              33
   3.15999746              33
   3.16999745              33
   3.17999744              33
   3.18999743              33
   3.19999743              32
   3.20999742              32
   3.21999741              32
   3.22999740              32
   3.23999739              32
   3.24999738              32
   3.25999737              32
   3.26999736              30
   3.27999735              29
   3.28999734              29
   3.29999733              29
   3.30999732              29
   3.31999731              29
   3.32999730              29
   3.33999729              29
   3.34999728              29
   3.35999727              29
   3.36999726              28
   3.37999725              28
   3.38999724              27
   3.39999723              27
   3.40999722              27
   3.41999722              27
   3.42999721              27
   3.43999720              26
   3.44999719              26
   3.45999718              25
   3.46999717              25
   3.47999716              25
   3.48999715              25
   3.49999714              25
   3.50999713              22
   3.51999712              22
   3.52999711              21
   3.53999710              21
   3.54999709              21
   3.55999708              20
   3.56999707              20
   3.57999706              20
   3.58999705              20
   3.59999704              20
   3.60999703              20
   3.61999702              20
   3.62999701              20
   3.63999701              20
   3.64999700              20
   3.65999699              20
   3.66999698              20
   3.67999697              18
   3.68999696              18
   3.69999695              18
   3.70999694              17
   3.71999693              16
   3.72999692              16
   3.73999691              16
   3.74999690              16
   3.75999689              16
   3.76999688              16
   3.77999687              16
   3.78999686              16
   3.79999685              16
   3.80999684              16
   3.81999683              16
   3.82999682              16
   3.83999681              16
   3.84999681              16
   3.85999680              16
   3.86999679              16
   3.87999678              16
   3.88999677              16
   3.89999676              16
   3.90999675              16
   3.91999674              16
   3.92999673              16
   3.93999672              16
   3.94999671              15
   3.95999670              14
   3.96999669              14
   3.97999668              13
   3.98999667              13
   3.99999666              13
   4.00999689              13
   4.01999712              13
   4.02999735              13
   4.03999758              12
   4.04999781              12
   4.05999804              12
   4.06999826              12
   4.07999849              11
   4.08999872              11
   4.09999895              11
   4.10999918              11
   4.11999941              11
   4.12999964              11
   4.13999987              11
   4.15000010              11
   4.16000032              11
   4.17000055              11
   4.18000078              11
   4.19000101              11
   4.20000124              11
   4.21000147              11
   4.22000170              11
   4.23000193              11
   4.24000216              11
   4.25000238              11
   4.26000261              11
   4.27000284              11
   4.28000307              11
   4.29000330              11
   4.30000353              11
   4.31000376              11
   4.32000399              11
   4.33000422              11
   4.34000444              11
   4.35000467              11
   4.36000490              11
   4.37000513              11
   4.38000536              11
   4.39000559              10
   4.40000582               9
   4.41000605               9
   4.42000628               9
   4.43000650               9
   4.44000673               9
   4.45000696               9
   4.46000719               9
   4.47000742               8
   4.48000765               8
   4.49000788               8
   4.50000811               8
   4.51000834               8
   4.52000856               8
   4.53000879               8
   4.54000902               8
   4.55000925               8
   4.56000948               8
   4.57000971               8
   4.58000994               7
   4.59001017               7
   4.60001040               7
   4.61001062               7
   4.62001085               7
   4.63001108               7
   4.64001131               7
   4.65001154               7
   4.66001177               7
   4.67001200               7
   4.68001223               7
   4.69001245               7
   4.70001268               7
   4.71001291               7
   4.72001314               7
   4.73001337               7
   4.74001360               7
   4.75001383               7
   4.76001406               7
   4.77001429               7
   4.78001451               7
   4.79001474               7
   4.80001497               7
   4.81001520               7
   4.82001543               7
   4.83001566               7
   4.84001589               7
   4.85001612               7
   4.86001635               7
   4.87001657               7
   4.88001680               7
   4.89001703               7
   4.90001726               7
   4.91001749               7
   4.92001772               7
   4.93001795               7
   4.94001818               7
   4.95001841               7
   4.96001863               7
   4.97001886               7
   4.98001909               7
   4.99001932               7
   5.00001955               7
   5.01001978               7
   5.02002001               7
   5.03002024               6
   5.04002047               6
   5.05002069               6
   5.06002092               6
   5.07002115               6
   5.08002138               6
   5.09002161               6
   5.10002184               6
   5.11002207               6
   5.12002230               6
   5.13002253               6
   5.14002275               6
   5.15002298               6
   5.16002321               6
   5.17002344               6
   5.18002367               6
   5.19002390               6
   5.20002413               5
   5.21002436               5
   5.22002459               5
   5.23002481               5
   5.24002504               5
   5.25002527               5
   5.26002550               5
   5.27002573               5
   5.28002596               5
   5.29002619               5
   5.30002642               5
   5.31002665               5
   5.32002687               5
   5.33002710               5
   5.34002733               5
   5.35002756               5
   5.36002779               5
   5.37002802               5
   5.38002825               5
   5.39002848               5
   5.40002871               5
   5.41002893               5
   5.42002916               5
   5.43002939               5
   5.44002962               5
   5.45002985               5
   5.46003008               5
   5.47003031               5
   5.48003054               5
   5.49003077               5
   5.50003099               5
   5.51003122               5
   5.52003145               5
   5.53003168               5
   5.54003191               5
   5.55003214               5
   5.56003237               5
   5.57003260               5
   5.58003283               5
   5.59003305               5
   5.60003328               5
   5.61003351               5
   5.62003374               5
   5.63003397               5
   5.64003420               5
   5.65003443               4
   5.66003466               4
   5.67003489               4
   5.68003511               4
   5.69003534               4
   5.70003557               4
   5.71003580               4
   5.72003603               4
   5.73003626               4
   5.74003649               4
   5.75003672               4
   5.76003695               4
   5.77003717               4
   5.78003740               4
   5.79003763               4
   5.80003786               4
   5.81003809               4
   5.82003832               4
   5.83003855               4
   5.84003878               4
   5.85003901               4
   5.86003923               4
   5.87003946               4
   5.88003969               4
   5.89003992               4
   5.90004015               4
   5.91004038               4
   5.92004061               4
   5.93004084               4
   5.94004107               4
   5.95004129               4
   5.96004152               4
   5.97004175               4
   5.98004198               4
   5.99004221               4
   6.00004244               4
   6.01004267               4
   6.02004290               4
   6.03004313               4
   6.04004335               4
   6.05004358               4
   6.06004381               4
   6.07004404               4
   6.08004427               4
   6.09004450               4
   6.10004473               4
   6.11004496               4
   6.12004519               4
   6.13004541               4
   6.14004564               4
   6.15004587               4
   6.16004610               4
   6.17004633               4
   6.18004656               4
   6.19004679               4
   6.20004702               4
   6.21004725               4
   6.22004747               4
   6.23004770               4
   6.24004793               4
   6.25004816               4
   6.26004839               4
   6.27004862               4
   6.28004885               4
   6.29004908               4
   6.30004930               4
   6.31004953               4
   6.32004976               4
   6.33004999               4
   6.34005022               4
   6.35005045               4
   6.36005068               4
   6.37005091               4
   6.38005114               4
   6.39005136               4
   6.40005159               4
   6.41005182               4
   6.42005205               4
   6.43005228               4
   6.44005251               4
   6.45005274               4
   6.46005297               4
   6.47005320               4
   6.48005342               4
   6.49005365               4
   6.50005388               4
   6.51005411               4
   6.52005434               4
   6.53005457               4
   6.54005480               4
   6.55005503               4
   6.56005526               4
   6.57005548               4
   6.58005571               4
   6.59005594               4
   6.60005617               4
   6.61005640               4
   6.62005663               4
   6.63005686               4
   6.64005709               4
   6.65005732               4
   6.66005754               4
   6.67005777               4
   6.68005800               4
   6.69005823               3
   6.70005846               3
   6.71005869               3
   6.72005892               3
   6.73005915               3
   6.74005938               3
   6.75005960               3
   6.76005983               3
   6.77006006               3
   6.78006029               3
   6.79006052               3
   6.80006075               3
   6.81006098               3
   6.82006121               3
   6.83006144               3
   6.84006166               2
   6.85006189               2
   6.86006212               2
   6.87006235               2
   6.88006258               2
   6.89006281               2
   6.90006304               2
   6.91006327               2
   6.92006350               2
   6.93006372               2
   6.94006395               2
   6.95006418               2
   6.96006441               2
   6.97006464               2
   6.98006487               2
   6.99006510               2
   7.00006533               2
   7.01006556               2
   7.02006578               2
   7.03006601               2
   7.04006624               2
   7.05006647               2
   7.06006670               2
   7.07006693               2
   7.08006716               1
   7.09006739               1
   7.10006762               1
   7.11006784               1
   7.12006807               1
   7.13006830               1
   7.14006853               1
   7.15006876               1
   7.16006899               1
   7.17006922               1
   7.18006945               1
   7.19006968               1
   7.20006990               1
   7.21007013               1
   7.22007036               1
   7.23007059               1
   7.24007082               1
   7.25007105               1
   7.26007128               1
   7.27007151               1
   7.28007174               1
   7.29007196               1
   7.30007219               1
   7.31007242               1
   7.32007265               1
   7.33007288               1
   7.34007311               1
   7.35007334               1
   7.36007357               1
   7.37007380               1
   7.38007402               1
   7.39007425               1
   7.40007448               1
   7.41007471               1
   7.42007494               1
   7.43007517               1
   7.44007540               1
   7.45007563               1
   7.46007586               1
   7.47007608               1
   7.48007631               1
   7.49007654               1
   7.50007677               1
   7.51007700               1
   7.52007723               1
   7.53007746               1
   7.54007769               1
   7.55007792               1
   7.56007814               1
   7.57007837               1
   7.58007860               1
   7.59007883               1
   7.60007906               1
   7.61007929               1
   7.62007952               1
   7.63007975               1
   7.64007998               1
   7.65008020               1
   7.66008043               1
   7.67008066               1
   7.68008089               1
   7.69008112               1
   7.70008135               1
   7.71008158               1
   7.72008181               1
   7.73008204               1
   7.74008226               1
   7.75008249               1
   7.76008272               1
   7.77008295               1
   7.78008318               1
   7.79008341               1
   7.80008364               1
   7.81008387               1
   7.82008410               1
   7.83008432               1
   7.84008455               1
   7.85008478               1
   7.86008501               1
   7.87008524               1
   7.88008547               1
   7.89008570               1
   7.90008593               1
   7.91008615               1
   7.92008638               1
   7.93008661               1
   7.94008684               1
   7.95008707               1
   7.96008730               1
   7.97008753               1
   7.98008776               1
   7.99008799               1
   8.00008774               1
