   0.00000000             994
   9.99999978E-03         991
   1.99999996E-02         976
   2.99999993E-02         970
   3.99999991E-02         964
   4.99999970E-02         959
   5.99999949E-02         950
   6.99999928E-02         941
   7.99999908E-02         932
   8.99999887E-02         928
   9.99999866E-02         919
  0.109999985             914
  0.119999982             907
  0.129999980             898
  0.139999986             892
  0.149999991             884
  0.159999996             875
  0.170000002             865
  0.180000007             858
  0.190000013             852
  0.200000018             837
  0.210000023             829
  0.220000029             818
  0.230000034             808
  0.240000039             798
  0.250000030             790
  0.260000020             787
  0.270000011             784
  0.280000001             778
  0.289999992             766
  0.299999982             760
  0.309999973             749
  0.319999963             743
  0.329999954             734
  0.339999944             728
  0.349999934             723
  0.359999925             718
  0.369999915             709
  0.379999906             704
  0.389999896             695
  0.399999887             689
  0.409999877             682
  0.419999868             677
  0.429999858             671
  0.439999849             663
  0.449999839             657
  0.459999830             652
  0.469999820             646
  0.479999810             642
  0.489999801             635
  0.499999791             628
  0.509999812             623
  0.519999802             618
  0.529999793             611
  0.539999783             600
  0.549999774             595
  0.559999764             590
  0.569999754             585
  0.579999745             582
  0.589999735             572
  0.599999726             561
  0.609999716             549
  0.619999707             541
  0.629999697             537
  0.639999688             528
  0.649999678             523
  0.659999669             522
  0.669999659             521
  0.679999650             518
  0.689999640             517
  0.699999630             507
  0.709999621             500
  0.719999611             497
  0.729999602             486
  0.739999592             482
  0.749999583             478
  0.759999573             475
  0.769999564             474
  0.779999554             468
  0.789999545             464
  0.799999535             462
  0.809999526             455
  0.819999516             452
  0.829999506             446
  0.839999497             439
  0.849999487             435
  0.859999478             428
  0.869999468             425
  0.879999459             419
  0.889999449             417
  0.899999440             412
  0.909999430             410
  0.919999421             405
  0.929999411             398
  0.939999402             396
  0.949999392             396
  0.959999382             392
  0.969999373             390
  0.979999363             382
  0.989999354             375
  0.999999344             373
   1.00999939             370
   1.01999938             367
   1.02999938             365
   1.03999937             360
   1.04999936             355
   1.05999935             347
   1.06999934             342
   1.07999933             340
   1.08999932             336
   1.09999931             330
   1.10999930             328
   1.11999929             327
   1.12999928             322
   1.13999927             321
   1.14999926             318
   1.15999925             314
   1.16999924             310
   1.17999923             307
   1.18999922             306
   1.19999921             300
   1.20999920             295
   1.21999919             291
   1.22999918             286
   1.23999918             279
   1.24999917             274
   1.25999916             273
   1.26999915             271
   1.27999914             270
   1.28999913             266
   1.29999912             265
   1.30999911             263
   1.31999910             261
   1.32999909             259
   1.33999908             257
   1.34999907             254
   1.35999906             251
   1.36999905             250
   1.37999904             248
   1.38999903             248
   1.39999902             245
   1.40999901             241
   1.41999900             238
   1.42999899             237
   1.43999898             234
   1.44999897             233
   1.45999897             232
   1.46999896             231
   1.47999895             228
   1.48999894             225
   1.49999893             224
   1.50999892             223
   1.51999891             220
   1.52999890             215
   1.53999889             213
   1.54999888             212
   1.55999887             210
   1.56999886             208
   1.57999885             205
   1.58999884             205
   1.59999883             202
   1.60999882             197
   1.61999881             194
   1.62999880             191
   1.63999879             190
   1.64999878             189
   1.65999877             187
   1.66999876             183
   1.67999876             182
   1.68999875             182
   1.69999874             180
   1.70999873             180
   1.71999872             175
   1.72999871             171
   1.73999870             171
   1.74999869             171
   1.75999868             168
   1.76999867             164
   1.77999866             163
   1.78999865             161
   1.79999864             161
   1.80999863             159
   1.81999862             158
   1.82999861             158
   1.83999860             157
   1.84999859             155
   1.85999858             154
   1.86999857             154
   1.87999856             154
   1.88999856             154
   1.89999855             153
   1.90999854             152
   1.91999853             151
   1.92999852             151
   1.93999851             149
   1.94999850             147
   1.95999849             145
   1.96999848             144
   1.97999847             143
   1.98999846             141
   1.99999845             136
   2.00999856             136
   2.01999855             135
   2.02999854             134
   2.03999853             134
   2.04999852             134
   2.05999851             130
   2.06999850             130
   2.07999849             128
   2.08999848             127
   2.09999847             125
   2.10999846             122
   2.11999846             120
   2.12999845             119
   2.13999844             119
   2.14999843             117
   2.15999842             116
   2.16999841             116
   2.17999840             116
   2.18999839             115
   2.19999838             113
   2.20999837             110
   2.21999836             110
   2.22999835             108
   2.23999834             106
   2.24999833             106
   2.25999832             104
   2.26999831             104
   2.27999830             102
   2.28999829             101
   2.29999828             100
   2.30999827              99
   2.31999826              98
   2.32999825              97
   2.33999825              97
   2.34999824              96
   2.35999823              94
   2.36999822              93
   2.37999821              93
   2.38999820              93
   2.39999819              92
   2.40999818              90
   2.41999817              89
   2.42999816              88
   2.43999815              88
   2.44999814              88
   2.45999813              88
   2.46999812              86
   2.47999811              84
   2.48999810              84
   2.49999809              84
   2.50999808              82
   2.51999807              82
   2.52999806              81
   2.53999805              80
   2.54999804              78
   2.55999804              78
   2.56999803              75
   2.57999802              75
   2.58999801              74
   2.59999800              74
   2.60999799              72
   2.61999798              72
   2.62999797              71
   2.63999796              71
   2.64999795              71
   2.65999794              70
   2.66999793              70
   2.67999792              70
   2.68999791              69
   2.69999790              68
   2.70999789              66
   2.71999788              65
   2.72999787              65
   2.73999786              65
   2.74999785              64
   2.75999784              63
   2.76999784              62
   2.77999783              62
   2.78999782              62
   2.79999781              62
   2.80999780              60
   2.81999779              60
   2.82999778              59
   2.83999777              57
   2.84999776              57
   2.85999775              56
   2.86999774              56
   2.87999773              55
   2.88999772              53
   2.89999771              53
   2.90999770              51
   2.91999769              49
   2.92999768              49
   2.93999767              48
   2.94999766              48
   2.95999765              47
   2.96999764              47
   2.97999763              47
   2.98999763              45
   2.99999762              45
   3.00999761              45
   3.01999760              45
   3.02999759              45
   3.03999758              45
   3.04999757              45
   3.05999756              45
   3.06999755              45
   3.07999754              45
   3.08999753              45
   3.09999752              45
   3.10999751              44
   3.11999750              44
   3.12999749              42
   3.13999748              40
   3.14999747              40
   3.15999746              40
   3.16999745              40
   3.17999744              40
   3.18999743              40
   3.19999743              40
   3.20999742              40
   3.21999741              40
   3.22999740              38
   3.23999739              38
   3.24999738              37
   3.25999737              36
   3.26999736              36
   3.27999735              36
   3.28999734              36
   3.29999733              36
   3.30999732              35
   3.31999731              34
   3.32999730              34
   3.33999729              34
   3.34999728              34
   3.35999727              34
   3.36999726              34
   3.37999725              33
   3.38999724              32
   3.39999723              32
   3.40999722              32
   3.41999722              32
   3.42999721              32
   3.43999720              31
   3.44999719              31
   3.45999718              31
   3.46999717              30
   3.47999716              29
   3.48999715              28
   3.49999714              28
   3.50999713              27
   3.51999712              27
   3.52999711              27
   3.53999710              27
   3.54999709              27
   3.55999708              26
   3.56999707              26
   3.57999706              26
   3.58999705              25
   3.59999704              25
   3.60999703              24
   3.61999702              23
   3.62999701              23
   3.63999701              23
   3.64999700              23
   3.65999699              22
   3.66999698              22
   3.67999697              22
   3.68999696              22
   3.69999695              22
   3.70999694              22
   3.71999693              22
   3.72999692              22
   3.73999691              22
   3.74999690              22
   3.75999689              22
   3.76999688              20
   3.77999687              20
   3.78999686              20
   3.79999685              20
   3.80999684              20
   3.81999683              20
   3.82999682              20
   3.83999681              19
   3.84999681              19
   3.85999680              19
   3.86999679              18
   3.87999678              18
   3.88999677              17
   3.89999676              16
   3.90999675              16
   3.91999674              16
   3.92999673              16
   3.93999672              16
   3.94999671              16
   3.95999670              16
   3.96999669              16
   3.97999668              16
   3.98999667              16
   3.99999666              16
   4.00999689              16
   4.01999712              16
   4.02999735              16
   4.03999758              16
   4.04999781              16
   4.05999804              15
   4.06999826              14
   4.07999849              13
   4.08999872              12
   4.09999895              12
   4.10999918              12
   4.11999941              12
   4.12999964              12
   4.13999987              12
   4.15000010              12
   4.16000032              12
   4.17000055              12
   4.18000078              11
   4.19000101              11
   4.20000124              11
   4.21000147              11
   4.22000170              11
   4.23000193              11
   4.24000216              11
   4.25000238              11
   4.26000261              11
   4.27000284              11
   4.28000307              11
   4.29000330              11
   4.30000353              11
   4.31000376              11
   4.32000399              11
   4.33000422              11
   4.34000444              11
   4.35000467              11
   4.36000490              10
   4.37000513               9
   4.38000536               9
   4.39000559               9
   4.40000582               9
   4.41000605               9
   4.42000628               7
   4.43000650               7
   4.44000673               7
   4.45000696               7
   4.46000719               7
   4.47000742               7
   4.48000765               7
   4.49000788               7
   4.50000811               7
   4.51000834               7
   4.52000856               7
   4.53000879               7
   4.54000902               7
   4.55000925               7
   4.56000948               7
   4.57000971               7
   4.58000994               7
   4.59001017               7
   4.60001040               7
   4.61001062               7
   4.62001085               7
   4.63001108               7
   4.64001131               7
   4.65001154               7
   4.66001177               7
   4.67001200               7
   4.68001223               7
   4.69001245               7
   4.70001268               7
   4.71001291               7
   4.72001314               7
   4.73001337               7
   4.74001360               7
   4.75001383               7
   4.76001406               7
   4.77001429               7
   4.78001451               7
   4.79001474               7
   4.80001497               7
   4.81001520               7
   4.82001543               7
   4.83001566               7
   4.84001589               7
   4.85001612               7
   4.86001635               7
   4.87001657               7
   4.88001680               7
   4.89001703               7
   4.90001726               7
   4.91001749               7
   4.92001772               7
   4.93001795               6
   4.94001818               6
   4.95001841               6
   4.96001863               5
   4.97001886               5
   4.98001909               4
   4.99001932               4
   5.00001955               4
   5.01001978               4
   5.02002001               4
   5.03002024               4
   5.04002047               4
   5.05002069               4
   5.06002092               4
   5.07002115               4
   5.08002138               4
   5.09002161               4
   5.10002184               4
   5.11002207               4
   5.12002230               4
   5.13002253               4
   5.14002275               4
   5.15002298               4
   5.16002321               4
   5.17002344               3
   5.18002367               3
   5.19002390               3
   5.20002413               3
   5.21002436               3
   5.22002459               3
   5.23002481               3
   5.24002504               3
   5.25002527               3
   5.26002550               3
   5.27002573               3
   5.28002596               3
   5.29002619               3
   5.30002642               3
   5.31002665               3
   5.32002687               3
   5.33002710               3
   5.34002733               3
   5.35002756               3
   5.36002779               3
   5.37002802               3
   5.38002825               3
   5.39002848               3
   5.40002871               3
   5.41002893               3
   5.42002916               3
   5.43002939               3
   5.44002962               3
   5.45002985               3
   5.46003008               3
   5.47003031               3
   5.48003054               3
   5.49003077               3
   5.50003099               3
   5.51003122               3
   5.52003145               3
   5.53003168               3
   5.54003191               3
   5.55003214               3
   5.56003237               3
   5.57003260               3
   5.58003283               3
   5.59003305               3
   5.60003328               3
   5.61003351               3
   5.62003374               3
   5.63003397               3
   5.64003420               3
   5.65003443               3
   5.66003466               3
   5.67003489               3
   5.68003511               2
   5.69003534               2
   5.70003557               2
   5.71003580               2
   5.72003603               2
   5.73003626               2
   5.74003649               2
   5.75003672               2
   5.76003695               2
   5.77003717               2
   5.78003740               1
   5.79003763               1
   5.80003786               1
   5.81003809               1
   5.82003832               1
   5.83003855               1
   5.84003878               1
   5.85003901               1
   5.86003923               1
   5.87003946               1
   5.88003969               1
   5.89003992               1
   5.90004015               1
   5.91004038               1
   5.92004061               1
   5.93004084               1
   5.94004107               1
   5.95004129               1
   5.96004152               1
   5.97004175               1
   5.98004198               1
   5.99004221               1
   6.00004244               1
   6.01004267               1
   6.02004290               1
   6.03004313               1
   6.04004335               1
   6.05004358               1
   6.06004381               1
   6.07004404               1
   6.08004427               1
   6.09004450               1
   6.10004473               1
   6.11004496               1
   6.12004519               1
   6.13004541               1
   6.14004564               1
   6.15004587               1
   6.16004610               1
   6.17004633               1
   6.18004656               1
   6.19004679               1
   6.20004702               1
   6.21004725               1
   6.22004747               1
   6.23004770               1
   6.24004793               1
   6.25004816               1
   6.26004839               1
   6.27004862               1
   6.28004885               1
   6.29004908               1
   6.30004930               0
   6.31004953               0
   6.32004976               0
   6.33004999               0
   6.34005022               0
   6.35005045               0
   6.36005068               0
   6.37005091               0
   6.38005114               0
   6.39005136               0
   6.40005159               0
   6.41005182               0
   6.42005205               0
   6.43005228               0
   6.44005251               0
   6.45005274               0
   6.46005297               0
   6.47005320               0
   6.48005342               0
   6.49005365               0
   6.50005388               0
   6.51005411               0
   6.52005434               0
   6.53005457               0
   6.54005480               0
   6.55005503               0
   6.56005526               0
   6.57005548               0
   6.58005571               0
   6.59005594               0
   6.60005617               0
   6.61005640               0
   6.62005663               0
   6.63005686               0
   6.64005709               0
   6.65005732               0
   6.66005754               0
   6.67005777               0
   6.68005800               0
   6.69005823               0
   6.70005846               0
   6.71005869               0
   6.72005892               0
   6.73005915               0
   6.74005938               0
   6.75005960               0
   6.76005983               0
   6.77006006               0
   6.78006029               0
   6.79006052               0
   6.80006075               0
   6.81006098               0
   6.82006121               0
   6.83006144               0
   6.84006166               0
   6.85006189               0
   6.86006212               0
   6.87006235               0
   6.88006258               0
   6.89006281               0
   6.90006304               0
   6.91006327               0
   6.92006350               0
   6.93006372               0
   6.94006395               0
   6.95006418               0
   6.96006441               0
   6.97006464               0
   6.98006487               0
   6.99006510               0
   7.00006533               0
   7.01006556               0
   7.02006578               0
   7.03006601               0
   7.04006624               0
   7.05006647               0
   7.06006670               0
   7.07006693               0
   7.08006716               0
   7.09006739               0
   7.10006762               0
   7.11006784               0
   7.12006807               0
   7.13006830               0
   7.14006853               0
   7.15006876               0
   7.16006899               0
   7.17006922               0
   7.18006945               0
   7.19006968               0
   7.20006990               0
   7.21007013               0
   7.22007036               0
   7.23007059               0
   7.24007082               0
   7.25007105               0
   7.26007128               0
   7.27007151               0
   7.28007174               0
   7.29007196               0
   7.30007219               0
   7.31007242               0
   7.32007265               0
   7.33007288               0
   7.34007311               0
   7.35007334               0
   7.36007357               0
   7.37007380               0
   7.38007402               0
   7.39007425               0
   7.40007448               0
   7.41007471               0
   7.42007494               0
   7.43007517               0
   7.44007540               0
   7.45007563               0
   7.46007586               0
   7.47007608               0
   7.48007631               0
   7.49007654               0
   7.50007677               0
   7.51007700               0
   7.52007723               0
   7.53007746               0
   7.54007769               0
   7.55007792               0
   7.56007814               0
   7.57007837               0
   7.58007860               0
   7.59007883               0
   7.60007906               0
   7.61007929               0
   7.62007952               0
   7.63007975               0
   7.64007998               0
   7.65008020               0
   7.66008043               0
   7.67008066               0
   7.68008089               0
   7.69008112               0
   7.70008135               0
   7.71008158               0
   7.72008181               0
   7.73008204               0
   7.74008226               0
   7.75008249               0
   7.76008272               0
   7.77008295               0
   7.78008318               0
   7.79008341               0
   7.80008364               0
   7.81008387               0
   7.82008410               0
   7.83008432               0
   7.84008455               0
   7.85008478               0
   7.86008501               0
   7.87008524               0
   7.88008547               0
   7.89008570               0
   7.90008593               0
   7.91008615               0
   7.92008638               0
   7.93008661               0
   7.94008684               0
   7.95008707               0
   7.96008730               0
   7.97008753               0
   7.98008776               0
   7.99008799               0
   8.00008774               0
