   0.00000000             988
   9.99999978E-03         977
   1.99999996E-02         963
   2.99999993E-02         954
   3.99999991E-02         941
   4.99999970E-02         930
   5.99999949E-02         925
   6.99999928E-02         916
   7.99999908E-02         909
   8.99999887E-02         897
   9.99999866E-02         895
  0.109999985             889
  0.119999982             881
  0.129999980             873
  0.139999986             864
  0.149999991             860
  0.159999996             853
  0.170000002             846
  0.180000007             834
  0.190000013             826
  0.200000018             817
  0.210000023             811
  0.220000029             800
  0.230000034             793
  0.240000039             781
  0.250000030             773
  0.260000020             767
  0.270000011             759
  0.280000001             751
  0.289999992             746
  0.299999982             736
  0.309999973             729
  0.319999963             725
  0.329999954             719
  0.339999944             711
  0.349999934             701
  0.359999925             696
  0.369999915             689
  0.379999906             686
  0.389999896             677
  0.399999887             670
  0.409999877             665
  0.419999868             656
  0.429999858             653
  0.439999849             651
  0.449999839             645
  0.459999830             633
  0.469999820             628
  0.479999810             617
  0.489999801             610
  0.499999791             606
  0.509999812             599
  0.519999802             593
  0.529999793             588
  0.539999783             581
  0.549999774             575
  0.559999764             567
  0.569999754             561
  0.579999745             556
  0.589999735             548
  0.599999726             544
  0.609999716             539
  0.619999707             535
  0.629999697             531
  0.639999688             525
  0.649999678             519
  0.659999669             515
  0.669999659             506
  0.679999650             500
  0.689999640             496
  0.699999630             493
  0.709999621             486
  0.719999611             474
  0.729999602             470
  0.739999592             464
  0.749999583             461
  0.759999573             455
  0.769999564             451
  0.779999554             446
  0.789999545             441
  0.799999535             435
  0.809999526             432
  0.819999516             429
  0.829999506             426
  0.839999497             423
  0.849999487             419
  0.859999478             412
  0.869999468             406
  0.879999459             403
  0.889999449             399
  0.899999440             397
  0.909999430             389
  0.919999421             384
  0.929999411             381
  0.939999402             373
  0.949999392             370
  0.959999382             367
  0.969999373             361
  0.979999363             360
  0.989999354             358
  0.999999344             355
   1.00999939             351
   1.01999938             347
   1.02999938             344
   1.03999937             342
   1.04999936             337
   1.05999935             333
   1.06999934             329
   1.07999933             326
   1.08999932             326
   1.09999931             319
   1.10999930             312
   1.11999929             311
   1.12999928             310
   1.13999927             309
   1.14999926             307
   1.15999925             305
   1.16999924             303
   1.17999923             296
   1.18999922             292
   1.19999921             287
   1.20999920             286
   1.21999919             283
   1.22999918             282
   1.23999918             282
   1.24999917             280
   1.25999916             278
   1.26999915             274
   1.27999914             273
   1.28999913             271
   1.29999912             265
   1.30999911             262
   1.31999910             261
   1.32999909             259
   1.33999908             257
   1.34999907             256
   1.35999906             251
   1.36999905             247
   1.37999904             243
   1.38999903             239
   1.39999902             236
   1.40999901             233
   1.41999900             229
   1.42999899             228
   1.43999898             226
   1.44999897             226
   1.45999897             223
   1.46999896             221
   1.47999895             219
   1.48999894             219
   1.49999893             215
   1.50999892             214
   1.51999891             211
   1.52999890             208
   1.53999889             206
   1.54999888             202
   1.55999887             201
   1.56999886             200
   1.57999885             198
   1.58999884             196
   1.59999883             193
   1.60999882             192
   1.61999881             192
   1.62999880             189
   1.63999879             187
   1.64999878             185
   1.65999877             181
   1.66999876             180
   1.67999876             179
   1.68999875             178
   1.69999874             176
   1.70999873             173
   1.71999872             172
   1.72999871             172
   1.73999870             169
   1.74999869             168
   1.75999868             167
   1.76999867             166
   1.77999866             165
   1.78999865             160
   1.79999864             159
   1.80999863             158
   1.81999862             156
   1.82999861             156
   1.83999860             156
   1.84999859             154
   1.85999858             153
   1.86999857             152
   1.87999856             150
   1.88999856             148
   1.89999855             147
   1.90999854             145
   1.91999853             145
   1.92999852             143
   1.93999851             143
   1.94999850             142
   1.95999849             141
   1.96999848             137
   1.97999847             134
   1.98999846             133
   1.99999845             132
   2.00999856             129
   2.01999855             124
   2.02999854             122
   2.03999853             121
   2.04999852             119
   2.05999851             113
   2.06999850             111
   2.07999849             110
   2.08999848             107
   2.09999847             105
   2.10999846             105
   2.11999846             103
   2.12999845             103
   2.13999844             103
   2.14999843             101
   2.15999842              98
   2.16999841              96
   2.17999840              94
   2.18999839              91
   2.19999838              91
   2.20999837              90
   2.21999836              88
   2.22999835              88
   2.23999834              87
   2.24999833              87
   2.25999832              85
   2.26999831              84
   2.27999830              83
   2.28999829              81
   2.29999828              81
   2.30999827              80
   2.31999826              79
   2.32999825              79
   2.33999825              77
   2.34999824              77
   2.35999823              77
   2.36999822              76
   2.37999821              75
   2.38999820              75
   2.39999819              74
   2.40999818              72
   2.41999817              72
   2.42999816              71
   2.43999815              70
   2.44999814              69
   2.45999813              69
   2.46999812              68
   2.47999811              67
   2.48999810              66
   2.49999809              66
   2.50999808              65
   2.51999807              64
   2.52999806              63
   2.53999805              62
   2.54999804              62
   2.55999804              61
   2.56999803              59
   2.57999802              58
   2.58999801              56
   2.59999800              55
   2.60999799              55
   2.61999798              54
   2.62999797              54
   2.63999796              53
   2.64999795              52
   2.65999794              52
   2.66999793              51
   2.67999792              50
   2.68999791              49
   2.69999790              47
   2.70999789              47
   2.71999788              46
   2.72999787              46
   2.73999786              45
   2.74999785              45
   2.75999784              45
   2.76999784              45
   2.77999783              44
   2.78999782              44
   2.79999781              44
   2.80999780              43
   2.81999779              43
   2.82999778              43
   2.83999777              43
   2.84999776              43
   2.85999775              41
   2.86999774              40
   2.87999773              40
   2.88999772              40
   2.89999771              39
   2.90999770              39
   2.91999769              39
   2.92999768              39
   2.93999767              39
   2.94999766              39
   2.95999765              39
   2.96999764              39
   2.97999763              38
   2.98999763              38
   2.99999762              38
   3.00999761              38
   3.01999760              38
   3.02999759              38
   3.03999758              38
   3.04999757              37
   3.05999756              37
   3.06999755              37
   3.07999754              36
   3.08999753              36
   3.09999752              36
   3.10999751              36
   3.11999750              34
   3.12999749              34
   3.13999748              34
   3.14999747              33
   3.15999746              33
   3.16999745              33
   3.17999744              33
   3.18999743              32
   3.19999743              32
   3.20999742              32
   3.21999741              31
   3.22999740              30
   3.23999739              30
   3.24999738              30
   3.25999737              30
   3.26999736              29
   3.27999735              28
   3.28999734              28
   3.29999733              28
   3.30999732              28
   3.31999731              28
   3.32999730              28
   3.33999729              28
   3.34999728              28
   3.35999727              28
   3.36999726              28
   3.37999725              27
   3.38999724              27
   3.39999723              27
   3.40999722              27
   3.41999722              27
   3.42999721              27
   3.43999720              26
   3.44999719              26
   3.45999718              26
   3.46999717              26
   3.47999716              26
   3.48999715              26
   3.49999714              26
   3.50999713              26
   3.51999712              26
   3.52999711              26
   3.53999710              26
   3.54999709              25
   3.55999708              25
   3.56999707              25
   3.57999706              25
   3.58999705              25
   3.59999704              25
   3.60999703              25
   3.61999702              24
   3.62999701              24
   3.63999701              24
   3.64999700              24
   3.65999699              23
   3.66999698              23
   3.67999697              23
   3.68999696              23
   3.69999695              22
   3.70999694              22
   3.71999693              22
   3.72999692              22
   3.73999691              22
   3.74999690              20
   3.75999689              20
   3.76999688              20
   3.77999687              18
   3.78999686              18
   3.79999685              18
   3.80999684              18
   3.81999683              18
   3.82999682              18
   3.83999681              18
   3.84999681              18
   3.85999680              18
   3.86999679              18
   3.87999678              18
   3.88999677              18
   3.89999676              18
   3.90999675              18
   3.91999674              17
   3.92999673              17
   3.93999672              17
   3.94999671              17
   3.95999670              17
   3.96999669              16
   3.97999668              16
   3.98999667              15
   3.99999666              15
   4.00999689              15
   4.01999712              15
   4.02999735              15
   4.03999758              15
   4.04999781              15
   4.05999804              15
   4.06999826              14
   4.07999849              13
   4.08999872              13
   4.09999895              13
   4.10999918              12
   4.11999941              12
   4.12999964              11
   4.13999987              11
   4.15000010              11
   4.16000032              11
   4.17000055              11
   4.18000078              11
   4.19000101              11
   4.20000124              11
   4.21000147              11
   4.22000170              11
   4.23000193              11
   4.24000216              11
   4.25000238              11
   4.26000261              11
   4.27000284              11
   4.28000307              11
   4.29000330              11
   4.30000353              11
   4.31000376              11
   4.32000399              11
   4.33000422              11
   4.34000444              11
   4.35000467              11
   4.36000490              11
   4.37000513              11
   4.38000536              11
   4.39000559              11
   4.40000582              11
   4.41000605              11
   4.42000628              11
   4.43000650              11
   4.44000673              11
   4.45000696              11
   4.46000719              11
   4.47000742              11
   4.48000765              10
   4.49000788              10
   4.50000811              10
   4.51000834              10
   4.52000856              10
   4.53000879              10
   4.54000902              10
   4.55000925              10
   4.56000948              10
   4.57000971              10
   4.58000994              10
   4.59001017               9
   4.60001040               9
   4.61001062               9
   4.62001085               9
   4.63001108               9
   4.64001131               9
   4.65001154               9
   4.66001177               9
   4.67001200               9
   4.68001223               9
   4.69001245               9
   4.70001268               9
   4.71001291               9
   4.72001314               9
   4.73001337               9
   4.74001360               9
   4.75001383               9
   4.76001406               9
   4.77001429               9
   4.78001451               9
   4.79001474               9
   4.80001497               9
   4.81001520               9
   4.82001543               9
   4.83001566               9
   4.84001589               9
   4.85001612               9
   4.86001635               9
   4.87001657               9
   4.88001680               9
   4.89001703               8
   4.90001726               8
   4.91001749               8
   4.92001772               8
   4.93001795               8
   4.94001818               8
   4.95001841               8
   4.96001863               8
   4.97001886               8
   4.98001909               8
   4.99001932               8
   5.00001955               8
   5.01001978               8
   5.02002001               8
   5.03002024               8
   5.04002047               8
   5.05002069               7
   5.06002092               7
   5.07002115               7
   5.08002138               7
   5.09002161               7
   5.10002184               7
   5.11002207               7
   5.12002230               7
   5.13002253               7
   5.14002275               7
   5.15002298               5
   5.16002321               5
   5.17002344               5
   5.18002367               5
   5.19002390               5
   5.20002413               5
   5.21002436               5
   5.22002459               5
   5.23002481               5
   5.24002504               5
   5.25002527               5
   5.26002550               5
   5.27002573               5
   5.28002596               5
   5.29002619               5
   5.30002642               5
   5.31002665               5
   5.32002687               5
   5.33002710               5
   5.34002733               5
   5.35002756               5
   5.36002779               5
   5.37002802               5
   5.38002825               5
   5.39002848               5
   5.40002871               5
   5.41002893               5
   5.42002916               5
   5.43002939               5
   5.44002962               5
   5.45002985               5
   5.46003008               5
   5.47003031               5
   5.48003054               5
   5.49003077               5
   5.50003099               5
   5.51003122               5
   5.52003145               5
   5.53003168               5
   5.54003191               5
   5.55003214               5
   5.56003237               5
   5.57003260               5
   5.58003283               5
   5.59003305               5
   5.60003328               5
   5.61003351               5
   5.62003374               5
   5.63003397               5
   5.64003420               5
   5.65003443               5
   5.66003466               5
   5.67003489               5
   5.68003511               5
   5.69003534               4
   5.70003557               4
   5.71003580               4
   5.72003603               4
   5.73003626               4
   5.74003649               4
   5.75003672               4
   5.76003695               4
   5.77003717               4
   5.78003740               4
   5.79003763               4
   5.80003786               4
   5.81003809               4
   5.82003832               4
   5.83003855               4
   5.84003878               4
   5.85003901               4
   5.86003923               4
   5.87003946               4
   5.88003969               4
   5.89003992               4
   5.90004015               4
   5.91004038               4
   5.92004061               4
   5.93004084               4
   5.94004107               4
   5.95004129               4
   5.96004152               3
   5.97004175               3
   5.98004198               3
   5.99004221               3
   6.00004244               3
   6.01004267               3
   6.02004290               3
   6.03004313               2
   6.04004335               2
   6.05004358               2
   6.06004381               2
   6.07004404               2
   6.08004427               2
   6.09004450               2
   6.10004473               2
   6.11004496               2
   6.12004519               2
   6.13004541               2
   6.14004564               2
   6.15004587               2
   6.16004610               1
   6.17004633               1
   6.18004656               1
   6.19004679               1
   6.20004702               1
   6.21004725               1
   6.22004747               1
   6.23004770               1
   6.24004793               1
   6.25004816               1
   6.26004839               1
   6.27004862               1
   6.28004885               1
   6.29004908               1
   6.30004930               1
   6.31004953               1
   6.32004976               1
   6.33004999               1
   6.34005022               1
   6.35005045               1
   6.36005068               1
   6.37005091               1
   6.38005114               1
   6.39005136               1
   6.40005159               1
   6.41005182               1
   6.42005205               1
   6.43005228               1
   6.44005251               1
   6.45005274               1
   6.46005297               1
   6.47005320               1
   6.48005342               1
   6.49005365               1
   6.50005388               1
   6.51005411               1
   6.52005434               1
   6.53005457               1
   6.54005480               1
   6.55005503               1
   6.56005526               1
   6.57005548               1
   6.58005571               1
   6.59005594               1
   6.60005617               1
   6.61005640               1
   6.62005663               1
   6.63005686               1
   6.64005709               1
   6.65005732               1
   6.66005754               1
   6.67005777               1
   6.68005800               1
   6.69005823               1
   6.70005846               1
   6.71005869               1
   6.72005892               1
   6.73005915               1
   6.74005938               1
   6.75005960               1
   6.76005983               1
   6.77006006               1
   6.78006029               1
   6.79006052               1
   6.80006075               1
   6.81006098               1
   6.82006121               1
   6.83006144               1
   6.84006166               1
   6.85006189               1
   6.86006212               1
   6.87006235               1
   6.88006258               1
   6.89006281               1
   6.90006304               1
   6.91006327               1
   6.92006350               1
   6.93006372               1
   6.94006395               1
   6.95006418               1
   6.96006441               1
   6.97006464               1
   6.98006487               1
   6.99006510               1
   7.00006533               1
   7.01006556               1
   7.02006578               1
   7.03006601               1
   7.04006624               1
   7.05006647               1
   7.06006670               1
   7.07006693               1
   7.08006716               1
   7.09006739               1
   7.10006762               1
   7.11006784               1
   7.12006807               1
   7.13006830               1
   7.14006853               1
   7.15006876               1
   7.16006899               1
   7.17006922               1
   7.18006945               1
   7.19006968               1
   7.20006990               1
   7.21007013               1
   7.22007036               1
   7.23007059               1
   7.24007082               1
   7.25007105               1
   7.26007128               1
   7.27007151               1
   7.28007174               1
   7.29007196               1
   7.30007219               1
   7.31007242               1
   7.32007265               1
   7.33007288               1
   7.34007311               1
   7.35007334               1
   7.36007357               1
   7.37007380               1
   7.38007402               1
   7.39007425               1
   7.40007448               1
   7.41007471               1
   7.42007494               1
   7.43007517               1
   7.44007540               1
   7.45007563               1
   7.46007586               1
   7.47007608               1
   7.48007631               1
   7.49007654               1
   7.50007677               1
   7.51007700               1
   7.52007723               1
   7.53007746               1
   7.54007769               1
   7.55007792               1
   7.56007814               1
   7.57007837               1
   7.58007860               1
   7.59007883               1
   7.60007906               1
   7.61007929               1
   7.62007952               1
   7.63007975               1
   7.64007998               1
   7.65008020               1
   7.66008043               1
   7.67008066               1
   7.68008089               1
   7.69008112               1
   7.70008135               1
   7.71008158               0
   7.72008181               0
   7.73008204               0
   7.74008226               0
   7.75008249               0
   7.76008272               0
   7.77008295               0
   7.78008318               0
   7.79008341               0
   7.80008364               0
   7.81008387               0
   7.82008410               0
   7.83008432               0
   7.84008455               0
   7.85008478               0
   7.86008501               0
   7.87008524               0
   7.88008547               0
   7.89008570               0
   7.90008593               0
   7.91008615               0
   7.92008638               0
   7.93008661               0
   7.94008684               0
   7.95008707               0
   7.96008730               0
   7.97008753               0
   7.98008776               0
   7.99008799               0
   8.00008774               0
