   0.00000000             994
   9.99999978E-03         982
   1.99999996E-02         972
   2.99999993E-02         965
   3.99999991E-02         957
   4.99999970E-02         947
   5.99999949E-02         936
   6.99999928E-02         924
   7.99999908E-02         917
   8.99999887E-02         905
   9.99999866E-02         896
  0.109999985             881
  0.119999982             872
  0.129999980             865
  0.139999986             856
  0.149999991             846
  0.159999996             837
  0.170000002             824
  0.180000007             816
  0.190000013             804
  0.200000018             794
  0.210000023             783
  0.220000029             775
  0.230000034             766
  0.240000039             761
  0.250000030             758
  0.260000020             752
  0.270000011             744
  0.280000001             739
  0.289999992             726
  0.299999982             715
  0.309999973             704
  0.319999963             696
  0.329999954             691
  0.339999944             686
  0.349999934             682
  0.359999925             672
  0.369999915             661
  0.379999906             651
  0.389999896             638
  0.399999887             630
  0.409999877             626
  0.419999868             617
  0.429999858             608
  0.439999849             600
  0.449999839             594
  0.459999830             590
  0.469999820             585
  0.479999810             579
  0.489999801             571
  0.499999791             566
  0.509999812             557
  0.519999802             555
  0.529999793             546
  0.539999783             537
  0.549999774             530
  0.559999764             522
  0.569999754             520
  0.579999745             517
  0.589999735             506
  0.599999726             497
  0.609999716             494
  0.619999707             489
  0.629999697             485
  0.639999688             480
  0.649999678             475
  0.659999669             469
  0.669999659             465
  0.679999650             462
  0.689999640             457
  0.699999630             452
  0.709999621             446
  0.719999611             440
  0.729999602             435
  0.739999592             434
  0.749999583             428
  0.759999573             422
  0.769999564             421
  0.779999554             415
  0.789999545             411
  0.799999535             407
  0.809999526             402
  0.819999516             397
  0.829999506             392
  0.839999497             387
  0.849999487             385
  0.859999478             381
  0.869999468             375
  0.879999459             370
  0.889999449             366
  0.899999440             363
  0.909999430             360
  0.919999421             356
  0.929999411             353
  0.939999402             349
  0.949999392             349
  0.959999382             345
  0.969999373             343
  0.979999363             338
  0.989999354             334
  0.999999344             332
   1.00999939             330
   1.01999938             323
   1.02999938             321
   1.03999937             321
   1.04999936             317
   1.05999935             315
   1.06999934             308
   1.07999933             306
   1.08999932             303
   1.09999931             301
   1.10999930             301
   1.11999929             297
   1.12999928             290
   1.13999927             286
   1.14999926             285
   1.15999925             284
   1.16999924             278
   1.17999923             274
   1.18999922             271
   1.19999921             270
   1.20999920             269
   1.21999919             266
   1.22999918             263
   1.23999918             261
   1.24999917             259
   1.25999916             257
   1.26999915             254
   1.27999914             253
   1.28999913             250
   1.29999912             245
   1.30999911             244
   1.31999910             242
   1.32999909             241
   1.33999908             239
   1.34999907             235
   1.35999906             230
   1.36999905             228
   1.37999904             224
   1.38999903             220
   1.39999902             219
   1.40999901             214
   1.41999900             213
   1.42999899             211
   1.43999898             211
   1.44999897             209
   1.45999897             205
   1.46999896             205
   1.47999895             203
   1.48999894             201
   1.49999893             201
   1.50999892             199
   1.51999891             197
   1.52999890             192
   1.53999889             191
   1.54999888             188
   1.55999887             185
   1.56999886             185
   1.57999885             184
   1.58999884             181
   1.59999883             179
   1.60999882             176
   1.61999881             171
   1.62999880             166
   1.63999879             165
   1.64999878             164
   1.65999877             164
   1.66999876             164
   1.67999876             160
   1.68999875             160
   1.69999874             156
   1.70999873             154
   1.71999872             153
   1.72999871             152
   1.73999870             152
   1.74999869             151
   1.75999868             150
   1.76999867             149
   1.77999866             146
   1.78999865             146
   1.79999864             146
   1.80999863             146
   1.81999862             146
   1.82999861             143
   1.83999860             142
   1.84999859             138
   1.85999858             137
   1.86999857             135
   1.87999856             135
   1.88999856             135
   1.89999855             135
   1.90999854             134
   1.91999853             134
   1.92999852             133
   1.93999851             132
   1.94999850             131
   1.95999849             131
   1.96999848             130
   1.97999847             126
   1.98999846             125
   1.99999845             125
   2.00999856             124
   2.01999855             123
   2.02999854             121
   2.03999853             119
   2.04999852             117
   2.05999851             117
   2.06999850             116
   2.07999849             116
   2.08999848             115
   2.09999847             112
   2.10999846             112
   2.11999846             109
   2.12999845             108
   2.13999844             105
   2.14999843             104
   2.15999842             103
   2.16999841             101
   2.17999840             101
   2.18999839             100
   2.19999838             100
   2.20999837             100
   2.21999836              99
   2.22999835              97
   2.23999834              95
   2.24999833              92
   2.25999832              91
   2.26999831              90
   2.27999830              90
   2.28999829              90
   2.29999828              88
   2.30999827              86
   2.31999826              86
   2.32999825              86
   2.33999825              86
   2.34999824              86
   2.35999823              86
   2.36999822              85
   2.37999821              84
   2.38999820              84
   2.39999819              84
   2.40999818              84
   2.41999817              83
   2.42999816              81
   2.43999815              81
   2.44999814              79
   2.45999813              78
   2.46999812              76
   2.47999811              76
   2.48999810              76
   2.49999809              76
   2.50999808              73
   2.51999807              72
   2.52999806              72
   2.53999805              72
   2.54999804              71
   2.55999804              71
   2.56999803              70
   2.57999802              69
   2.58999801              69
   2.59999800              69
   2.60999799              68
   2.61999798              65
   2.62999797              63
   2.63999796              61
   2.64999795              61
   2.65999794              60
   2.66999793              60
   2.67999792              60
   2.68999791              58
   2.69999790              57
   2.70999789              57
   2.71999788              57
   2.72999787              57
   2.73999786              56
   2.74999785              54
   2.75999784              53
   2.76999784              51
   2.77999783              51
   2.78999782              50
   2.79999781              49
   2.80999780              49
   2.81999779              49
   2.82999778              48
   2.83999777              47
   2.84999776              47
   2.85999775              44
   2.86999774              43
   2.87999773              42
   2.88999772              42
   2.89999771              41
   2.90999770              41
   2.91999769              39
   2.92999768              38
   2.93999767              37
   2.94999766              37
   2.95999765              37
   2.96999764              37
   2.97999763              37
   2.98999763              36
   2.99999762              35
   3.00999761              33
   3.01999760              33
   3.02999759              33
   3.03999758              31
   3.04999757              28
   3.05999756              28
   3.06999755              28
   3.07999754              26
   3.08999753              26
   3.09999752              26
   3.10999751              26
   3.11999750              25
   3.12999749              25
   3.13999748              25
   3.14999747              25
   3.15999746              24
   3.16999745              24
   3.17999744              24
   3.18999743              24
   3.19999743              23
   3.20999742              22
   3.21999741              22
   3.22999740              22
   3.23999739              22
   3.24999738              22
   3.25999737              21
   3.26999736              20
   3.27999735              20
   3.28999734              20
   3.29999733              20
   3.30999732              20
   3.31999731              19
   3.32999730              19
   3.33999729              19
   3.34999728              19
   3.35999727              19
   3.36999726              19
   3.37999725              19
   3.38999724              19
   3.39999723              19
   3.40999722              18
   3.41999722              18
   3.42999721              18
   3.43999720              17
   3.44999719              17
   3.45999718              17
   3.46999717              17
   3.47999716              17
   3.48999715              17
   3.49999714              17
   3.50999713              17
   3.51999712              17
   3.52999711              17
   3.53999710              17
   3.54999709              17
   3.55999708              16
   3.56999707              16
   3.57999706              15
   3.58999705              14
   3.59999704              13
   3.60999703              13
   3.61999702              13
   3.62999701              13
   3.63999701              13
   3.64999700              13
   3.65999699              13
   3.66999698              13
   3.67999697              13
   3.68999696              13
   3.69999695              13
   3.70999694              13
   3.71999693              13
   3.72999692              13
   3.73999691              12
   3.74999690              11
   3.75999689              11
   3.76999688              10
   3.77999687              10
   3.78999686              10
   3.79999685              10
   3.80999684              10
   3.81999683              10
   3.82999682              10
   3.83999681              10
   3.84999681               9
   3.85999680               9
   3.86999679               9
   3.87999678               9
   3.88999677               9
   3.89999676               9
   3.90999675               9
   3.91999674               9
   3.92999673               9
   3.93999672               9
   3.94999671               9
   3.95999670               9
   3.96999669               9
   3.97999668               9
   3.98999667               8
   3.99999666               8
   4.00999689               8
   4.01999712               8
   4.02999735               8
   4.03999758               8
   4.04999781               8
   4.05999804               8
   4.06999826               8
   4.07999849               8
   4.08999872               8
   4.09999895               8
   4.10999918               8
   4.11999941               8
   4.12999964               6
   4.13999987               6
   4.15000010               6
   4.16000032               6
   4.17000055               6
   4.18000078               6
   4.19000101               6
   4.20000124               6
   4.21000147               6
   4.22000170               6
   4.23000193               5
   4.24000216               5
   4.25000238               5
   4.26000261               5
   4.27000284               5
   4.28000307               5
   4.29000330               5
   4.30000353               5
   4.31000376               5
   4.32000399               5
   4.33000422               5
   4.34000444               5
   4.35000467               5
   4.36000490               5
   4.37000513               5
   4.38000536               5
   4.39000559               5
   4.40000582               5
   4.41000605               5
   4.42000628               5
   4.43000650               5
   4.44000673               5
   4.45000696               5
   4.46000719               5
   4.47000742               5
   4.48000765               5
   4.49000788               5
   4.50000811               5
   4.51000834               5
   4.52000856               5
   4.53000879               5
   4.54000902               5
   4.55000925               5
   4.56000948               5
   4.57000971               5
   4.58000994               5
   4.59001017               5
   4.60001040               5
   4.61001062               5
   4.62001085               5
   4.63001108               5
   4.64001131               5
   4.65001154               5
   4.66001177               5
   4.67001200               5
   4.68001223               5
   4.69001245               5
   4.70001268               5
   4.71001291               5
   4.72001314               5
   4.73001337               5
   4.74001360               5
   4.75001383               5
   4.76001406               5
   4.77001429               5
   4.78001451               5
   4.79001474               5
   4.80001497               5
   4.81001520               5
   4.82001543               5
   4.83001566               5
   4.84001589               5
   4.85001612               5
   4.86001635               5
   4.87001657               5
   4.88001680               5
   4.89001703               5
   4.90001726               5
   4.91001749               5
   4.92001772               5
   4.93001795               5
   4.94001818               4
   4.95001841               4
   4.96001863               4
   4.97001886               4
   4.98001909               4
   4.99001932               3
   5.00001955               3
   5.01001978               3
   5.02002001               3
   5.03002024               3
   5.04002047               3
   5.05002069               3
   5.06002092               3
   5.07002115               3
   5.08002138               3
   5.09002161               3
   5.10002184               3
   5.11002207               3
   5.12002230               3
   5.13002253               3
   5.14002275               3
   5.15002298               3
   5.16002321               3
   5.17002344               3
   5.18002367               3
   5.19002390               3
   5.20002413               3
   5.21002436               3
   5.22002459               3
   5.23002481               2
   5.24002504               2
   5.25002527               2
   5.26002550               2
   5.27002573               2
   5.28002596               2
   5.29002619               2
   5.30002642               2
   5.31002665               2
   5.32002687               2
   5.33002710               2
   5.34002733               2
   5.35002756               2
   5.36002779               2
   5.37002802               2
   5.38002825               2
   5.39002848               2
   5.40002871               2
   5.41002893               2
   5.42002916               2
   5.43002939               2
   5.44002962               2
   5.45002985               2
   5.46003008               2
   5.47003031               2
   5.48003054               2
   5.49003077               2
   5.50003099               2
   5.51003122               2
   5.52003145               2
   5.53003168               2
   5.54003191               2
   5.55003214               2
   5.56003237               2
   5.57003260               2
   5.58003283               2
   5.59003305               2
   5.60003328               2
   5.61003351               2
   5.62003374               2
   5.63003397               2
   5.64003420               2
   5.65003443               2
   5.66003466               2
   5.67003489               2
   5.68003511               2
   5.69003534               2
   5.70003557               2
   5.71003580               2
   5.72003603               2
   5.73003626               2
   5.74003649               2
   5.75003672               2
   5.76003695               2
   5.77003717               2
   5.78003740               2
   5.79003763               2
   5.80003786               2
   5.81003809               2
   5.82003832               2
   5.83003855               2
   5.84003878               2
   5.85003901               2
   5.86003923               2
   5.87003946               2
   5.88003969               2
   5.89003992               2
   5.90004015               2
   5.91004038               2
   5.92004061               2
   5.93004084               2
   5.94004107               2
   5.95004129               2
   5.96004152               2
   5.97004175               2
   5.98004198               2
   5.99004221               2
   6.00004244               2
   6.01004267               2
   6.02004290               2
   6.03004313               2
   6.04004335               2
   6.05004358               2
   6.06004381               2
   6.07004404               2
   6.08004427               2
   6.09004450               2
   6.10004473               2
   6.11004496               2
   6.12004519               2
   6.13004541               2
   6.14004564               2
   6.15004587               2
   6.16004610               2
   6.17004633               2
   6.18004656               2
   6.19004679               2
   6.20004702               2
   6.21004725               2
   6.22004747               2
   6.23004770               2
   6.24004793               2
   6.25004816               2
   6.26004839               2
   6.27004862               2
   6.28004885               2
   6.29004908               2
   6.30004930               2
   6.31004953               2
   6.32004976               1
   6.33004999               1
   6.34005022               1
   6.35005045               1
   6.36005068               1
   6.37005091               1
   6.38005114               1
   6.39005136               1
   6.40005159               1
   6.41005182               1
   6.42005205               1
   6.43005228               1
   6.44005251               1
   6.45005274               1
   6.46005297               1
   6.47005320               1
   6.48005342               1
   6.49005365               1
   6.50005388               1
   6.51005411               1
   6.52005434               1
   6.53005457               1
   6.54005480               1
   6.55005503               1
   6.56005526               1
   6.57005548               1
   6.58005571               1
   6.59005594               1
   6.60005617               1
   6.61005640               1
   6.62005663               1
   6.63005686               1
   6.64005709               1
   6.65005732               1
   6.66005754               1
   6.67005777               1
   6.68005800               1
   6.69005823               1
   6.70005846               1
   6.71005869               1
   6.72005892               1
   6.73005915               1
   6.74005938               1
   6.75005960               1
   6.76005983               1
   6.77006006               1
   6.78006029               1
   6.79006052               1
   6.80006075               1
   6.81006098               1
   6.82006121               1
   6.83006144               1
   6.84006166               1
   6.85006189               1
   6.86006212               1
   6.87006235               1
   6.88006258               1
   6.89006281               1
   6.90006304               1
   6.91006327               1
   6.92006350               1
   6.93006372               1
   6.94006395               1
   6.95006418               1
   6.96006441               1
   6.97006464               1
   6.98006487               1
   6.99006510               1
   7.00006533               1
   7.01006556               1
   7.02006578               1
   7.03006601               1
   7.04006624               1
   7.05006647               1
   7.06006670               1
   7.07006693               1
   7.08006716               1
   7.09006739               1
   7.10006762               1
   7.11006784               1
   7.12006807               1
   7.13006830               1
   7.14006853               1
   7.15006876               1
   7.16006899               1
   7.17006922               1
   7.18006945               1
   7.19006968               1
   7.20006990               1
   7.21007013               1
   7.22007036               1
   7.23007059               1
   7.24007082               1
   7.25007105               1
   7.26007128               1
   7.27007151               1
   7.28007174               1
   7.29007196               1
   7.30007219               1
   7.31007242               1
   7.32007265               1
   7.33007288               1
   7.34007311               1
   7.35007334               1
   7.36007357               1
   7.37007380               1
   7.38007402               1
   7.39007425               1
   7.40007448               1
   7.41007471               1
   7.42007494               1
   7.43007517               1
   7.44007540               1
   7.45007563               1
   7.46007586               1
   7.47007608               1
   7.48007631               1
   7.49007654               1
   7.50007677               1
   7.51007700               1
   7.52007723               1
   7.53007746               1
   7.54007769               1
   7.55007792               1
   7.56007814               0
   7.57007837               0
   7.58007860               0
   7.59007883               0
   7.60007906               0
   7.61007929               0
   7.62007952               0
   7.63007975               0
   7.64007998               0
   7.65008020               0
   7.66008043               0
   7.67008066               0
   7.68008089               0
   7.69008112               0
   7.70008135               0
   7.71008158               0
   7.72008181               0
   7.73008204               0
   7.74008226               0
   7.75008249               0
   7.76008272               0
   7.77008295               0
   7.78008318               0
   7.79008341               0
   7.80008364               0
   7.81008387               0
   7.82008410               0
   7.83008432               0
   7.84008455               0
   7.85008478               0
   7.86008501               0
   7.87008524               0
   7.88008547               0
   7.89008570               0
   7.90008593               0
   7.91008615               0
   7.92008638               0
   7.93008661               0
   7.94008684               0
   7.95008707               0
   7.96008730               0
   7.97008753               0
   7.98008776               0
   7.99008799               0
   8.00008774               0
