   0.00000000             993
   9.99999978E-03         982
   1.99999996E-02         974
   2.99999993E-02         967
   3.99999991E-02         958
   4.99999970E-02         947
   5.99999949E-02         942
   6.99999928E-02         934
   7.99999908E-02         929
   8.99999887E-02         917
   9.99999866E-02         911
  0.109999985             904
  0.119999982             898
  0.129999980             891
  0.139999986             878
  0.149999991             867
  0.159999996             856
  0.170000002             848
  0.180000007             842
  0.190000013             831
  0.200000018             823
  0.210000023             816
  0.220000029             808
  0.230000034             802
  0.240000039             795
  0.250000030             784
  0.260000020             779
  0.270000011             773
  0.280000001             769
  0.289999992             765
  0.299999982             757
  0.309999973             747
  0.319999963             739
  0.329999954             732
  0.339999944             722
  0.349999934             715
  0.359999925             708
  0.369999915             707
  0.379999906             702
  0.389999896             699
  0.399999887             693
  0.409999877             687
  0.419999868             682
  0.429999858             675
  0.439999849             669
  0.449999839             662
  0.459999830             655
  0.469999820             649
  0.479999810             638
  0.489999801             634
  0.499999791             634
  0.509999812             628
  0.519999802             620
  0.529999793             611
  0.539999783             604
  0.549999774             597
  0.559999764             593
  0.569999754             588
  0.579999745             584
  0.589999735             579
  0.599999726             577
  0.609999716             567
  0.619999707             559
  0.629999697             553
  0.639999688             548
  0.649999678             541
  0.659999669             535
  0.669999659             532
  0.679999650             525
  0.689999640             520
  0.699999630             514
  0.709999621             508
  0.719999611             507
  0.729999602             503
  0.739999592             495
  0.749999583             490
  0.759999573             485
  0.769999564             484
  0.779999554             478
  0.789999545             467
  0.799999535             461
  0.809999526             455
  0.819999516             451
  0.829999506             446
  0.839999497             444
  0.849999487             441
  0.859999478             435
  0.869999468             432
  0.879999459             427
  0.889999449             423
  0.899999440             418
  0.909999430             415
  0.919999421             411
  0.929999411             407
  0.939999402             402
  0.949999392             396
  0.959999382             395
  0.969999373             390
  0.979999363             387
  0.989999354             385
  0.999999344             380
   1.00999939             376
   1.01999938             373
   1.02999938             366
   1.03999937             364
   1.04999936             359
   1.05999935             352
   1.06999934             349
   1.07999933             348
   1.08999932             347
   1.09999931             344
   1.10999930             340
   1.11999929             337
   1.12999928             332
   1.13999927             330
   1.14999926             327
   1.15999925             323
   1.16999924             321
   1.17999923             320
   1.18999922             317
   1.19999921             314
   1.20999920             312
   1.21999919             310
   1.22999918             307
   1.23999918             305
   1.24999917             302
   1.25999916             298
   1.26999915             295
   1.27999914             293
   1.28999913             287
   1.29999912             283
   1.30999911             277
   1.31999910             272
   1.32999909             270
   1.33999908             265
   1.34999907             260
   1.35999906             258
   1.36999905             253
   1.37999904             251
   1.38999903             248
   1.39999902             243
   1.40999901             241
   1.41999900             238
   1.42999899             234
   1.43999898             227
   1.44999897             223
   1.45999897             220
   1.46999896             219
   1.47999895             217
   1.48999894             217
   1.49999893             215
   1.50999892             214
   1.51999891             213
   1.52999890             211
   1.53999889             206
   1.54999888             205
   1.55999887             203
   1.56999886             200
   1.57999885             195
   1.58999884             193
   1.59999883             188
   1.60999882             186
   1.61999881             183
   1.62999880             182
   1.63999879             180
   1.64999878             178
   1.65999877             176
   1.66999876             175
   1.67999876             173
   1.68999875             171
   1.69999874             167
   1.70999873             166
   1.71999872             166
   1.72999871             163
   1.73999870             161
   1.74999869             159
   1.75999868             155
   1.76999867             152
   1.77999866             152
   1.78999865             151
   1.79999864             151
   1.80999863             151
   1.81999862             149
   1.82999861             147
   1.83999860             147
   1.84999859             145
   1.85999858             144
   1.86999857             142
   1.87999856             140
   1.88999856             140
   1.89999855             140
   1.90999854             138
   1.91999853             136
   1.92999852             135
   1.93999851             135
   1.94999850             134
   1.95999849             134
   1.96999848             133
   1.97999847             132
   1.98999846             130
   1.99999845             129
   2.00999856             128
   2.01999855             128
   2.02999854             127
   2.03999853             127
   2.04999852             125
   2.05999851             124
   2.06999850             123
   2.07999849             122
   2.08999848             121
   2.09999847             120
   2.10999846             119
   2.11999846             119
   2.12999845             118
   2.13999844             118
   2.14999843             114
   2.15999842             114
   2.16999841             113
   2.17999840             112
   2.18999839             112
   2.19999838             111
   2.20999837             109
   2.21999836             108
   2.22999835             108
   2.23999834             108
   2.24999833             107
   2.25999832             104
   2.26999831             104
   2.27999830             104
   2.28999829             102
   2.29999828             101
   2.30999827             100
   2.31999826              99
   2.32999825              98
   2.33999825              95
   2.34999824              93
   2.35999823              92
   2.36999822              92
   2.37999821              91
   2.38999820              90
   2.39999819              89
   2.40999818              88
   2.41999817              88
   2.42999816              88
   2.43999815              88
   2.44999814              88
   2.45999813              86
   2.46999812              85
   2.47999811              84
   2.48999810              83
   2.49999809              80
   2.50999808              80
   2.51999807              80
   2.52999806              79
   2.53999805              78
   2.54999804              77
   2.55999804              76
   2.56999803              76
   2.57999802              76
   2.58999801              74
   2.59999800              74
   2.60999799              73
   2.61999798              73
   2.62999797              73
   2.63999796              72
   2.64999795              71
   2.65999794              71
   2.66999793              70
   2.67999792              68
   2.68999791              66
   2.69999790              66
   2.70999789              66
   2.71999788              66
   2.72999787              66
   2.73999786              66
   2.74999785              65
   2.75999784              65
   2.76999784              65
   2.77999783              64
   2.78999782              64
   2.79999781              64
   2.80999780              63
   2.81999779              63
   2.82999778              61
   2.83999777              59
   2.84999776              58
   2.85999775              56
   2.86999774              56
   2.87999773              54
   2.88999772              53
   2.89999771              53
   2.90999770              53
   2.91999769              53
   2.92999768              53
   2.93999767              53
   2.94999766              53
   2.95999765              53
   2.96999764              52
   2.97999763              52
   2.98999763              51
   2.99999762              50
   3.00999761              50
   3.01999760              50
   3.02999759              49
   3.03999758              49
   3.04999757              49
   3.05999756              49
   3.06999755              49
   3.07999754              48
   3.08999753              47
   3.09999752              47
   3.10999751              46
   3.11999750              45
   3.12999749              45
   3.13999748              44
   3.14999747              44
   3.15999746              44
   3.16999745              44
   3.17999744              44
   3.18999743              44
   3.19999743              44
   3.20999742              42
   3.21999741              41
   3.22999740              41
   3.23999739              40
   3.24999738              39
   3.25999737              38
   3.26999736              37
   3.27999735              37
   3.28999734              37
   3.29999733              37
   3.30999732              37
   3.31999731              37
   3.32999730              37
   3.33999729              37
   3.34999728              37
   3.35999727              36
   3.36999726              35
   3.37999725              34
   3.38999724              31
   3.39999723              30
   3.40999722              29
   3.41999722              28
   3.42999721              27
   3.43999720              26
   3.44999719              26
   3.45999718              26
   3.46999717              26
   3.47999716              26
   3.48999715              26
   3.49999714              25
   3.50999713              24
   3.51999712              24
   3.52999711              23
   3.53999710              23
   3.54999709              23
   3.55999708              23
   3.56999707              23
   3.57999706              23
   3.58999705              23
   3.59999704              23
   3.60999703              22
   3.61999702              22
   3.62999701              22
   3.63999701              22
   3.64999700              22
   3.65999699              22
   3.66999698              22
   3.67999697              21
   3.68999696              21
   3.69999695              20
   3.70999694              20
   3.71999693              20
   3.72999692              20
   3.73999691              20
   3.74999690              20
   3.75999689              20
   3.76999688              20
   3.77999687              20
   3.78999686              19
   3.79999685              19
   3.80999684              19
   3.81999683              19
   3.82999682              19
   3.83999681              19
   3.84999681              19
   3.85999680              19
   3.86999679              18
   3.87999678              17
   3.88999677              17
   3.89999676              17
   3.90999675              16
   3.91999674              16
   3.92999673              16
   3.93999672              15
   3.94999671              15
   3.95999670              15
   3.96999669              15
   3.97999668              15
   3.98999667              15
   3.99999666              15
   4.00999689              15
   4.01999712              15
   4.02999735              15
   4.03999758              15
   4.04999781              15
   4.05999804              15
   4.06999826              15
   4.07999849              15
   4.08999872              15
   4.09999895              15
   4.10999918              15
   4.11999941              15
   4.12999964              15
   4.13999987              15
   4.15000010              15
   4.16000032              15
   4.17000055              15
   4.18000078              15
   4.19000101              15
   4.20000124              15
   4.21000147              15
   4.22000170              15
   4.23000193              15
   4.24000216              15
   4.25000238              15
   4.26000261              14
   4.27000284              14
   4.28000307              14
   4.29000330              14
   4.30000353              14
   4.31000376              14
   4.32000399              14
   4.33000422              14
   4.34000444              14
   4.35000467              14
   4.36000490              14
   4.37000513              14
   4.38000536              14
   4.39000559              14
   4.40000582              14
   4.41000605              14
   4.42000628              14
   4.43000650              14
   4.44000673              14
   4.45000696              14
   4.46000719              14
   4.47000742              14
   4.48000765              14
   4.49000788              14
   4.50000811              14
   4.51000834              14
   4.52000856              14
   4.53000879              14
   4.54000902              14
   4.55000925              14
   4.56000948              14
   4.57000971              14
   4.58000994              14
   4.59001017              14
   4.60001040              14
   4.61001062              14
   4.62001085              14
   4.63001108              14
   4.64001131              14
   4.65001154              14
   4.66001177              14
   4.67001200              14
   4.68001223              14
   4.69001245              13
   4.70001268              13
   4.71001291              12
   4.72001314              12
   4.73001337              12
   4.74001360              12
   4.75001383              11
   4.76001406              11
   4.77001429              11
   4.78001451              11
   4.79001474              11
   4.80001497              11
   4.81001520              10
   4.82001543              10
   4.83001566              10
   4.84001589              10
   4.85001612              10
   4.86001635              10
   4.87001657              10
   4.88001680              10
   4.89001703              10
   4.90001726              10
   4.91001749              10
   4.92001772              10
   4.93001795              10
   4.94001818               9
   4.95001841               9
   4.96001863               9
   4.97001886               9
   4.98001909               9
   4.99001932               9
   5.00001955               9
   5.01001978               9
   5.02002001               9
   5.03002024               9
   5.04002047               9
   5.05002069               9
   5.06002092               9
   5.07002115               9
   5.08002138               9
   5.09002161               8
   5.10002184               7
   5.11002207               7
   5.12002230               7
   5.13002253               7
   5.14002275               7
   5.15002298               7
   5.16002321               7
   5.17002344               6
   5.18002367               6
   5.19002390               6
   5.20002413               6
   5.21002436               6
   5.22002459               6
   5.23002481               6
   5.24002504               6
   5.25002527               6
   5.26002550               6
   5.27002573               6
   5.28002596               6
   5.29002619               6
   5.30002642               6
   5.31002665               6
   5.32002687               6
   5.33002710               6
   5.34002733               6
   5.35002756               5
   5.36002779               5
   5.37002802               5
   5.38002825               5
   5.39002848               4
   5.40002871               4
   5.41002893               4
   5.42002916               4
   5.43002939               4
   5.44002962               4
   5.45002985               4
   5.46003008               4
   5.47003031               4
   5.48003054               4
   5.49003077               4
   5.50003099               4
   5.51003122               4
   5.52003145               4
   5.53003168               4
   5.54003191               4
   5.55003214               4
   5.56003237               4
   5.57003260               4
   5.58003283               4
   5.59003305               4
   5.60003328               4
   5.61003351               4
   5.62003374               4
   5.63003397               4
   5.64003420               4
   5.65003443               4
   5.66003466               3
   5.67003489               3
   5.68003511               3
   5.69003534               3
   5.70003557               3
   5.71003580               3
   5.72003603               3
   5.73003626               3
   5.74003649               3
   5.75003672               3
   5.76003695               3
   5.77003717               3
   5.78003740               3
   5.79003763               3
   5.80003786               3
   5.81003809               3
   5.82003832               3
   5.83003855               2
   5.84003878               2
   5.85003901               2
   5.86003923               2
   5.87003946               2
   5.88003969               2
   5.89003992               2
   5.90004015               2
   5.91004038               2
   5.92004061               2
   5.93004084               2
   5.94004107               2
   5.95004129               2
   5.96004152               2
   5.97004175               2
   5.98004198               2
   5.99004221               2
   6.00004244               2
   6.01004267               1
   6.02004290               1
   6.03004313               1
   6.04004335               1
   6.05004358               1
   6.06004381               1
   6.07004404               1
   6.08004427               1
   6.09004450               1
   6.10004473               1
   6.11004496               1
   6.12004519               1
   6.13004541               1
   6.14004564               1
   6.15004587               1
   6.16004610               1
   6.17004633               1
   6.18004656               1
   6.19004679               1
   6.20004702               1
   6.21004725               1
   6.22004747               1
   6.23004770               1
   6.24004793               1
   6.25004816               1
   6.26004839               1
   6.27004862               1
   6.28004885               1
   6.29004908               1
   6.30004930               1
   6.31004953               1
   6.32004976               1
   6.33004999               1
   6.34005022               1
   6.35005045               1
   6.36005068               1
   6.37005091               1
   6.38005114               1
   6.39005136               1
   6.40005159               1
   6.41005182               1
   6.42005205               1
   6.43005228               1
   6.44005251               1
   6.45005274               1
   6.46005297               1
   6.47005320               1
   6.48005342               1
   6.49005365               1
   6.50005388               1
   6.51005411               1
   6.52005434               1
   6.53005457               1
   6.54005480               1
   6.55005503               1
   6.56005526               1
   6.57005548               1
   6.58005571               1
   6.59005594               1
   6.60005617               1
   6.61005640               1
   6.62005663               1
   6.63005686               1
   6.64005709               1
   6.65005732               1
   6.66005754               1
   6.67005777               1
   6.68005800               1
   6.69005823               1
   6.70005846               1
   6.71005869               1
   6.72005892               1
   6.73005915               1
   6.74005938               1
   6.75005960               1
   6.76005983               1
   6.77006006               1
   6.78006029               1
   6.79006052               1
   6.80006075               1
   6.81006098               1
   6.82006121               1
   6.83006144               1
   6.84006166               1
   6.85006189               1
   6.86006212               1
   6.87006235               1
   6.88006258               1
   6.89006281               1
   6.90006304               1
   6.91006327               1
   6.92006350               1
   6.93006372               1
   6.94006395               1
   6.95006418               1
   6.96006441               1
   6.97006464               1
   6.98006487               1
   6.99006510               1
   7.00006533               1
   7.01006556               1
   7.02006578               1
   7.03006601               1
   7.04006624               1
   7.05006647               1
   7.06006670               1
   7.07006693               1
   7.08006716               1
   7.09006739               1
   7.10006762               1
   7.11006784               1
   7.12006807               1
   7.13006830               1
   7.14006853               1
   7.15006876               1
   7.16006899               1
   7.17006922               1
   7.18006945               1
   7.19006968               1
   7.20006990               1
   7.21007013               1
   7.22007036               1
   7.23007059               1
   7.24007082               1
   7.25007105               1
   7.26007128               1
   7.27007151               1
   7.28007174               1
   7.29007196               1
   7.30007219               1
   7.31007242               1
   7.32007265               1
   7.33007288               1
   7.34007311               1
   7.35007334               1
   7.36007357               1
   7.37007380               1
   7.38007402               1
   7.39007425               1
   7.40007448               1
   7.41007471               1
   7.42007494               1
   7.43007517               1
   7.44007540               1
   7.45007563               1
   7.46007586               1
   7.47007608               1
   7.48007631               1
   7.49007654               1
   7.50007677               1
   7.51007700               1
   7.52007723               1
   7.53007746               1
   7.54007769               1
   7.55007792               1
   7.56007814               1
   7.57007837               1
   7.58007860               1
   7.59007883               1
   7.60007906               1
   7.61007929               1
   7.62007952               1
   7.63007975               1
   7.64007998               1
   7.65008020               1
   7.66008043               1
   7.67008066               1
   7.68008089               1
   7.69008112               1
   7.70008135               1
   7.71008158               1
   7.72008181               1
   7.73008204               1
   7.74008226               1
   7.75008249               1
   7.76008272               1
   7.77008295               1
   7.78008318               1
   7.79008341               1
   7.80008364               1
   7.81008387               1
   7.82008410               1
   7.83008432               1
   7.84008455               1
   7.85008478               1
   7.86008501               1
   7.87008524               1
   7.88008547               1
   7.89008570               1
   7.90008593               1
   7.91008615               1
   7.92008638               1
   7.93008661               0
   7.94008684               0
   7.95008707               0
   7.96008730               0
   7.97008753               0
   7.98008776               0
   7.99008799               0
   8.00008774               0
