   0.00000000             990
   9.99999978E-03         980
   1.99999996E-02         965
   2.99999993E-02         953
   3.99999991E-02         944
   4.99999970E-02         942
   5.99999949E-02         934
   6.99999928E-02         927
   7.99999908E-02         912
   8.99999887E-02         905
   9.99999866E-02         898
  0.109999985             886
  0.119999982             880
  0.129999980             868
  0.139999986             864
  0.149999991             857
  0.159999996             847
  0.170000002             837
  0.180000007             824
  0.190000013             817
  0.200000018             811
  0.210000023             797
  0.220000029             790
  0.230000034             782
  0.240000039             775
  0.250000030             769
  0.260000020             762
  0.270000011             751
  0.280000001             741
  0.289999992             732
  0.299999982             724
  0.309999973             717
  0.319999963             712
  0.329999954             702
  0.339999944             696
  0.349999934             690
  0.359999925             679
  0.369999915             670
  0.379999906             667
  0.389999896             661
  0.399999887             654
  0.409999877             647
  0.419999868             641
  0.429999858             638
  0.439999849             633
  0.449999839             623
  0.459999830             617
  0.469999820             614
  0.479999810             608
  0.489999801             598
  0.499999791             589
  0.509999812             587
  0.519999802             580
  0.529999793             578
  0.539999783             576
  0.549999774             572
  0.559999764             567
  0.569999754             561
  0.579999745             558
  0.589999735             556
  0.599999726             553
  0.609999716             546
  0.619999707             543
  0.629999697             539
  0.639999688             536
  0.649999678             531
  0.659999669             527
  0.669999659             520
  0.679999650             514
  0.689999640             508
  0.699999630             502
  0.709999621             498
  0.719999611             497
  0.729999602             495
  0.739999592             492
  0.749999583             488
  0.759999573             484
  0.769999564             480
  0.779999554             475
  0.789999545             471
  0.799999535             466
  0.809999526             458
  0.819999516             454
  0.829999506             451
  0.839999497             448
  0.849999487             444
  0.859999478             443
  0.869999468             438
  0.879999459             433
  0.889999449             429
  0.899999440             428
  0.909999430             428
  0.919999421             422
  0.929999411             418
  0.939999402             412
  0.949999392             407
  0.959999382             405
  0.969999373             401
  0.979999363             395
  0.989999354             390
  0.999999344             383
   1.00999939             379
   1.01999938             376
   1.02999938             372
   1.03999937             369
   1.04999936             361
   1.05999935             357
   1.06999934             354
   1.07999933             354
   1.08999932             351
   1.09999931             348
   1.10999930             346
   1.11999929             343
   1.12999928             337
   1.13999927             331
   1.14999926             331
   1.15999925             324
   1.16999924             320
   1.17999923             317
   1.18999922             315
   1.19999921             310
   1.20999920             309
   1.21999919             307
   1.22999918             302
   1.23999918             296
   1.24999917             292
   1.25999916             289
   1.26999915             287
   1.27999914             284
   1.28999913             280
   1.29999912             278
   1.30999911             274
   1.31999910             267
   1.32999909             264
   1.33999908             261
   1.34999907             260
   1.35999906             256
   1.36999905             254
   1.37999904             250
   1.38999903             247
   1.39999902             247
   1.40999901             243
   1.41999900             239
   1.42999899             236
   1.43999898             234
   1.44999897             234
   1.45999897             232
   1.46999896             230
   1.47999895             228
   1.48999894             226
   1.49999893             224
   1.50999892             221
   1.51999891             219
   1.52999890             218
   1.53999889             217
   1.54999888             214
   1.55999887             213
   1.56999886             211
   1.57999885             208
   1.58999884             206
   1.59999883             203
   1.60999882             203
   1.61999881             201
   1.62999880             199
   1.63999879             198
   1.64999878             196
   1.65999877             193
   1.66999876             192
   1.67999876             188
   1.68999875             187
   1.69999874             184
   1.70999873             183
   1.71999872             183
   1.72999871             181
   1.73999870             179
   1.74999869             177
   1.75999868             177
   1.76999867             175
   1.77999866             174
   1.78999865             171
   1.79999864             170
   1.80999863             169
   1.81999862             167
   1.82999861             165
   1.83999860             165
   1.84999859             162
   1.85999858             161
   1.86999857             160
   1.87999856             160
   1.88999856             160
   1.89999855             156
   1.90999854             152
   1.91999853             152
   1.92999852             151
   1.93999851             149
   1.94999850             146
   1.95999849             144
   1.96999848             142
   1.97999847             141
   1.98999846             137
   1.99999845             134
   2.00999856             129
   2.01999855             126
   2.02999854             126
   2.03999853             124
   2.04999852             124
   2.05999851             124
   2.06999850             124
   2.07999849             122
   2.08999848             122
   2.09999847             121
   2.10999846             119
   2.11999846             118
   2.12999845             113
   2.13999844             111
   2.14999843             111
   2.15999842             111
   2.16999841             109
   2.17999840             106
   2.18999839             103
   2.19999838             100
   2.20999837             100
   2.21999836             100
   2.22999835              99
   2.23999834              97
   2.24999833              95
   2.25999832              94
   2.26999831              94
   2.27999830              92
   2.28999829              92
   2.29999828              91
   2.30999827              91
   2.31999826              90
   2.32999825              89
   2.33999825              87
   2.34999824              85
   2.35999823              85
   2.36999822              82
   2.37999821              81
   2.38999820              80
   2.39999819              80
   2.40999818              80
   2.41999817              79
   2.42999816              79
   2.43999815              79
   2.44999814              79
   2.45999813              79
   2.46999812              79
   2.47999811              79
   2.48999810              78
   2.49999809              78
   2.50999808              78
   2.51999807              74
   2.52999806              74
   2.53999805              73
   2.54999804              73
   2.55999804              73
   2.56999803              73
   2.57999802              71
   2.58999801              71
   2.59999800              70
   2.60999799              70
   2.61999798              70
   2.62999797              70
   2.63999796              68
   2.64999795              67
   2.65999794              67
   2.66999793              67
   2.67999792              67
   2.68999791              67
   2.69999790              67
   2.70999789              66
   2.71999788              66
   2.72999787              65
   2.73999786              65
   2.74999785              65
   2.75999784              64
   2.76999784              63
   2.77999783              61
   2.78999782              61
   2.79999781              61
   2.80999780              61
   2.81999779              60
   2.82999778              60
   2.83999777              60
   2.84999776              59
   2.85999775              59
   2.86999774              59
   2.87999773              58
   2.88999772              58
   2.89999771              58
   2.90999770              58
   2.91999769              58
   2.92999768              58
   2.93999767              57
   2.94999766              56
   2.95999765              54
   2.96999764              54
   2.97999763              53
   2.98999763              53
   2.99999762              53
   3.00999761              52
   3.01999760              52
   3.02999759              52
   3.03999758              52
   3.04999757              51
   3.05999756              51
   3.06999755              50
   3.07999754              50
   3.08999753              48
   3.09999752              47
   3.10999751              47
   3.11999750              47
   3.12999749              46
   3.13999748              46
   3.14999747              46
   3.15999746              46
   3.16999745              46
   3.17999744              46
   3.18999743              46
   3.19999743              46
   3.20999742              46
   3.21999741              46
   3.22999740              46
   3.23999739              46
   3.24999738              45
   3.25999737              45
   3.26999736              45
   3.27999735              45
   3.28999734              44
   3.29999733              44
   3.30999732              44
   3.31999731              43
   3.32999730              43
   3.33999729              42
   3.34999728              41
   3.35999727              41
   3.36999726              41
   3.37999725              40
   3.38999724              40
   3.39999723              40
   3.40999722              40
   3.41999722              40
   3.42999721              40
   3.43999720              40
   3.44999719              40
   3.45999718              40
   3.46999717              40
   3.47999716              39
   3.48999715              38
   3.49999714              37
   3.50999713              37
   3.51999712              36
   3.52999711              36
   3.53999710              36
   3.54999709              36
   3.55999708              36
   3.56999707              35
   3.57999706              35
   3.58999705              34
   3.59999704              34
   3.60999703              34
   3.61999702              34
   3.62999701              34
   3.63999701              34
   3.64999700              34
   3.65999699              34
   3.66999698              33
   3.67999697              33
   3.68999696              33
   3.69999695              33
   3.70999694              33
   3.71999693              33
   3.72999692              33
   3.73999691              33
   3.74999690              33
   3.75999689              33
   3.76999688              33
   3.77999687              33
   3.78999686              33
   3.79999685              33
   3.80999684              32
   3.81999683              32
   3.82999682              31
   3.83999681              30
   3.84999681              30
   3.85999680              30
   3.86999679              29
   3.87999678              27
   3.88999677              27
   3.89999676              25
   3.90999675              24
   3.91999674              23
   3.92999673              23
   3.93999672              22
   3.94999671              22
   3.95999670              21
   3.96999669              21
   3.97999668              21
   3.98999667              21
   3.99999666              21
   4.00999689              21
   4.01999712              19
   4.02999735              16
   4.03999758              16
   4.04999781              16
   4.05999804              16
   4.06999826              16
   4.07999849              16
   4.08999872              16
   4.09999895              16
   4.10999918              16
   4.11999941              16
   4.12999964              16
   4.13999987              15
   4.15000010              15
   4.16000032              15
   4.17000055              15
   4.18000078              15
   4.19000101              15
   4.20000124              15
   4.21000147              15
   4.22000170              15
   4.23000193              15
   4.24000216              15
   4.25000238              15
   4.26000261              15
   4.27000284              15
   4.28000307              15
   4.29000330              15
   4.30000353              15
   4.31000376              14
   4.32000399              14
   4.33000422              14
   4.34000444              13
   4.35000467              13
   4.36000490              13
   4.37000513              13
   4.38000536              13
   4.39000559              13
   4.40000582              13
   4.41000605              13
   4.42000628              13
   4.43000650              13
   4.44000673              13
   4.45000696              13
   4.46000719              13
   4.47000742              13
   4.48000765              13
   4.49000788              13
   4.50000811              12
   4.51000834              12
   4.52000856              12
   4.53000879              12
   4.54000902              12
   4.55000925              11
   4.56000948              11
   4.57000971              10
   4.58000994              10
   4.59001017              10
   4.60001040              10
   4.61001062              10
   4.62001085               9
   4.63001108               9
   4.64001131               9
   4.65001154               9
   4.66001177               9
   4.67001200               8
   4.68001223               7
   4.69001245               7
   4.70001268               7
   4.71001291               7
   4.72001314               7
   4.73001337               7
   4.74001360               7
   4.75001383               7
   4.76001406               7
   4.77001429               7
   4.78001451               7
   4.79001474               7
   4.80001497               7
   4.81001520               7
   4.82001543               7
   4.83001566               7
   4.84001589               6
   4.85001612               6
   4.86001635               6
   4.87001657               6
   4.88001680               6
   4.89001703               6
   4.90001726               6
   4.91001749               6
   4.92001772               6
   4.93001795               6
   4.94001818               6
   4.95001841               6
   4.96001863               6
   4.97001886               6
   4.98001909               6
   4.99001932               6
   5.00001955               6
   5.01001978               6
   5.02002001               6
   5.03002024               6
   5.04002047               6
   5.05002069               6
   5.06002092               6
   5.07002115               6
   5.08002138               6
   5.09002161               6
   5.10002184               6
   5.11002207               6
   5.12002230               6
   5.13002253               5
   5.14002275               5
   5.15002298               5
   5.16002321               5
   5.17002344               5
   5.18002367               5
   5.19002390               5
   5.20002413               5
   5.21002436               5
   5.22002459               5
   5.23002481               5
   5.24002504               5
   5.25002527               5
   5.26002550               5
   5.27002573               5
   5.28002596               5
   5.29002619               5
   5.30002642               5
   5.31002665               5
   5.32002687               5
   5.33002710               5
   5.34002733               5
   5.35002756               5
   5.36002779               5
   5.37002802               5
   5.38002825               5
   5.39002848               5
   5.40002871               5
   5.41002893               5
   5.42002916               5
   5.43002939               5
   5.44002962               5
   5.45002985               5
   5.46003008               5
   5.47003031               4
   5.48003054               4
   5.49003077               4
   5.50003099               4
   5.51003122               4
   5.52003145               4
   5.53003168               4
   5.54003191               4
   5.55003214               4
   5.56003237               4
   5.57003260               4
   5.58003283               4
   5.59003305               4
   5.60003328               4
   5.61003351               4
   5.62003374               4
   5.63003397               4
   5.64003420               4
   5.65003443               4
   5.66003466               4
   5.67003489               4
   5.68003511               4
   5.69003534               4
   5.70003557               4
   5.71003580               4
   5.72003603               4
   5.73003626               4
   5.74003649               4
   5.75003672               4
   5.76003695               4
   5.77003717               4
   5.78003740               4
   5.79003763               4
   5.80003786               4
   5.81003809               4
   5.82003832               4
   5.83003855               4
   5.84003878               4
   5.85003901               4
   5.86003923               4
   5.87003946               4
   5.88003969               4
   5.89003992               4
   5.90004015               4
   5.91004038               4
   5.92004061               4
   5.93004084               4
   5.94004107               4
   5.95004129               4
   5.96004152               4
   5.97004175               4
   5.98004198               3
   5.99004221               3
   6.00004244               3
   6.01004267               3
   6.02004290               3
   6.03004313               3
   6.04004335               3
   6.05004358               3
   6.06004381               3
   6.07004404               3
   6.08004427               2
   6.09004450               2
   6.10004473               2
   6.11004496               2
   6.12004519               2
   6.13004541               2
   6.14004564               2
   6.15004587               2
   6.16004610               2
   6.17004633               2
   6.18004656               2
   6.19004679               2
   6.20004702               2
   6.21004725               2
   6.22004747               2
   6.23004770               2
   6.24004793               2
   6.25004816               2
   6.26004839               2
   6.27004862               2
   6.28004885               2
   6.29004908               2
   6.30004930               2
   6.31004953               2
   6.32004976               2
   6.33004999               2
   6.34005022               2
   6.35005045               2
   6.36005068               2
   6.37005091               2
   6.38005114               2
   6.39005136               2
   6.40005159               2
   6.41005182               2
   6.42005205               2
   6.43005228               2
   6.44005251               2
   6.45005274               2
   6.46005297               2
   6.47005320               1
   6.48005342               1
   6.49005365               1
   6.50005388               1
   6.51005411               1
   6.52005434               1
   6.53005457               1
   6.54005480               1
   6.55005503               1
   6.56005526               1
   6.57005548               1
   6.58005571               1
   6.59005594               1
   6.60005617               1
   6.61005640               1
   6.62005663               1
   6.63005686               1
   6.64005709               1
   6.65005732               1
   6.66005754               1
   6.67005777               1
   6.68005800               1
   6.69005823               1
   6.70005846               1
   6.71005869               1
   6.72005892               1
   6.73005915               1
   6.74005938               1
   6.75005960               1
   6.76005983               1
   6.77006006               1
   6.78006029               1
   6.79006052               1
   6.80006075               1
   6.81006098               1
   6.82006121               1
   6.83006144               1
   6.84006166               1
   6.85006189               1
   6.86006212               1
   6.87006235               1
   6.88006258               1
   6.89006281               1
   6.90006304               1
   6.91006327               1
   6.92006350               1
   6.93006372               1
   6.94006395               1
   6.95006418               1
   6.96006441               1
   6.97006464               1
   6.98006487               1
   6.99006510               1
   7.00006533               1
   7.01006556               1
   7.02006578               1
   7.03006601               1
   7.04006624               1
   7.05006647               1
   7.06006670               1
   7.07006693               1
   7.08006716               1
   7.09006739               1
   7.10006762               1
   7.11006784               1
   7.12006807               1
   7.13006830               1
   7.14006853               1
   7.15006876               1
   7.16006899               1
   7.17006922               1
   7.18006945               1
   7.19006968               1
   7.20006990               1
   7.21007013               1
   7.22007036               1
   7.23007059               1
   7.24007082               1
   7.25007105               1
   7.26007128               1
   7.27007151               1
   7.28007174               1
   7.29007196               1
   7.30007219               1
   7.31007242               1
   7.32007265               1
   7.33007288               1
   7.34007311               1
   7.35007334               1
   7.36007357               1
   7.37007380               1
   7.38007402               1
   7.39007425               1
   7.40007448               1
   7.41007471               1
   7.42007494               1
   7.43007517               1
   7.44007540               1
   7.45007563               1
   7.46007586               1
   7.47007608               1
   7.48007631               1
   7.49007654               1
   7.50007677               1
   7.51007700               1
   7.52007723               1
   7.53007746               1
   7.54007769               1
   7.55007792               1
   7.56007814               1
   7.57007837               1
   7.58007860               1
   7.59007883               1
   7.60007906               1
   7.61007929               1
   7.62007952               1
   7.63007975               1
   7.64007998               1
   7.65008020               1
   7.66008043               1
   7.67008066               1
   7.68008089               1
   7.69008112               1
   7.70008135               1
   7.71008158               1
   7.72008181               0
   7.73008204               0
   7.74008226               0
   7.75008249               0
   7.76008272               0
   7.77008295               0
   7.78008318               0
   7.79008341               0
   7.80008364               0
   7.81008387               0
   7.82008410               0
   7.83008432               0
   7.84008455               0
   7.85008478               0
   7.86008501               0
   7.87008524               0
   7.88008547               0
   7.89008570               0
   7.90008593               0
   7.91008615               0
   7.92008638               0
   7.93008661               0
   7.94008684               0
   7.95008707               0
   7.96008730               0
   7.97008753               0
   7.98008776               0
   7.99008799               0
   8.00008774               0
