   0.00000000             995
   9.99999978E-03         990
   1.99999996E-02         980
   2.99999993E-02         973
   3.99999991E-02         956
   4.99999970E-02         946
   5.99999949E-02         938
   6.99999928E-02         934
   7.99999908E-02         921
   8.99999887E-02         912
   9.99999866E-02         903
  0.109999985             891
  0.119999982             885
  0.129999980             876
  0.139999986             865
  0.149999991             853
  0.159999996             844
  0.170000002             839
  0.180000007             831
  0.190000013             823
  0.200000018             814
  0.210000023             799
  0.220000029             795
  0.230000034             790
  0.240000039             780
  0.250000030             769
  0.260000020             761
  0.270000011             752
  0.280000001             745
  0.289999992             735
  0.299999982             723
  0.309999973             717
  0.319999963             708
  0.329999954             702
  0.339999944             692
  0.349999934             689
  0.359999925             681
  0.369999915             678
  0.379999906             669
  0.389999896             659
  0.399999887             652
  0.409999877             646
  0.419999868             639
  0.429999858             632
  0.439999849             626
  0.449999839             619
  0.459999830             609
  0.469999820             604
  0.479999810             599
  0.489999801             595
  0.499999791             589
  0.509999812             581
  0.519999802             573
  0.529999793             566
  0.539999783             563
  0.549999774             559
  0.559999764             553
  0.569999754             547
  0.579999745             536
  0.589999735             530
  0.599999726             525
  0.609999716             523
  0.619999707             520
  0.629999697             515
  0.639999688             510
  0.649999678             505
  0.659999669             499
  0.669999659             496
  0.679999650             491
  0.689999640             485
  0.699999630             479
  0.709999621             475
  0.719999611             467
  0.729999602             462
  0.739999592             456
  0.749999583             454
  0.759999573             451
  0.769999564             448
  0.779999554             447
  0.789999545             443
  0.799999535             437
  0.809999526             433
  0.819999516             430
  0.829999506             427
  0.839999497             425
  0.849999487             421
  0.859999478             419
  0.869999468             418
  0.879999459             411
  0.889999449             409
  0.899999440             403
  0.909999430             398
  0.919999421             394
  0.929999411             392
  0.939999402             392
  0.949999392             388
  0.959999382             383
  0.969999373             380
  0.979999363             378
  0.989999354             376
  0.999999344             372
   1.00999939             367
   1.01999938             364
   1.02999938             359
   1.03999937             357
   1.04999936             356
   1.05999935             355
   1.06999934             350
   1.07999933             346
   1.08999932             344
   1.09999931             338
   1.10999930             336
   1.11999929             333
   1.12999928             328
   1.13999927             328
   1.14999926             324
   1.15999925             321
   1.16999924             319
   1.17999923             314
   1.18999922             311
   1.19999921             307
   1.20999920             305
   1.21999919             302
   1.22999918             299
   1.23999918             296
   1.24999917             291
   1.25999916             288
   1.26999915             282
   1.27999914             278
   1.28999913             276
   1.29999912             275
   1.30999911             275
   1.31999910             272
   1.32999909             271
   1.33999908             267
   1.34999907             264
   1.35999906             262
   1.36999905             259
   1.37999904             257
   1.38999903             253
   1.39999902             247
   1.40999901             244
   1.41999900             243
   1.42999899             241
   1.43999898             240
   1.44999897             238
   1.45999897             234
   1.46999896             231
   1.47999895             229
   1.48999894             226
   1.49999893             222
   1.50999892             218
   1.51999891             215
   1.52999890             211
   1.53999889             211
   1.54999888             210
   1.55999887             208
   1.56999886             206
   1.57999885             205
   1.58999884             203
   1.59999883             199
   1.60999882             197
   1.61999881             196
   1.62999880             194
   1.63999879             193
   1.64999878             191
   1.65999877             187
   1.66999876             184
   1.67999876             183
   1.68999875             182
   1.69999874             181
   1.70999873             179
   1.71999872             177
   1.72999871             174
   1.73999870             170
   1.74999869             168
   1.75999868             165
   1.76999867             161
   1.77999866             160
   1.78999865             157
   1.79999864             153
   1.80999863             151
   1.81999862             149
   1.82999861             148
   1.83999860             145
   1.84999859             145
   1.85999858             145
   1.86999857             143
   1.87999856             142
   1.88999856             141
   1.89999855             141
   1.90999854             140
   1.91999853             138
   1.92999852             138
   1.93999851             136
   1.94999850             135
   1.95999849             133
   1.96999848             131
   1.97999847             131
   1.98999846             130
   1.99999845             128
   2.00999856             127
   2.01999855             127
   2.02999854             124
   2.03999853             124
   2.04999852             123
   2.05999851             121
   2.06999850             120
   2.07999849             117
   2.08999848             117
   2.09999847             116
   2.10999846             116
   2.11999846             116
   2.12999845             113
   2.13999844             112
   2.14999843             112
   2.15999842             110
   2.16999841             108
   2.17999840             108
   2.18999839             107
   2.19999838             107
   2.20999837             107
   2.21999836             107
   2.22999835             107
   2.23999834             106
   2.24999833             106
   2.25999832             103
   2.26999831             102
   2.27999830             101
   2.28999829             100
   2.29999828              96
   2.30999827              96
   2.31999826              94
   2.32999825              94
   2.33999825              94
   2.34999824              92
   2.35999823              88
   2.36999822              87
   2.37999821              87
   2.38999820              87
   2.39999819              86
   2.40999818              86
   2.41999817              86
   2.42999816              86
   2.43999815              84
   2.44999814              83
   2.45999813              83
   2.46999812              83
   2.47999811              83
   2.48999810              83
   2.49999809              82
   2.50999808              82
   2.51999807              81
   2.52999806              81
   2.53999805              80
   2.54999804              80
   2.55999804              79
   2.56999803              77
   2.57999802              76
   2.58999801              75
   2.59999800              75
   2.60999799              74
   2.61999798              73
   2.62999797              73
   2.63999796              73
   2.64999795              71
   2.65999794              71
   2.66999793              71
   2.67999792              70
   2.68999791              70
   2.69999790              70
   2.70999789              70
   2.71999788              67
   2.72999787              67
   2.73999786              66
   2.74999785              66
   2.75999784              65
   2.76999784              65
   2.77999783              65
   2.78999782              64
   2.79999781              61
   2.80999780              60
   2.81999779              60
   2.82999778              60
   2.83999777              57
   2.84999776              57
   2.85999775              57
   2.86999774              56
   2.87999773              56
   2.88999772              56
   2.89999771              55
   2.90999770              55
   2.91999769              53
   2.92999768              53
   2.93999767              53
   2.94999766              52
   2.95999765              52
   2.96999764              52
   2.97999763              52
   2.98999763              51
   2.99999762              51
   3.00999761              50
   3.01999760              50
   3.02999759              50
   3.03999758              50
   3.04999757              50
   3.05999756              50
   3.06999755              49
   3.07999754              47
   3.08999753              46
   3.09999752              46
   3.10999751              46
   3.11999750              46
   3.12999749              44
   3.13999748              42
   3.14999747              42
   3.15999746              42
   3.16999745              42
   3.17999744              41
   3.18999743              41
   3.19999743              39
   3.20999742              39
   3.21999741              39
   3.22999740              39
   3.23999739              38
   3.24999738              38
   3.25999737              38
   3.26999736              38
   3.27999735              38
   3.28999734              37
   3.29999733              37
   3.30999732              37
   3.31999731              37
   3.32999730              37
   3.33999729              35
   3.34999728              35
   3.35999727              33
   3.36999726              32
   3.37999725              31
   3.38999724              31
   3.39999723              31
   3.40999722              31
   3.41999722              31
   3.42999721              31
   3.43999720              31
   3.44999719              31
   3.45999718              31
   3.46999717              31
   3.47999716              31
   3.48999715              31
   3.49999714              30
   3.50999713              30
   3.51999712              30
   3.52999711              29
   3.53999710              29
   3.54999709              29
   3.55999708              29
   3.56999707              29
   3.57999706              28
   3.58999705              28
   3.59999704              28
   3.60999703              28
   3.61999702              28
   3.62999701              28
   3.63999701              28
   3.64999700              28
   3.65999699              27
   3.66999698              27
   3.67999697              26
   3.68999696              26
   3.69999695              26
   3.70999694              26
   3.71999693              26
   3.72999692              26
   3.73999691              26
   3.74999690              25
   3.75999689              25
   3.76999688              25
   3.77999687              25
   3.78999686              24
   3.79999685              23
   3.80999684              23
   3.81999683              23
   3.82999682              22
   3.83999681              22
   3.84999681              22
   3.85999680              21
   3.86999679              21
   3.87999678              21
   3.88999677              20
   3.89999676              20
   3.90999675              19
   3.91999674              19
   3.92999673              19
   3.93999672              19
   3.94999671              19
   3.95999670              19
   3.96999669              19
   3.97999668              19
   3.98999667              19
   3.99999666              19
   4.00999689              19
   4.01999712              19
   4.02999735              19
   4.03999758              19
   4.04999781              19
   4.05999804              19
   4.06999826              19
   4.07999849              19
   4.08999872              18
   4.09999895              18
   4.10999918              18
   4.11999941              18
   4.12999964              18
   4.13999987              18
   4.15000010              18
   4.16000032              18
   4.17000055              18
   4.18000078              18
   4.19000101              18
   4.20000124              18
   4.21000147              18
   4.22000170              18
   4.23000193              18
   4.24000216              18
   4.25000238              18
   4.26000261              18
   4.27000284              18
   4.28000307              18
   4.29000330              18
   4.30000353              18
   4.31000376              18
   4.32000399              18
   4.33000422              18
   4.34000444              18
   4.35000467              17
   4.36000490              17
   4.37000513              17
   4.38000536              17
   4.39000559              17
   4.40000582              17
   4.41000605              16
   4.42000628              16
   4.43000650              16
   4.44000673              16
   4.45000696              16
   4.46000719              16
   4.47000742              16
   4.48000765              16
   4.49000788              16
   4.50000811              16
   4.51000834              16
   4.52000856              16
   4.53000879              16
   4.54000902              16
   4.55000925              15
   4.56000948              15
   4.57000971              15
   4.58000994              15
   4.59001017              15
   4.60001040              15
   4.61001062              14
   4.62001085              14
   4.63001108              14
   4.64001131              14
   4.65001154              14
   4.66001177              14
   4.67001200              14
   4.68001223              14
   4.69001245              14
   4.70001268              14
   4.71001291              14
   4.72001314              14
   4.73001337              13
   4.74001360              13
   4.75001383              13
   4.76001406              13
   4.77001429              13
   4.78001451              13
   4.79001474              13
   4.80001497              13
   4.81001520              13
   4.82001543              13
   4.83001566              13
   4.84001589              13
   4.85001612              13
   4.86001635              13
   4.87001657              13
   4.88001680              13
   4.89001703              13
   4.90001726              13
   4.91001749              12
   4.92001772              12
   4.93001795              12
   4.94001818              12
   4.95001841              12
   4.96001863              12
   4.97001886              12
   4.98001909              12
   4.99001932              12
   5.00001955              12
   5.01001978              12
   5.02002001              12
   5.03002024              12
   5.04002047              11
   5.05002069              11
   5.06002092              11
   5.07002115              11
   5.08002138              11
   5.09002161              11
   5.10002184              11
   5.11002207              11
   5.12002230              11
   5.13002253              10
   5.14002275              10
   5.15002298              10
   5.16002321              10
   5.17002344              10
   5.18002367              10
   5.19002390              10
   5.20002413              10
   5.21002436               9
   5.22002459               9
   5.23002481               9
   5.24002504               9
   5.25002527               9
   5.26002550               9
   5.27002573               9
   5.28002596               9
   5.29002619               9
   5.30002642               9
   5.31002665               9
   5.32002687               8
   5.33002710               8
   5.34002733               8
   5.35002756               8
   5.36002779               8
   5.37002802               8
   5.38002825               8
   5.39002848               8
   5.40002871               8
   5.41002893               8
   5.42002916               8
   5.43002939               8
   5.44002962               8
   5.45002985               8
   5.46003008               8
   5.47003031               8
   5.48003054               8
   5.49003077               8
   5.50003099               8
   5.51003122               8
   5.52003145               8
   5.53003168               8
   5.54003191               8
   5.55003214               8
   5.56003237               8
   5.57003260               8
   5.58003283               8
   5.59003305               8
   5.60003328               8
   5.61003351               8
   5.62003374               8
   5.63003397               8
   5.64003420               8
   5.65003443               8
   5.66003466               8
   5.67003489               8
   5.68003511               8
   5.69003534               8
   5.70003557               8
   5.71003580               8
   5.72003603               8
   5.73003626               8
   5.74003649               8
   5.75003672               8
   5.76003695               8
   5.77003717               8
   5.78003740               8
   5.79003763               8
   5.80003786               8
   5.81003809               8
   5.82003832               8
   5.83003855               8
   5.84003878               8
   5.85003901               8
   5.86003923               8
   5.87003946               7
   5.88003969               7
   5.89003992               7
   5.90004015               7
   5.91004038               7
   5.92004061               7
   5.93004084               7
   5.94004107               7
   5.95004129               7
   5.96004152               7
   5.97004175               7
   5.98004198               7
   5.99004221               7
   6.00004244               7
   6.01004267               6
   6.02004290               6
   6.03004313               6
   6.04004335               6
   6.05004358               6
   6.06004381               6
   6.07004404               6
   6.08004427               6
   6.09004450               6
   6.10004473               6
   6.11004496               6
   6.12004519               6
   6.13004541               6
   6.14004564               6
   6.15004587               6
   6.16004610               6
   6.17004633               6
   6.18004656               6
   6.19004679               6
   6.20004702               6
   6.21004725               6
   6.22004747               6
   6.23004770               6
   6.24004793               6
   6.25004816               6
   6.26004839               6
   6.27004862               6
   6.28004885               6
   6.29004908               6
   6.30004930               6
   6.31004953               5
   6.32004976               5
   6.33004999               5
   6.34005022               5
   6.35005045               4
   6.36005068               4
   6.37005091               4
   6.38005114               4
   6.39005136               4
   6.40005159               4
   6.41005182               4
   6.42005205               4
   6.43005228               4
   6.44005251               4
   6.45005274               4
   6.46005297               4
   6.47005320               4
   6.48005342               4
   6.49005365               4
   6.50005388               4
   6.51005411               4
   6.52005434               4
   6.53005457               4
   6.54005480               4
   6.55005503               4
   6.56005526               4
   6.57005548               4
   6.58005571               4
   6.59005594               4
   6.60005617               4
   6.61005640               4
   6.62005663               4
   6.63005686               4
   6.64005709               4
   6.65005732               4
   6.66005754               4
   6.67005777               4
   6.68005800               4
   6.69005823               4
   6.70005846               4
   6.71005869               4
   6.72005892               4
   6.73005915               4
   6.74005938               4
   6.75005960               4
   6.76005983               4
   6.77006006               4
   6.78006029               4
   6.79006052               4
   6.80006075               4
   6.81006098               4
   6.82006121               3
   6.83006144               3
   6.84006166               3
   6.85006189               3
   6.86006212               3
   6.87006235               3
   6.88006258               3
   6.89006281               3
   6.90006304               3
   6.91006327               3
   6.92006350               2
   6.93006372               2
   6.94006395               2
   6.95006418               2
   6.96006441               2
   6.97006464               2
   6.98006487               2
   6.99006510               2
   7.00006533               1
   7.01006556               1
   7.02006578               1
   7.03006601               1
   7.04006624               1
   7.05006647               1
   7.06006670               1
   7.07006693               1
   7.08006716               1
   7.09006739               1
   7.10006762               1
   7.11006784               1
   7.12006807               1
   7.13006830               1
   7.14006853               1
   7.15006876               1
   7.16006899               1
   7.17006922               1
   7.18006945               1
   7.19006968               1
   7.20006990               1
   7.21007013               1
   7.22007036               1
   7.23007059               1
   7.24007082               1
   7.25007105               1
   7.26007128               1
   7.27007151               1
   7.28007174               1
   7.29007196               1
   7.30007219               1
   7.31007242               0
   7.32007265               0
   7.33007288               0
   7.34007311               0
   7.35007334               0
   7.36007357               0
   7.37007380               0
   7.38007402               0
   7.39007425               0
   7.40007448               0
   7.41007471               0
   7.42007494               0
   7.43007517               0
   7.44007540               0
   7.45007563               0
   7.46007586               0
   7.47007608               0
   7.48007631               0
   7.49007654               0
   7.50007677               0
   7.51007700               0
   7.52007723               0
   7.53007746               0
   7.54007769               0
   7.55007792               0
   7.56007814               0
   7.57007837               0
   7.58007860               0
   7.59007883               0
   7.60007906               0
   7.61007929               0
   7.62007952               0
   7.63007975               0
   7.64007998               0
   7.65008020               0
   7.66008043               0
   7.67008066               0
   7.68008089               0
   7.69008112               0
   7.70008135               0
   7.71008158               0
   7.72008181               0
   7.73008204               0
   7.74008226               0
   7.75008249               0
   7.76008272               0
   7.77008295               0
   7.78008318               0
   7.79008341               0
   7.80008364               0
   7.81008387               0
   7.82008410               0
   7.83008432               0
   7.84008455               0
   7.85008478               0
   7.86008501               0
   7.87008524               0
   7.88008547               0
   7.89008570               0
   7.90008593               0
   7.91008615               0
   7.92008638               0
   7.93008661               0
   7.94008684               0
   7.95008707               0
   7.96008730               0
   7.97008753               0
   7.98008776               0
   7.99008799               0
   8.00008774               0
