   0.00000000             991
   9.99999978E-03         979
   1.99999996E-02         971
   2.99999993E-02         964
   3.99999991E-02         954
   4.99999970E-02         945
   5.99999949E-02         938
   6.99999928E-02         928
   7.99999908E-02         913
   8.99999887E-02         903
   9.99999866E-02         895
  0.109999985             889
  0.119999982             882
  0.129999980             871
  0.139999986             859
  0.149999991             850
  0.159999996             841
  0.170000002             828
  0.180000007             825
  0.190000013             813
  0.200000018             804
  0.210000023             796
  0.220000029             786
  0.230000034             776
  0.240000039             768
  0.250000030             759
  0.260000020             748
  0.270000011             741
  0.280000001             737
  0.289999992             729
  0.299999982             724
  0.309999973             717
  0.319999963             706
  0.329999954             695
  0.339999944             693
  0.349999934             686
  0.359999925             678
  0.369999915             671
  0.379999906             665
  0.389999896             657
  0.399999887             652
  0.409999877             649
  0.419999868             644
  0.429999858             636
  0.439999849             626
  0.449999839             624
  0.459999830             619
  0.469999820             608
  0.479999810             601
  0.489999801             597
  0.499999791             594
  0.509999812             590
  0.519999802             582
  0.529999793             576
  0.539999783             572
  0.549999774             565
  0.559999764             558
  0.569999754             554
  0.579999745             553
  0.589999735             547
  0.599999726             540
  0.609999716             533
  0.619999707             530
  0.629999697             527
  0.639999688             519
  0.649999678             514
  0.659999669             508
  0.669999659             501
  0.679999650             499
  0.689999640             495
  0.699999630             492
  0.709999621             491
  0.719999611             485
  0.729999602             480
  0.739999592             472
  0.749999583             463
  0.759999573             460
  0.769999564             454
  0.779999554             450
  0.789999545             445
  0.799999535             438
  0.809999526             434
  0.819999516             430
  0.829999506             427
  0.839999497             423
  0.849999487             418
  0.859999478             416
  0.869999468             415
  0.879999459             412
  0.889999449             408
  0.899999440             406
  0.909999430             405
  0.919999421             402
  0.929999411             398
  0.939999402             393
  0.949999392             388
  0.959999382             384
  0.969999373             383
  0.979999363             382
  0.989999354             377
  0.999999344             374
   1.00999939             372
   1.01999938             371
   1.02999938             365
   1.03999937             364
   1.04999936             358
   1.05999935             355
   1.06999934             350
   1.07999933             342
   1.08999932             338
   1.09999931             336
   1.10999930             333
   1.11999929             329
   1.12999928             325
   1.13999927             316
   1.14999926             309
   1.15999925             304
   1.16999924             302
   1.17999923             299
   1.18999922             297
   1.19999921             292
   1.20999920             289
   1.21999919             284
   1.22999918             281
   1.23999918             278
   1.24999917             275
   1.25999916             272
   1.26999915             268
   1.27999914             266
   1.28999913             265
   1.29999912             262
   1.30999911             256
   1.31999910             255
   1.32999909             254
   1.33999908             251
   1.34999907             250
   1.35999906             247
   1.36999905             244
   1.37999904             242
   1.38999903             242
   1.39999902             240
   1.40999901             239
   1.41999900             238
   1.42999899             236
   1.43999898             235
   1.44999897             233
   1.45999897             230
   1.46999896             229
   1.47999895             226
   1.48999894             225
   1.49999893             224
   1.50999892             223
   1.51999891             221
   1.52999890             219
   1.53999889             217
   1.54999888             213
   1.55999887             211
   1.56999886             210
   1.57999885             207
   1.58999884             201
   1.59999883             199
   1.60999882             194
   1.61999881             191
   1.62999880             191
   1.63999879             191
   1.64999878             190
   1.65999877             189
   1.66999876             186
   1.67999876             184
   1.68999875             184
   1.69999874             179
   1.70999873             177
   1.71999872             177
   1.72999871             174
   1.73999870             172
   1.74999869             168
   1.75999868             167
   1.76999867             165
   1.77999866             161
   1.78999865             160
   1.79999864             158
   1.80999863             156
   1.81999862             152
   1.82999861             151
   1.83999860             150
   1.84999859             150
   1.85999858             147
   1.86999857             147
   1.87999856             147
   1.88999856             146
   1.89999855             145
   1.90999854             142
   1.91999853             141
   1.92999852             136
   1.93999851             134
   1.94999850             133
   1.95999849             132
   1.96999848             129
   1.97999847             129
   1.98999846             129
   1.99999845             128
   2.00999856             125
   2.01999855             120
   2.02999854             118
   2.03999853             117
   2.04999852             115
   2.05999851             115
   2.06999850             115
   2.07999849             114
   2.08999848             113
   2.09999847             110
   2.10999846             108
   2.11999846             107
   2.12999845             107
   2.13999844             105
   2.14999843             104
   2.15999842             102
   2.16999841             101
   2.17999840             100
   2.18999839             100
   2.19999838              99
   2.20999837              99
   2.21999836              97
   2.22999835              97
   2.23999834              95
   2.24999833              94
   2.25999832              93
   2.26999831              92
   2.27999830              92
   2.28999829              92
   2.29999828              89
   2.30999827              89
   2.31999826              88
   2.32999825              87
   2.33999825              87
   2.34999824              86
   2.35999823              85
   2.36999822              82
   2.37999821              82
   2.38999820              82
   2.39999819              81
   2.40999818              78
   2.41999817              78
   2.42999816              77
   2.43999815              77
   2.44999814              77
   2.45999813              77
   2.46999812              76
   2.47999811              76
   2.48999810              76
   2.49999809              76
   2.50999808              76
   2.51999807              74
   2.52999806              73
   2.53999805              71
   2.54999804              71
   2.55999804              70
   2.56999803              69
   2.57999802              69
   2.58999801              69
   2.59999800              67
   2.60999799              66
   2.61999798              65
   2.62999797              64
   2.63999796              63
   2.64999795              61
   2.65999794              60
   2.66999793              60
   2.67999792              60
   2.68999791              60
   2.69999790              60
   2.70999789              59
   2.71999788              58
   2.72999787              58
   2.73999786              56
   2.74999785              55
   2.75999784              55
   2.76999784              54
   2.77999783              54
   2.78999782              54
   2.79999781              52
   2.80999780              51
   2.81999779              49
   2.82999778              48
   2.83999777              48
   2.84999776              48
   2.85999775              47
   2.86999774              47
   2.87999773              47
   2.88999772              47
   2.89999771              47
   2.90999770              47
   2.91999769              45
   2.92999768              44
   2.93999767              43
   2.94999766              42
   2.95999765              42
   2.96999764              42
   2.97999763              42
   2.98999763              41
   2.99999762              41
   3.00999761              40
   3.01999760              40
   3.02999759              39
   3.03999758              38
   3.04999757              38
   3.05999756              38
   3.06999755              38
   3.07999754              37
   3.08999753              36
   3.09999752              36
   3.10999751              35
   3.11999750              33
   3.12999749              33
   3.13999748              33
   3.14999747              33
   3.15999746              33
   3.16999745              33
   3.17999744              33
   3.18999743              33
   3.19999743              32
   3.20999742              32
   3.21999741              32
   3.22999740              29
   3.23999739              29
   3.24999738              28
   3.25999737              28
   3.26999736              28
   3.27999735              27
   3.28999734              27
   3.29999733              27
   3.30999732              27
   3.31999731              27
   3.32999730              27
   3.33999729              27
   3.34999728              27
   3.35999727              27
   3.36999726              27
   3.37999725              27
   3.38999724              26
   3.39999723              26
   3.40999722              26
   3.41999722              25
   3.42999721              24
   3.43999720              24
   3.44999719              23
   3.45999718              23
   3.46999717              23
   3.47999716              23
   3.48999715              23
   3.49999714              23
   3.50999713              22
   3.51999712              22
   3.52999711              21
   3.53999710              21
   3.54999709              21
   3.55999708              21
   3.56999707              21
   3.57999706              21
   3.58999705              21
   3.59999704              20
   3.60999703              20
   3.61999702              19
   3.62999701              18
   3.63999701              18
   3.64999700              18
   3.65999699              18
   3.66999698              17
   3.67999697              17
   3.68999696              17
   3.69999695              16
   3.70999694              15
   3.71999693              15
   3.72999692              15
   3.73999691              14
   3.74999690              14
   3.75999689              14
   3.76999688              14
   3.77999687              14
   3.78999686              14
   3.79999685              14
   3.80999684              14
   3.81999683              14
   3.82999682              14
   3.83999681              14
   3.84999681              14
   3.85999680              13
   3.86999679              13
   3.87999678              13
   3.88999677              12
   3.89999676              12
   3.90999675              12
   3.91999674              12
   3.92999673              10
   3.93999672              10
   3.94999671              10
   3.95999670               9
   3.96999669               9
   3.97999668               9
   3.98999667               9
   3.99999666               9
   4.00999689               9
   4.01999712               9
   4.02999735               8
   4.03999758               8
   4.04999781               8
   4.05999804               8
   4.06999826               8
   4.07999849               8
   4.08999872               8
   4.09999895               7
   4.10999918               7
   4.11999941               7
   4.12999964               7
   4.13999987               7
   4.15000010               7
   4.16000032               7
   4.17000055               7
   4.18000078               7
   4.19000101               7
   4.20000124               7
   4.21000147               7
   4.22000170               7
   4.23000193               7
   4.24000216               7
   4.25000238               7
   4.26000261               7
   4.27000284               7
   4.28000307               7
   4.29000330               7
   4.30000353               7
   4.31000376               7
   4.32000399               7
   4.33000422               7
   4.34000444               7
   4.35000467               7
   4.36000490               7
   4.37000513               7
   4.38000536               7
   4.39000559               7
   4.40000582               7
   4.41000605               7
   4.42000628               6
   4.43000650               6
   4.44000673               6
   4.45000696               6
   4.46000719               6
   4.47000742               6
   4.48000765               6
   4.49000788               6
   4.50000811               6
   4.51000834               6
   4.52000856               6
   4.53000879               6
   4.54000902               6
   4.55000925               6
   4.56000948               6
   4.57000971               6
   4.58000994               6
   4.59001017               6
   4.60001040               6
   4.61001062               6
   4.62001085               6
   4.63001108               6
   4.64001131               6
   4.65001154               6
   4.66001177               6
   4.67001200               6
   4.68001223               6
   4.69001245               6
   4.70001268               6
   4.71001291               6
   4.72001314               6
   4.73001337               6
   4.74001360               6
   4.75001383               6
   4.76001406               6
   4.77001429               6
   4.78001451               6
   4.79001474               5
   4.80001497               5
   4.81001520               5
   4.82001543               4
   4.83001566               4
   4.84001589               4
   4.85001612               4
   4.86001635               4
   4.87001657               4
   4.88001680               4
   4.89001703               4
   4.90001726               4
   4.91001749               4
   4.92001772               4
   4.93001795               4
   4.94001818               4
   4.95001841               3
   4.96001863               3
   4.97001886               3
   4.98001909               3
   4.99001932               3
   5.00001955               3
   5.01001978               3
   5.02002001               3
   5.03002024               3
   5.04002047               3
   5.05002069               3
   5.06002092               3
   5.07002115               3
   5.08002138               3
   5.09002161               3
   5.10002184               3
   5.11002207               3
   5.12002230               3
   5.13002253               3
   5.14002275               3
   5.15002298               3
   5.16002321               3
   5.17002344               3
   5.18002367               3
   5.19002390               3
   5.20002413               3
   5.21002436               3
   5.22002459               3
   5.23002481               3
   5.24002504               3
   5.25002527               3
   5.26002550               3
   5.27002573               3
   5.28002596               3
   5.29002619               3
   5.30002642               3
   5.31002665               3
   5.32002687               3
   5.33002710               3
   5.34002733               3
   5.35002756               3
   5.36002779               3
   5.37002802               3
   5.38002825               3
   5.39002848               3
   5.40002871               3
   5.41002893               3
   5.42002916               2
   5.43002939               2
   5.44002962               2
   5.45002985               2
   5.46003008               2
   5.47003031               2
   5.48003054               2
   5.49003077               2
   5.50003099               2
   5.51003122               2
   5.52003145               2
   5.53003168               2
   5.54003191               2
   5.55003214               2
   5.56003237               2
   5.57003260               2
   5.58003283               2
   5.59003305               2
   5.60003328               2
   5.61003351               2
   5.62003374               2
   5.63003397               2
   5.64003420               2
   5.65003443               2
   5.66003466               2
   5.67003489               2
   5.68003511               2
   5.69003534               2
   5.70003557               2
   5.71003580               2
   5.72003603               2
   5.73003626               2
   5.74003649               2
   5.75003672               2
   5.76003695               2
   5.77003717               2
   5.78003740               2
   5.79003763               2
   5.80003786               2
   5.81003809               2
   5.82003832               2
   5.83003855               2
   5.84003878               2
   5.85003901               2
   5.86003923               2
   5.87003946               2
   5.88003969               2
   5.89003992               2
   5.90004015               2
   5.91004038               2
   5.92004061               2
   5.93004084               2
   5.94004107               2
   5.95004129               2
   5.96004152               2
   5.97004175               2
   5.98004198               2
   5.99004221               2
   6.00004244               2
   6.01004267               2
   6.02004290               2
   6.03004313               2
   6.04004335               2
   6.05004358               2
   6.06004381               2
   6.07004404               2
   6.08004427               2
   6.09004450               2
   6.10004473               2
   6.11004496               2
   6.12004519               2
   6.13004541               2
   6.14004564               2
   6.15004587               2
   6.16004610               2
   6.17004633               2
   6.18004656               2
   6.19004679               2
   6.20004702               2
   6.21004725               2
   6.22004747               2
   6.23004770               2
   6.24004793               2
   6.25004816               2
   6.26004839               2
   6.27004862               2
   6.28004885               2
   6.29004908               2
   6.30004930               2
   6.31004953               2
   6.32004976               2
   6.33004999               2
   6.34005022               2
   6.35005045               2
   6.36005068               2
   6.37005091               2
   6.38005114               2
   6.39005136               2
   6.40005159               2
   6.41005182               2
   6.42005205               2
   6.43005228               2
   6.44005251               2
   6.45005274               2
   6.46005297               2
   6.47005320               2
   6.48005342               2
   6.49005365               2
   6.50005388               2
   6.51005411               2
   6.52005434               2
   6.53005457               2
   6.54005480               2
   6.55005503               2
   6.56005526               2
   6.57005548               2
   6.58005571               2
   6.59005594               2
   6.60005617               2
   6.61005640               2
   6.62005663               2
   6.63005686               2
   6.64005709               2
   6.65005732               2
   6.66005754               2
   6.67005777               2
   6.68005800               2
   6.69005823               2
   6.70005846               2
   6.71005869               2
   6.72005892               2
   6.73005915               2
   6.74005938               2
   6.75005960               2
   6.76005983               2
   6.77006006               1
   6.78006029               1
   6.79006052               1
   6.80006075               1
   6.81006098               1
   6.82006121               1
   6.83006144               1
   6.84006166               1
   6.85006189               1
   6.86006212               1
   6.87006235               1
   6.88006258               1
   6.89006281               1
   6.90006304               1
   6.91006327               1
   6.92006350               1
   6.93006372               1
   6.94006395               1
   6.95006418               1
   6.96006441               1
   6.97006464               1
   6.98006487               1
   6.99006510               1
   7.00006533               1
   7.01006556               1
   7.02006578               1
   7.03006601               1
   7.04006624               0
   7.05006647               0
   7.06006670               0
   7.07006693               0
   7.08006716               0
   7.09006739               0
   7.10006762               0
   7.11006784               0
   7.12006807               0
   7.13006830               0
   7.14006853               0
   7.15006876               0
   7.16006899               0
   7.17006922               0
   7.18006945               0
   7.19006968               0
   7.20006990               0
   7.21007013               0
   7.22007036               0
   7.23007059               0
   7.24007082               0
   7.25007105               0
   7.26007128               0
   7.27007151               0
   7.28007174               0
   7.29007196               0
   7.30007219               0
   7.31007242               0
   7.32007265               0
   7.33007288               0
   7.34007311               0
   7.35007334               0
   7.36007357               0
   7.37007380               0
   7.38007402               0
   7.39007425               0
   7.40007448               0
   7.41007471               0
   7.42007494               0
   7.43007517               0
   7.44007540               0
   7.45007563               0
   7.46007586               0
   7.47007608               0
   7.48007631               0
   7.49007654               0
   7.50007677               0
   7.51007700               0
   7.52007723               0
   7.53007746               0
   7.54007769               0
   7.55007792               0
   7.56007814               0
   7.57007837               0
   7.58007860               0
   7.59007883               0
   7.60007906               0
   7.61007929               0
   7.62007952               0
   7.63007975               0
   7.64007998               0
   7.65008020               0
   7.66008043               0
   7.67008066               0
   7.68008089               0
   7.69008112               0
   7.70008135               0
   7.71008158               0
   7.72008181               0
   7.73008204               0
   7.74008226               0
   7.75008249               0
   7.76008272               0
   7.77008295               0
   7.78008318               0
   7.79008341               0
   7.80008364               0
   7.81008387               0
   7.82008410               0
   7.83008432               0
   7.84008455               0
   7.85008478               0
   7.86008501               0
   7.87008524               0
   7.88008547               0
   7.89008570               0
   7.90008593               0
   7.91008615               0
   7.92008638               0
   7.93008661               0
   7.94008684               0
   7.95008707               0
   7.96008730               0
   7.97008753               0
   7.98008776               0
   7.99008799               0
   8.00008774               0
