   0.00000000             989
   9.99999978E-03         983
   1.99999996E-02         971
   2.99999993E-02         967
   3.99999991E-02         961
   4.99999970E-02         947
   5.99999949E-02         936
   6.99999928E-02         927
   7.99999908E-02         922
   8.99999887E-02         914
   9.99999866E-02         896
  0.109999985             889
  0.119999982             879
  0.129999980             870
  0.139999986             859
  0.149999991             844
  0.159999996             836
  0.170000002             830
  0.180000007             823
  0.190000013             817
  0.200000018             811
  0.210000023             805
  0.220000029             793
  0.230000034             788
  0.240000039             782
  0.250000030             770
  0.260000020             763
  0.270000011             757
  0.280000001             748
  0.289999992             733
  0.299999982             724
  0.309999973             716
  0.319999963             709
  0.329999954             703
  0.339999944             697
  0.349999934             690
  0.359999925             680
  0.369999915             674
  0.379999906             668
  0.389999896             663
  0.399999887             655
  0.409999877             653
  0.419999868             645
  0.429999858             636
  0.439999849             627
  0.449999839             622
  0.459999830             616
  0.469999820             615
  0.479999810             604
  0.489999801             595
  0.499999791             585
  0.509999812             577
  0.519999802             571
  0.529999793             562
  0.539999783             558
  0.549999774             554
  0.559999764             545
  0.569999754             540
  0.579999745             536
  0.589999735             531
  0.599999726             524
  0.609999716             517
  0.619999707             511
  0.629999697             509
  0.639999688             503
  0.649999678             501
  0.659999669             497
  0.669999659             495
  0.679999650             492
  0.689999640             483
  0.699999630             478
  0.709999621             474
  0.719999611             473
  0.729999602             470
  0.739999592             465
  0.749999583             459
  0.759999573             456
  0.769999564             453
  0.779999554             449
  0.789999545             444
  0.799999535             442
  0.809999526             440
  0.819999516             436
  0.829999506             433
  0.839999497             429
  0.849999487             426
  0.859999478             424
  0.869999468             418
  0.879999459             414
  0.889999449             411
  0.899999440             406
  0.909999430             401
  0.919999421             392
  0.929999411             388
  0.939999402             381
  0.949999392             378
  0.959999382             374
  0.969999373             370
  0.979999363             368
  0.989999354             365
  0.999999344             363
   1.00999939             361
   1.01999938             361
   1.02999938             357
   1.03999937             350
   1.04999936             347
   1.05999935             344
   1.06999934             343
   1.07999933             341
   1.08999932             340
   1.09999931             338
   1.10999930             338
   1.11999929             336
   1.12999928             334
   1.13999927             331
   1.14999926             327
   1.15999925             322
   1.16999924             320
   1.17999923             319
   1.18999922             315
   1.19999921             312
   1.20999920             307
   1.21999919             302
   1.22999918             299
   1.23999918             298
   1.24999917             295
   1.25999916             294
   1.26999915             292
   1.27999914             288
   1.28999913             287
   1.29999912             283
   1.30999911             280
   1.31999910             275
   1.32999909             273
   1.33999908             269
   1.34999907             263
   1.35999906             257
   1.36999905             256
   1.37999904             255
   1.38999903             252
   1.39999902             249
   1.40999901             248
   1.41999900             247
   1.42999899             245
   1.43999898             243
   1.44999897             240
   1.45999897             237
   1.46999896             235
   1.47999895             233
   1.48999894             228
   1.49999893             227
   1.50999892             226
   1.51999891             224
   1.52999890             220
   1.53999889             219
   1.54999888             216
   1.55999887             216
   1.56999886             215
   1.57999885             215
   1.58999884             213
   1.59999883             212
   1.60999882             208
   1.61999881             206
   1.62999880             203
   1.63999879             201
   1.64999878             197
   1.65999877             194
   1.66999876             190
   1.67999876             188
   1.68999875             186
   1.69999874             184
   1.70999873             184
   1.71999872             181
   1.72999871             179
   1.73999870             178
   1.74999869             175
   1.75999868             175
   1.76999867             173
   1.77999866             173
   1.78999865             172
   1.79999864             170
   1.80999863             168
   1.81999862             165
   1.82999861             164
   1.83999860             163
   1.84999859             162
   1.85999858             162
   1.86999857             160
   1.87999856             160
   1.88999856             159
   1.89999855             159
   1.90999854             157
   1.91999853             154
   1.92999852             153
   1.93999851             150
   1.94999850             148
   1.95999849             147
   1.96999848             145
   1.97999847             142
   1.98999846             141
   1.99999845             139
   2.00999856             139
   2.01999855             135
   2.02999854             132
   2.03999853             131
   2.04999852             131
   2.05999851             130
   2.06999850             130
   2.07999849             129
   2.08999848             128
   2.09999847             127
   2.10999846             126
   2.11999846             126
   2.12999845             126
   2.13999844             125
   2.14999843             125
   2.15999842             125
   2.16999841             124
   2.17999840             122
   2.18999839             122
   2.19999838             121
   2.20999837             117
   2.21999836             117
   2.22999835             117
   2.23999834             113
   2.24999833             112
   2.25999832             112
   2.26999831             110
   2.27999830             107
   2.28999829             105
   2.29999828             104
   2.30999827             103
   2.31999826             102
   2.32999825             101
   2.33999825             101
   2.34999824             100
   2.35999823              99
   2.36999822              99
   2.37999821              97
   2.38999820              95
   2.39999819              95
   2.40999818              94
   2.41999817              93
   2.42999816              91
   2.43999815              90
   2.44999814              88
   2.45999813              87
   2.46999812              87
   2.47999811              86
   2.48999810              85
   2.49999809              83
   2.50999808              82
   2.51999807              80
   2.52999806              80
   2.53999805              78
   2.54999804              77
   2.55999804              76
   2.56999803              76
   2.57999802              75
   2.58999801              75
   2.59999800              74
   2.60999799              72
   2.61999798              72
   2.62999797              72
   2.63999796              70
   2.64999795              70
   2.65999794              69
   2.66999793              68
   2.67999792              68
   2.68999791              67
   2.69999790              66
   2.70999789              65
   2.71999788              65
   2.72999787              64
   2.73999786              62
   2.74999785              62
   2.75999784              62
   2.76999784              60
   2.77999783              59
   2.78999782              59
   2.79999781              58
   2.80999780              58
   2.81999779              58
   2.82999778              57
   2.83999777              57
   2.84999776              57
   2.85999775              57
   2.86999774              57
   2.87999773              57
   2.88999772              55
   2.89999771              55
   2.90999770              54
   2.91999769              54
   2.92999768              53
   2.93999767              53
   2.94999766              53
   2.95999765              53
   2.96999764              53
   2.97999763              53
   2.98999763              53
   2.99999762              52
   3.00999761              51
   3.01999760              50
   3.02999759              50
   3.03999758              50
   3.04999757              50
   3.05999756              50
   3.06999755              50
   3.07999754              50
   3.08999753              50
   3.09999752              49
   3.10999751              48
   3.11999750              48
   3.12999749              47
   3.13999748              47
   3.14999747              47
   3.15999746              47
   3.16999745              47
   3.17999744              46
   3.18999743              46
   3.19999743              44
   3.20999742              44
   3.21999741              44
   3.22999740              44
   3.23999739              44
   3.24999738              44
   3.25999737              43
   3.26999736              43
   3.27999735              43
   3.28999734              42
   3.29999733              42
   3.30999732              41
   3.31999731              41
   3.32999730              41
   3.33999729              41
   3.34999728              41
   3.35999727              41
   3.36999726              40
   3.37999725              39
   3.38999724              38
   3.39999723              38
   3.40999722              36
   3.41999722              35
   3.42999721              35
   3.43999720              34
   3.44999719              33
   3.45999718              32
   3.46999717              32
   3.47999716              32
   3.48999715              32
   3.49999714              32
   3.50999713              32
   3.51999712              31
   3.52999711              31
   3.53999710              31
   3.54999709              31
   3.55999708              31
   3.56999707              31
   3.57999706              31
   3.58999705              31
   3.59999704              31
   3.60999703              30
   3.61999702              28
   3.62999701              28
   3.63999701              27
   3.64999700              27
   3.65999699              26
   3.66999698              26
   3.67999697              26
   3.68999696              26
   3.69999695              25
   3.70999694              25
   3.71999693              25
   3.72999692              25
   3.73999691              25
   3.74999690              25
   3.75999689              25
   3.76999688              24
   3.77999687              23
   3.78999686              22
   3.79999685              22
   3.80999684              22
   3.81999683              22
   3.82999682              22
   3.83999681              22
   3.84999681              22
   3.85999680              22
   3.86999679              22
   3.87999678              22
   3.88999677              22
   3.89999676              22
   3.90999675              22
   3.91999674              22
   3.92999673              21
   3.93999672              20
   3.94999671              20
   3.95999670              20
   3.96999669              20
   3.97999668              18
   3.98999667              18
   3.99999666              18
   4.00999689              18
   4.01999712              18
   4.02999735              18
   4.03999758              18
   4.04999781              17
   4.05999804              17
   4.06999826              17
   4.07999849              15
   4.08999872              15
   4.09999895              15
   4.10999918              15
   4.11999941              15
   4.12999964              15
   4.13999987              15
   4.15000010              15
   4.16000032              15
   4.17000055              13
   4.18000078              13
   4.19000101              13
   4.20000124              13
   4.21000147              12
   4.22000170              12
   4.23000193              12
   4.24000216              12
   4.25000238              11
   4.26000261              11
   4.27000284              11
   4.28000307              11
   4.29000330              11
   4.30000353              11
   4.31000376              11
   4.32000399              11
   4.33000422              11
   4.34000444              11
   4.35000467              11
   4.36000490              11
   4.37000513              11
   4.38000536              11
   4.39000559              11
   4.40000582              11
   4.41000605              11
   4.42000628              11
   4.43000650              11
   4.44000673              11
   4.45000696              11
   4.46000719              11
   4.47000742              11
   4.48000765              11
   4.49000788              10
   4.50000811              10
   4.51000834              10
   4.52000856              10
   4.53000879              10
   4.54000902              10
   4.55000925              10
   4.56000948              10
   4.57000971              10
   4.58000994              10
   4.59001017              10
   4.60001040              10
   4.61001062              10
   4.62001085              10
   4.63001108              10
   4.64001131              10
   4.65001154              10
   4.66001177              10
   4.67001200              10
   4.68001223              10
   4.69001245              10
   4.70001268              10
   4.71001291               9
   4.72001314               9
   4.73001337               9
   4.74001360               9
   4.75001383               8
   4.76001406               7
   4.77001429               7
   4.78001451               7
   4.79001474               7
   4.80001497               7
   4.81001520               7
   4.82001543               7
   4.83001566               5
   4.84001589               5
   4.85001612               4
   4.86001635               4
   4.87001657               4
   4.88001680               4
   4.89001703               4
   4.90001726               4
   4.91001749               4
   4.92001772               4
   4.93001795               4
   4.94001818               4
   4.95001841               4
   4.96001863               4
   4.97001886               4
   4.98001909               4
   4.99001932               4
   5.00001955               4
   5.01001978               4
   5.02002001               4
   5.03002024               4
   5.04002047               4
   5.05002069               4
   5.06002092               4
   5.07002115               4
   5.08002138               4
   5.09002161               4
   5.10002184               4
   5.11002207               4
   5.12002230               4
   5.13002253               4
   5.14002275               4
   5.15002298               4
   5.16002321               4
   5.17002344               4
   5.18002367               4
   5.19002390               4
   5.20002413               4
   5.21002436               4
   5.22002459               4
   5.23002481               4
   5.24002504               4
   5.25002527               4
   5.26002550               4
   5.27002573               4
   5.28002596               3
   5.29002619               3
   5.30002642               3
   5.31002665               3
   5.32002687               3
   5.33002710               3
   5.34002733               3
   5.35002756               3
   5.36002779               3
   5.37002802               3
   5.38002825               3
   5.39002848               3
   5.40002871               3
   5.41002893               3
   5.42002916               3
   5.43002939               3
   5.44002962               3
   5.45002985               3
   5.46003008               3
   5.47003031               3
   5.48003054               3
   5.49003077               3
   5.50003099               3
   5.51003122               3
   5.52003145               3
   5.53003168               3
   5.54003191               3
   5.55003214               3
   5.56003237               3
   5.57003260               3
   5.58003283               3
   5.59003305               3
   5.60003328               3
   5.61003351               3
   5.62003374               3
   5.63003397               3
   5.64003420               2
   5.65003443               2
   5.66003466               2
   5.67003489               2
   5.68003511               2
   5.69003534               2
   5.70003557               2
   5.71003580               2
   5.72003603               2
   5.73003626               2
   5.74003649               2
   5.75003672               2
   5.76003695               2
   5.77003717               2
   5.78003740               2
   5.79003763               2
   5.80003786               2
   5.81003809               2
   5.82003832               2
   5.83003855               2
   5.84003878               2
   5.85003901               2
   5.86003923               2
   5.87003946               2
   5.88003969               2
   5.89003992               2
   5.90004015               2
   5.91004038               2
   5.92004061               2
   5.93004084               2
   5.94004107               2
   5.95004129               2
   5.96004152               2
   5.97004175               2
   5.98004198               1
   5.99004221               1
   6.00004244               1
   6.01004267               1
   6.02004290               1
   6.03004313               1
   6.04004335               1
   6.05004358               1
   6.06004381               1
   6.07004404               1
   6.08004427               1
   6.09004450               1
   6.10004473               1
   6.11004496               1
   6.12004519               1
   6.13004541               1
   6.14004564               1
   6.15004587               1
   6.16004610               1
   6.17004633               1
   6.18004656               1
   6.19004679               1
   6.20004702               1
   6.21004725               1
   6.22004747               1
   6.23004770               1
   6.24004793               1
   6.25004816               1
   6.26004839               1
   6.27004862               1
   6.28004885               1
   6.29004908               1
   6.30004930               1
   6.31004953               1
   6.32004976               1
   6.33004999               1
   6.34005022               1
   6.35005045               1
   6.36005068               1
   6.37005091               1
   6.38005114               1
   6.39005136               1
   6.40005159               1
   6.41005182               1
   6.42005205               1
   6.43005228               1
   6.44005251               1
   6.45005274               1
   6.46005297               1
   6.47005320               1
   6.48005342               1
   6.49005365               1
   6.50005388               1
   6.51005411               1
   6.52005434               1
   6.53005457               1
   6.54005480               1
   6.55005503               1
   6.56005526               1
   6.57005548               1
   6.58005571               1
   6.59005594               1
   6.60005617               1
   6.61005640               1
   6.62005663               1
   6.63005686               1
   6.64005709               1
   6.65005732               1
   6.66005754               1
   6.67005777               1
   6.68005800               1
   6.69005823               1
   6.70005846               1
   6.71005869               1
   6.72005892               1
   6.73005915               1
   6.74005938               1
   6.75005960               1
   6.76005983               1
   6.77006006               1
   6.78006029               1
   6.79006052               1
   6.80006075               1
   6.81006098               1
   6.82006121               1
   6.83006144               1
   6.84006166               1
   6.85006189               1
   6.86006212               1
   6.87006235               1
   6.88006258               1
   6.89006281               1
   6.90006304               1
   6.91006327               0
   6.92006350               0
   6.93006372               0
   6.94006395               0
   6.95006418               0
   6.96006441               0
   6.97006464               0
   6.98006487               0
   6.99006510               0
   7.00006533               0
   7.01006556               0
   7.02006578               0
   7.03006601               0
   7.04006624               0
   7.05006647               0
   7.06006670               0
   7.07006693               0
   7.08006716               0
   7.09006739               0
   7.10006762               0
   7.11006784               0
   7.12006807               0
   7.13006830               0
   7.14006853               0
   7.15006876               0
   7.16006899               0
   7.17006922               0
   7.18006945               0
   7.19006968               0
   7.20006990               0
   7.21007013               0
   7.22007036               0
   7.23007059               0
   7.24007082               0
   7.25007105               0
   7.26007128               0
   7.27007151               0
   7.28007174               0
   7.29007196               0
   7.30007219               0
   7.31007242               0
   7.32007265               0
   7.33007288               0
   7.34007311               0
   7.35007334               0
   7.36007357               0
   7.37007380               0
   7.38007402               0
   7.39007425               0
   7.40007448               0
   7.41007471               0
   7.42007494               0
   7.43007517               0
   7.44007540               0
   7.45007563               0
   7.46007586               0
   7.47007608               0
   7.48007631               0
   7.49007654               0
   7.50007677               0
   7.51007700               0
   7.52007723               0
   7.53007746               0
   7.54007769               0
   7.55007792               0
   7.56007814               0
   7.57007837               0
   7.58007860               0
   7.59007883               0
   7.60007906               0
   7.61007929               0
   7.62007952               0
   7.63007975               0
   7.64007998               0
   7.65008020               0
   7.66008043               0
   7.67008066               0
   7.68008089               0
   7.69008112               0
   7.70008135               0
   7.71008158               0
   7.72008181               0
   7.73008204               0
   7.74008226               0
   7.75008249               0
   7.76008272               0
   7.77008295               0
   7.78008318               0
   7.79008341               0
   7.80008364               0
   7.81008387               0
   7.82008410               0
   7.83008432               0
   7.84008455               0
   7.85008478               0
   7.86008501               0
   7.87008524               0
   7.88008547               0
   7.89008570               0
   7.90008593               0
   7.91008615               0
   7.92008638               0
   7.93008661               0
   7.94008684               0
   7.95008707               0
   7.96008730               0
   7.97008753               0
   7.98008776               0
   7.99008799               0
   8.00008774               0
