   0.00000000             993
   9.99999978E-03         976
   1.99999996E-02         968
   2.99999993E-02         958
   3.99999991E-02         946
   4.99999970E-02         936
   5.99999949E-02         927
   6.99999928E-02         918
   7.99999908E-02         908
   8.99999887E-02         894
   9.99999866E-02         885
  0.109999985             877
  0.119999982             869
  0.129999980             858
  0.139999986             849
  0.149999991             842
  0.159999996             834
  0.170000002             831
  0.180000007             822
  0.190000013             810
  0.200000018             800
  0.210000023             791
  0.220000029             787
  0.230000034             780
  0.240000039             771
  0.250000030             762
  0.260000020             752
  0.270000011             744
  0.280000001             737
  0.289999992             724
  0.299999982             720
  0.309999973             714
  0.319999963             708
  0.329999954             703
  0.339999944             688
  0.349999934             680
  0.359999925             674
  0.369999915             668
  0.379999906             660
  0.389999896             654
  0.399999887             646
  0.409999877             640
  0.419999868             635
  0.429999858             632
  0.439999849             622
  0.449999839             618
  0.459999830             615
  0.469999820             610
  0.479999810             601
  0.489999801             594
  0.499999791             587
  0.509999812             584
  0.519999802             579
  0.529999793             575
  0.539999783             568
  0.549999774             560
  0.559999764             553
  0.569999754             546
  0.579999745             537
  0.589999735             525
  0.599999726             520
  0.609999716             514
  0.619999707             509
  0.629999697             503
  0.639999688             500
  0.649999678             495
  0.659999669             491
  0.669999659             489
  0.679999650             486
  0.689999640             481
  0.699999630             476
  0.709999621             470
  0.719999611             465
  0.729999602             461
  0.739999592             457
  0.749999583             455
  0.759999573             449
  0.769999564             442
  0.779999554             436
  0.789999545             427
  0.799999535             423
  0.809999526             418
  0.819999516             415
  0.829999506             414
  0.839999497             411
  0.849999487             409
  0.859999478             405
  0.869999468             400
  0.879999459             393
  0.889999449             392
  0.899999440             386
  0.909999430             381
  0.919999421             377
  0.929999411             372
  0.939999402             369
  0.949999392             365
  0.959999382             361
  0.969999373             360
  0.979999363             354
  0.989999354             350
  0.999999344             347
   1.00999939             344
   1.01999938             342
   1.02999938             338
   1.03999937             333
   1.04999936             332
   1.05999935             327
   1.06999934             321
   1.07999933             319
   1.08999932             317
   1.09999931             312
   1.10999930             303
   1.11999929             300
   1.12999928             299
   1.13999927             296
   1.14999926             293
   1.15999925             292
   1.16999924             289
   1.17999923             288
   1.18999922             286
   1.19999921             278
   1.20999920             273
   1.21999919             271
   1.22999918             270
   1.23999918             266
   1.24999917             262
   1.25999916             260
   1.26999915             258
   1.27999914             257
   1.28999913             256
   1.29999912             254
   1.30999911             254
   1.31999910             250
   1.32999909             248
   1.33999908             247
   1.34999907             245
   1.35999906             241
   1.36999905             235
   1.37999904             234
   1.38999903             229
   1.39999902             223
   1.40999901             218
   1.41999900             216
   1.42999899             213
   1.43999898             213
   1.44999897             211
   1.45999897             211
   1.46999896             210
   1.47999895             210
   1.48999894             210
   1.49999893             207
   1.50999892             204
   1.51999891             202
   1.52999890             199
   1.53999889             196
   1.54999888             192
   1.55999887             190
   1.56999886             190
   1.57999885             187
   1.58999884             183
   1.59999883             180
   1.60999882             175
   1.61999881             173
   1.62999880             173
   1.63999879             170
   1.64999878             170
   1.65999877             168
   1.66999876             167
   1.67999876             166
   1.68999875             166
   1.69999874             164
   1.70999873             162
   1.71999872             162
   1.72999871             161
   1.73999870             157
   1.74999869             157
   1.75999868             156
   1.76999867             156
   1.77999866             154
   1.78999865             151
   1.79999864             149
   1.80999863             148
   1.81999862             147
   1.82999861             146
   1.83999860             145
   1.84999859             142
   1.85999858             142
   1.86999857             142
   1.87999856             141
   1.88999856             141
   1.89999855             138
   1.90999854             138
   1.91999853             136
   1.92999852             134
   1.93999851             134
   1.94999850             130
   1.95999849             125
   1.96999848             122
   1.97999847             120
   1.98999846             117
   1.99999845             114
   2.00999856             114
   2.01999855             111
   2.02999854             110
   2.03999853             108
   2.04999852             105
   2.05999851             103
   2.06999850             103
   2.07999849             102
   2.08999848             101
   2.09999847             100
   2.10999846             100
   2.11999846              98
   2.12999845              98
   2.13999844              97
   2.14999843              96
   2.15999842              96
   2.16999841              94
   2.17999840              93
   2.18999839              92
   2.19999838              92
   2.20999837              92
   2.21999836              92
   2.22999835              91
   2.23999834              91
   2.24999833              91
   2.25999832              90
   2.26999831              89
   2.27999830              86
   2.28999829              86
   2.29999828              86
   2.30999827              85
   2.31999826              84
   2.32999825              84
   2.33999825              84
   2.34999824              84
   2.35999823              83
   2.36999822              81
   2.37999821              81
   2.38999820              80
   2.39999819              79
   2.40999818              79
   2.41999817              78
   2.42999816              77
   2.43999815              76
   2.44999814              76
   2.45999813              76
   2.46999812              75
   2.47999811              75
   2.48999810              74
   2.49999809              74
   2.50999808              74
   2.51999807              74
   2.52999806              74
   2.53999805              73
   2.54999804              73
   2.55999804              73
   2.56999803              73
   2.57999802              73
   2.58999801              73
   2.59999800              73
   2.60999799              73
   2.61999798              73
   2.62999797              73
   2.63999796              73
   2.64999795              73
   2.65999794              72
   2.66999793              72
   2.67999792              70
   2.68999791              67
   2.69999790              65
   2.70999789              65
   2.71999788              64
   2.72999787              64
   2.73999786              63
   2.74999785              63
   2.75999784              63
   2.76999784              62
   2.77999783              60
   2.78999782              60
   2.79999781              60
   2.80999780              60
   2.81999779              60
   2.82999778              60
   2.83999777              60
   2.84999776              59
   2.85999775              59
   2.86999774              58
   2.87999773              58
   2.88999772              56
   2.89999771              56
   2.90999770              56
   2.91999769              56
   2.92999768              56
   2.93999767              56
   2.94999766              56
   2.95999765              56
   2.96999764              56
   2.97999763              55
   2.98999763              55
   2.99999762              55
   3.00999761              55
   3.01999760              54
   3.02999759              54
   3.03999758              53
   3.04999757              53
   3.05999756              52
   3.06999755              52
   3.07999754              52
   3.08999753              50
   3.09999752              49
   3.10999751              49
   3.11999750              48
   3.12999749              48
   3.13999748              48
   3.14999747              47
   3.15999746              47
   3.16999745              47
   3.17999744              47
   3.18999743              46
   3.19999743              44
   3.20999742              44
   3.21999741              44
   3.22999740              44
   3.23999739              44
   3.24999738              44
   3.25999737              44
   3.26999736              43
   3.27999735              43
   3.28999734              43
   3.29999733              42
   3.30999732              42
   3.31999731              42
   3.32999730              42
   3.33999729              42
   3.34999728              41
   3.35999727              41
   3.36999726              41
   3.37999725              39
   3.38999724              39
   3.39999723              39
   3.40999722              39
   3.41999722              39
   3.42999721              39
   3.43999720              39
   3.44999719              38
   3.45999718              37
   3.46999717              37
   3.47999716              37
   3.48999715              37
   3.49999714              37
   3.50999713              37
   3.51999712              36
   3.52999711              36
   3.53999710              36
   3.54999709              36
   3.55999708              36
   3.56999707              35
   3.57999706              35
   3.58999705              35
   3.59999704              35
   3.60999703              35
   3.61999702              35
   3.62999701              35
   3.63999701              35
   3.64999700              35
   3.65999699              34
   3.66999698              34
   3.67999697              34
   3.68999696              34
   3.69999695              34
   3.70999694              34
   3.71999693              34
   3.72999692              34
   3.73999691              34
   3.74999690              34
   3.75999689              33
   3.76999688              33
   3.77999687              33
   3.78999686              33
   3.79999685              33
   3.80999684              33
   3.81999683              32
   3.82999682              31
   3.83999681              31
   3.84999681              30
   3.85999680              30
   3.86999679              30
   3.87999678              30
   3.88999677              30
   3.89999676              30
   3.90999675              30
   3.91999674              30
   3.92999673              30
   3.93999672              30
   3.94999671              29
   3.95999670              29
   3.96999669              29
   3.97999668              29
   3.98999667              28
   3.99999666              28
   4.00999689              27
   4.01999712              27
   4.02999735              27
   4.03999758              27
   4.04999781              27
   4.05999804              27
   4.06999826              27
   4.07999849              27
   4.08999872              27
   4.09999895              26
   4.10999918              26
   4.11999941              26
   4.12999964              26
   4.13999987              26
   4.15000010              26
   4.16000032              26
   4.17000055              26
   4.18000078              25
   4.19000101              24
   4.20000124              24
   4.21000147              23
   4.22000170              22
   4.23000193              22
   4.24000216              22
   4.25000238              21
   4.26000261              21
   4.27000284              21
   4.28000307              21
   4.29000330              21
   4.30000353              21
   4.31000376              21
   4.32000399              21
   4.33000422              21
   4.34000444              21
   4.35000467              21
   4.36000490              21
   4.37000513              21
   4.38000536              21
   4.39000559              21
   4.40000582              21
   4.41000605              21
   4.42000628              21
   4.43000650              21
   4.44000673              21
   4.45000696              21
   4.46000719              21
   4.47000742              21
   4.48000765              21
   4.49000788              21
   4.50000811              20
   4.51000834              20
   4.52000856              20
   4.53000879              20
   4.54000902              20
   4.55000925              20
   4.56000948              20
   4.57000971              19
   4.58000994              19
   4.59001017              18
   4.60001040              17
   4.61001062              17
   4.62001085              17
   4.63001108              17
   4.64001131              17
   4.65001154              17
   4.66001177              17
   4.67001200              17
   4.68001223              17
   4.69001245              17
   4.70001268              16
   4.71001291              15
   4.72001314              15
   4.73001337              15
   4.74001360              15
   4.75001383              15
   4.76001406              15
   4.77001429              15
   4.78001451              15
   4.79001474              15
   4.80001497              14
   4.81001520              14
   4.82001543              14
   4.83001566              14
   4.84001589              14
   4.85001612              14
   4.86001635              14
   4.87001657              14
   4.88001680              14
   4.89001703              14
   4.90001726              14
   4.91001749              13
   4.92001772              13
   4.93001795              13
   4.94001818              13
   4.95001841              13
   4.96001863              12
   4.97001886              11
   4.98001909              11
   4.99001932              11
   5.00001955              11
   5.01001978              11
   5.02002001              11
   5.03002024              10
   5.04002047              10
   5.05002069              10
   5.06002092              10
   5.07002115              10
   5.08002138              10
   5.09002161              10
   5.10002184              10
   5.11002207              10
   5.12002230              10
   5.13002253              10
   5.14002275              10
   5.15002298              10
   5.16002321               9
   5.17002344               9
   5.18002367               9
   5.19002390               9
   5.20002413               8
   5.21002436               8
   5.22002459               8
   5.23002481               8
   5.24002504               8
   5.25002527               8
   5.26002550               8
   5.27002573               8
   5.28002596               8
   5.29002619               8
   5.30002642               8
   5.31002665               8
   5.32002687               8
   5.33002710               8
   5.34002733               8
   5.35002756               8
   5.36002779               8
   5.37002802               8
   5.38002825               8
   5.39002848               8
   5.40002871               8
   5.41002893               8
   5.42002916               8
   5.43002939               7
   5.44002962               7
   5.45002985               7
   5.46003008               7
   5.47003031               7
   5.48003054               7
   5.49003077               7
   5.50003099               7
   5.51003122               7
   5.52003145               7
   5.53003168               7
   5.54003191               7
   5.55003214               7
   5.56003237               7
   5.57003260               7
   5.58003283               7
   5.59003305               7
   5.60003328               7
   5.61003351               7
   5.62003374               6
   5.63003397               6
   5.64003420               6
   5.65003443               6
   5.66003466               6
   5.67003489               6
   5.68003511               6
   5.69003534               6
   5.70003557               6
   5.71003580               6
   5.72003603               6
   5.73003626               6
   5.74003649               6
   5.75003672               6
   5.76003695               6
   5.77003717               6
   5.78003740               6
   5.79003763               6
   5.80003786               6
   5.81003809               6
   5.82003832               6
   5.83003855               6
   5.84003878               6
   5.85003901               6
   5.86003923               6
   5.87003946               6
   5.88003969               6
   5.89003992               6
   5.90004015               5
   5.91004038               5
   5.92004061               5
   5.93004084               5
   5.94004107               5
   5.95004129               5
   5.96004152               5
   5.97004175               5
   5.98004198               5
   5.99004221               5
   6.00004244               5
   6.01004267               5
   6.02004290               5
   6.03004313               5
   6.04004335               5
   6.05004358               5
   6.06004381               5
   6.07004404               5
   6.08004427               5
   6.09004450               5
   6.10004473               5
   6.11004496               5
   6.12004519               5
   6.13004541               5
   6.14004564               5
   6.15004587               4
   6.16004610               4
   6.17004633               4
   6.18004656               4
   6.19004679               4
   6.20004702               4
   6.21004725               4
   6.22004747               4
   6.23004770               4
   6.24004793               4
   6.25004816               4
   6.26004839               3
   6.27004862               3
   6.28004885               3
   6.29004908               3
   6.30004930               3
   6.31004953               3
   6.32004976               3
   6.33004999               3
   6.34005022               3
   6.35005045               3
   6.36005068               3
   6.37005091               3
   6.38005114               3
   6.39005136               1
   6.40005159               1
   6.41005182               1
   6.42005205               1
   6.43005228               1
   6.44005251               1
   6.45005274               1
   6.46005297               1
   6.47005320               1
   6.48005342               1
   6.49005365               1
   6.50005388               1
   6.51005411               1
   6.52005434               1
   6.53005457               1
   6.54005480               1
   6.55005503               1
   6.56005526               1
   6.57005548               1
   6.58005571               1
   6.59005594               0
   6.60005617               0
   6.61005640               0
   6.62005663               0
   6.63005686               0
   6.64005709               0
   6.65005732               0
   6.66005754               0
   6.67005777               0
   6.68005800               0
   6.69005823               0
   6.70005846               0
   6.71005869               0
   6.72005892               0
   6.73005915               0
   6.74005938               0
   6.75005960               0
   6.76005983               0
   6.77006006               0
   6.78006029               0
   6.79006052               0
   6.80006075               0
   6.81006098               0
   6.82006121               0
   6.83006144               0
   6.84006166               0
   6.85006189               0
   6.86006212               0
   6.87006235               0
   6.88006258               0
   6.89006281               0
   6.90006304               0
   6.91006327               0
   6.92006350               0
   6.93006372               0
   6.94006395               0
   6.95006418               0
   6.96006441               0
   6.97006464               0
   6.98006487               0
   6.99006510               0
   7.00006533               0
   7.01006556               0
   7.02006578               0
   7.03006601               0
   7.04006624               0
   7.05006647               0
   7.06006670               0
   7.07006693               0
   7.08006716               0
   7.09006739               0
   7.10006762               0
   7.11006784               0
   7.12006807               0
   7.13006830               0
   7.14006853               0
   7.15006876               0
   7.16006899               0
   7.17006922               0
   7.18006945               0
   7.19006968               0
   7.20006990               0
   7.21007013               0
   7.22007036               0
   7.23007059               0
   7.24007082               0
   7.25007105               0
   7.26007128               0
   7.27007151               0
   7.28007174               0
   7.29007196               0
   7.30007219               0
   7.31007242               0
   7.32007265               0
   7.33007288               0
   7.34007311               0
   7.35007334               0
   7.36007357               0
   7.37007380               0
   7.38007402               0
   7.39007425               0
   7.40007448               0
   7.41007471               0
   7.42007494               0
   7.43007517               0
   7.44007540               0
   7.45007563               0
   7.46007586               0
   7.47007608               0
   7.48007631               0
   7.49007654               0
   7.50007677               0
   7.51007700               0
   7.52007723               0
   7.53007746               0
   7.54007769               0
   7.55007792               0
   7.56007814               0
   7.57007837               0
   7.58007860               0
   7.59007883               0
   7.60007906               0
   7.61007929               0
   7.62007952               0
   7.63007975               0
   7.64007998               0
   7.65008020               0
   7.66008043               0
   7.67008066               0
   7.68008089               0
   7.69008112               0
   7.70008135               0
   7.71008158               0
   7.72008181               0
   7.73008204               0
   7.74008226               0
   7.75008249               0
   7.76008272               0
   7.77008295               0
   7.78008318               0
   7.79008341               0
   7.80008364               0
   7.81008387               0
   7.82008410               0
   7.83008432               0
   7.84008455               0
   7.85008478               0
   7.86008501               0
   7.87008524               0
   7.88008547               0
   7.89008570               0
   7.90008593               0
   7.91008615               0
   7.92008638               0
   7.93008661               0
   7.94008684               0
   7.95008707               0
   7.96008730               0
   7.97008753               0
   7.98008776               0
   7.99008799               0
   8.00008774               0
