   0.00000000             993
   9.99999978E-03         984
   1.99999996E-02         978
   2.99999993E-02         968
   3.99999991E-02         960
   4.99999970E-02         953
   5.99999949E-02         940
   6.99999928E-02         932
   7.99999908E-02         925
   8.99999887E-02         915
   9.99999866E-02         904
  0.109999985             888
  0.119999982             873
  0.129999980             864
  0.139999986             853
  0.149999991             840
  0.159999996             835
  0.170000002             823
  0.180000007             814
  0.190000013             803
  0.200000018             797
  0.210000023             789
  0.220000029             780
  0.230000034             774
  0.240000039             768
  0.250000030             754
  0.260000020             745
  0.270000011             739
  0.280000001             736
  0.289999992             728
  0.299999982             715
  0.309999973             712
  0.319999963             702
  0.329999954             698
  0.339999944             691
  0.349999934             685
  0.359999925             678
  0.369999915             673
  0.379999906             672
  0.389999896             663
  0.399999887             654
  0.409999877             650
  0.419999868             645
  0.429999858             639
  0.439999849             630
  0.449999839             624
  0.459999830             619
  0.469999820             614
  0.479999810             605
  0.489999801             598
  0.499999791             593
  0.509999812             590
  0.519999802             586
  0.529999793             583
  0.539999783             577
  0.549999774             572
  0.559999764             566
  0.569999754             561
  0.579999745             551
  0.589999735             542
  0.599999726             541
  0.609999716             538
  0.619999707             529
  0.629999697             520
  0.639999688             516
  0.649999678             511
  0.659999669             510
  0.669999659             509
  0.679999650             500
  0.689999640             497
  0.699999630             490
  0.709999621             485
  0.719999611             475
  0.729999602             473
  0.739999592             466
  0.749999583             457
  0.759999573             451
  0.769999564             445
  0.779999554             442
  0.789999545             437
  0.799999535             432
  0.809999526             423
  0.819999516             418
  0.829999506             412
  0.839999497             408
  0.849999487             403
  0.859999478             397
  0.869999468             395
  0.879999459             391
  0.889999449             390
  0.899999440             385
  0.909999430             384
  0.919999421             381
  0.929999411             379
  0.939999402             372
  0.949999392             367
  0.959999382             363
  0.969999373             361
  0.979999363             356
  0.989999354             349
  0.999999344             345
   1.00999939             344
   1.01999938             341
   1.02999938             340
   1.03999937             339
   1.04999936             332
   1.05999935             329
   1.06999934             326
   1.07999933             320
   1.08999932             319
   1.09999931             316
   1.10999930             315
   1.11999929             311
   1.12999928             308
   1.13999927             304
   1.14999926             301
   1.15999925             296
   1.16999924             293
   1.17999923             288
   1.18999922             285
   1.19999921             281
   1.20999920             278
   1.21999919             277
   1.22999918             275
   1.23999918             272
   1.24999917             268
   1.25999916             264
   1.26999915             262
   1.27999914             260
   1.28999913             255
   1.29999912             253
   1.30999911             250
   1.31999910             246
   1.32999909             245
   1.33999908             244
   1.34999907             242
   1.35999906             238
   1.36999905             235
   1.37999904             232
   1.38999903             230
   1.39999902             229
   1.40999901             225
   1.41999900             223
   1.42999899             222
   1.43999898             221
   1.44999897             217
   1.45999897             215
   1.46999896             212
   1.47999895             211
   1.48999894             211
   1.49999893             208
   1.50999892             205
   1.51999891             203
   1.52999890             202
   1.53999889             199
   1.54999888             197
   1.55999887             195
   1.56999886             194
   1.57999885             192
   1.58999884             191
   1.59999883             189
   1.60999882             189
   1.61999881             186
   1.62999880             182
   1.63999879             180
   1.64999878             179
   1.65999877             179
   1.66999876             175
   1.67999876             171
   1.68999875             169
   1.69999874             168
   1.70999873             166
   1.71999872             165
   1.72999871             163
   1.73999870             160
   1.74999869             160
   1.75999868             160
   1.76999867             160
   1.77999866             159
   1.78999865             158
   1.79999864             157
   1.80999863             157
   1.81999862             156
   1.82999861             153
   1.83999860             153
   1.84999859             150
   1.85999858             150
   1.86999857             150
   1.87999856             149
   1.88999856             147
   1.89999855             146
   1.90999854             146
   1.91999853             145
   1.92999852             143
   1.93999851             143
   1.94999850             143
   1.95999849             142
   1.96999848             142
   1.97999847             141
   1.98999846             140
   1.99999845             139
   2.00999856             138
   2.01999855             138
   2.02999854             137
   2.03999853             136
   2.04999852             134
   2.05999851             133
   2.06999850             132
   2.07999849             132
   2.08999848             131
   2.09999847             130
   2.10999846             129
   2.11999846             128
   2.12999845             128
   2.13999844             128
   2.14999843             125
   2.15999842             124
   2.16999841             119
   2.17999840             119
   2.18999839             118
   2.19999838             118
   2.20999837             115
   2.21999836             112
   2.22999835             112
   2.23999834             112
   2.24999833             108
   2.25999832             107
   2.26999831             105
   2.27999830             105
   2.28999829             105
   2.29999828             105
   2.30999827             102
   2.31999826             102
   2.32999825             101
   2.33999825             100
   2.34999824              97
   2.35999823              94
   2.36999822              92
   2.37999821              89
   2.38999820              88
   2.39999819              87
   2.40999818              85
   2.41999817              85
   2.42999816              85
   2.43999815              82
   2.44999814              82
   2.45999813              80
   2.46999812              78
   2.47999811              78
   2.48999810              77
   2.49999809              76
   2.50999808              75
   2.51999807              75
   2.52999806              74
   2.53999805              73
   2.54999804              72
   2.55999804              72
   2.56999803              70
   2.57999802              70
   2.58999801              70
   2.59999800              70
   2.60999799              70
   2.61999798              70
   2.62999797              70
   2.63999796              70
   2.64999795              68
   2.65999794              67
   2.66999793              65
   2.67999792              65
   2.68999791              64
   2.69999790              63
   2.70999789              60
   2.71999788              58
   2.72999787              57
   2.73999786              56
   2.74999785              55
   2.75999784              54
   2.76999784              54
   2.77999783              54
   2.78999782              54
   2.79999781              53
   2.80999780              53
   2.81999779              51
   2.82999778              51
   2.83999777              51
   2.84999776              49
   2.85999775              48
   2.86999774              47
   2.87999773              47
   2.88999772              47
   2.89999771              47
   2.90999770              46
   2.91999769              46
   2.92999768              45
   2.93999767              45
   2.94999766              44
   2.95999765              44
   2.96999764              44
   2.97999763              44
   2.98999763              42
   2.99999762              41
   3.00999761              41
   3.01999760              40
   3.02999759              40
   3.03999758              40
   3.04999757              39
   3.05999756              38
   3.06999755              37
   3.07999754              37
   3.08999753              37
   3.09999752              36
   3.10999751              35
   3.11999750              35
   3.12999749              34
   3.13999748              33
   3.14999747              32
   3.15999746              32
   3.16999745              32
   3.17999744              31
   3.18999743              31
   3.19999743              31
   3.20999742              31
   3.21999741              31
   3.22999740              30
   3.23999739              30
   3.24999738              30
   3.25999737              29
   3.26999736              29
   3.27999735              29
   3.28999734              29
   3.29999733              29
   3.30999732              28
   3.31999731              27
   3.32999730              27
   3.33999729              27
   3.34999728              27
   3.35999727              27
   3.36999726              26
   3.37999725              26
   3.38999724              26
   3.39999723              26
   3.40999722              26
   3.41999722              26
   3.42999721              25
   3.43999720              25
   3.44999719              25
   3.45999718              25
   3.46999717              25
   3.47999716              25
   3.48999715              23
   3.49999714              23
   3.50999713              23
   3.51999712              21
   3.52999711              21
   3.53999710              20
   3.54999709              19
   3.55999708              19
   3.56999707              19
   3.57999706              19
   3.58999705              19
   3.59999704              19
   3.60999703              19
   3.61999702              19
   3.62999701              19
   3.63999701              19
   3.64999700              19
   3.65999699              18
   3.66999698              18
   3.67999697              18
   3.68999696              17
   3.69999695              17
   3.70999694              17
   3.71999693              16
   3.72999692              15
   3.73999691              15
   3.74999690              15
   3.75999689              14
   3.76999688              14
   3.77999687              14
   3.78999686              13
   3.79999685              12
   3.80999684              12
   3.81999683              12
   3.82999682              12
   3.83999681              12
   3.84999681              12
   3.85999680              12
   3.86999679              12
   3.87999678              12
   3.88999677              11
   3.89999676              11
   3.90999675              11
   3.91999674              11
   3.92999673              11
   3.93999672              11
   3.94999671              11
   3.95999670              11
   3.96999669              11
   3.97999668              11
   3.98999667              11
   3.99999666              11
   4.00999689              10
   4.01999712              10
   4.02999735              10
   4.03999758              10
   4.04999781              10
   4.05999804              10
   4.06999826               9
   4.07999849               9
   4.08999872               9
   4.09999895               9
   4.10999918               9
   4.11999941               8
   4.12999964               8
   4.13999987               8
   4.15000010               8
   4.16000032               7
   4.17000055               7
   4.18000078               7
   4.19000101               7
   4.20000124               7
   4.21000147               7
   4.22000170               7
   4.23000193               7
   4.24000216               7
   4.25000238               7
   4.26000261               7
   4.27000284               7
   4.28000307               7
   4.29000330               7
   4.30000353               7
   4.31000376               7
   4.32000399               7
   4.33000422               6
   4.34000444               6
   4.35000467               6
   4.36000490               6
   4.37000513               6
   4.38000536               6
   4.39000559               6
   4.40000582               6
   4.41000605               6
   4.42000628               6
   4.43000650               6
   4.44000673               6
   4.45000696               6
   4.46000719               6
   4.47000742               6
   4.48000765               6
   4.49000788               6
   4.50000811               6
   4.51000834               6
   4.52000856               6
   4.53000879               6
   4.54000902               6
   4.55000925               6
   4.56000948               6
   4.57000971               6
   4.58000994               6
   4.59001017               6
   4.60001040               6
   4.61001062               6
   4.62001085               6
   4.63001108               6
   4.64001131               6
   4.65001154               6
   4.66001177               6
   4.67001200               6
   4.68001223               6
   4.69001245               6
   4.70001268               6
   4.71001291               6
   4.72001314               6
   4.73001337               6
   4.74001360               6
   4.75001383               6
   4.76001406               6
   4.77001429               6
   4.78001451               5
   4.79001474               5
   4.80001497               5
   4.81001520               5
   4.82001543               5
   4.83001566               5
   4.84001589               5
   4.85001612               5
   4.86001635               5
   4.87001657               5
   4.88001680               5
   4.89001703               5
   4.90001726               5
   4.91001749               5
   4.92001772               5
   4.93001795               5
   4.94001818               5
   4.95001841               5
   4.96001863               5
   4.97001886               5
   4.98001909               5
   4.99001932               5
   5.00001955               5
   5.01001978               5
   5.02002001               5
   5.03002024               5
   5.04002047               5
   5.05002069               5
   5.06002092               5
   5.07002115               5
   5.08002138               5
   5.09002161               5
   5.10002184               5
   5.11002207               5
   5.12002230               5
   5.13002253               5
   5.14002275               5
   5.15002298               5
   5.16002321               5
   5.17002344               5
   5.18002367               5
   5.19002390               5
   5.20002413               5
   5.21002436               5
   5.22002459               5
   5.23002481               5
   5.24002504               5
   5.25002527               5
   5.26002550               5
   5.27002573               5
   5.28002596               5
   5.29002619               5
   5.30002642               5
   5.31002665               5
   5.32002687               5
   5.33002710               5
   5.34002733               5
   5.35002756               5
   5.36002779               5
   5.37002802               5
   5.38002825               5
   5.39002848               5
   5.40002871               5
   5.41002893               5
   5.42002916               5
   5.43002939               5
   5.44002962               5
   5.45002985               5
   5.46003008               5
   5.47003031               5
   5.48003054               5
   5.49003077               5
   5.50003099               5
   5.51003122               5
   5.52003145               5
   5.53003168               5
   5.54003191               5
   5.55003214               5
   5.56003237               5
   5.57003260               4
   5.58003283               4
   5.59003305               4
   5.60003328               4
   5.61003351               4
   5.62003374               4
   5.63003397               4
   5.64003420               4
   5.65003443               4
   5.66003466               4
   5.67003489               4
   5.68003511               4
   5.69003534               4
   5.70003557               4
   5.71003580               4
   5.72003603               4
   5.73003626               4
   5.74003649               4
   5.75003672               4
   5.76003695               4
   5.77003717               4
   5.78003740               4
   5.79003763               4
   5.80003786               4
   5.81003809               4
   5.82003832               4
   5.83003855               4
   5.84003878               4
   5.85003901               4
   5.86003923               4
   5.87003946               4
   5.88003969               4
   5.89003992               4
   5.90004015               4
   5.91004038               4
   5.92004061               4
   5.93004084               4
   5.94004107               4
   5.95004129               4
   5.96004152               4
   5.97004175               4
   5.98004198               4
   5.99004221               4
   6.00004244               4
   6.01004267               4
   6.02004290               4
   6.03004313               4
   6.04004335               4
   6.05004358               4
   6.06004381               4
   6.07004404               4
   6.08004427               4
   6.09004450               4
   6.10004473               4
   6.11004496               4
   6.12004519               4
   6.13004541               4
   6.14004564               4
   6.15004587               4
   6.16004610               4
   6.17004633               4
   6.18004656               4
   6.19004679               4
   6.20004702               4
   6.21004725               4
   6.22004747               4
   6.23004770               4
   6.24004793               4
   6.25004816               4
   6.26004839               4
   6.27004862               4
   6.28004885               4
   6.29004908               4
   6.30004930               4
   6.31004953               4
   6.32004976               4
   6.33004999               4
   6.34005022               4
   6.35005045               4
   6.36005068               4
   6.37005091               4
   6.38005114               4
   6.39005136               4
   6.40005159               4
   6.41005182               4
   6.42005205               4
   6.43005228               4
   6.44005251               4
   6.45005274               4
   6.46005297               4
   6.47005320               4
   6.48005342               4
   6.49005365               4
   6.50005388               4
   6.51005411               4
   6.52005434               4
   6.53005457               4
   6.54005480               4
   6.55005503               4
   6.56005526               4
   6.57005548               4
   6.58005571               4
   6.59005594               4
   6.60005617               3
   6.61005640               3
   6.62005663               3
   6.63005686               3
   6.64005709               3
   6.65005732               2
   6.66005754               2
   6.67005777               2
   6.68005800               1
   6.69005823               1
   6.70005846               1
   6.71005869               1
   6.72005892               1
   6.73005915               1
   6.74005938               1
   6.75005960               1
   6.76005983               1
   6.77006006               1
   6.78006029               1
   6.79006052               1
   6.80006075               1
   6.81006098               1
   6.82006121               1
   6.83006144               1
   6.84006166               1
   6.85006189               1
   6.86006212               1
   6.87006235               1
   6.88006258               1
   6.89006281               1
   6.90006304               1
   6.91006327               1
   6.92006350               1
   6.93006372               1
   6.94006395               1
   6.95006418               1
   6.96006441               1
   6.97006464               1
   6.98006487               1
   6.99006510               1
   7.00006533               1
   7.01006556               1
   7.02006578               1
   7.03006601               1
   7.04006624               1
   7.05006647               1
   7.06006670               1
   7.07006693               1
   7.08006716               1
   7.09006739               1
   7.10006762               1
   7.11006784               1
   7.12006807               1
   7.13006830               1
   7.14006853               1
   7.15006876               1
   7.16006899               1
   7.17006922               1
   7.18006945               1
   7.19006968               1
   7.20006990               1
   7.21007013               1
   7.22007036               1
   7.23007059               1
   7.24007082               1
   7.25007105               1
   7.26007128               1
   7.27007151               1
   7.28007174               1
   7.29007196               1
   7.30007219               1
   7.31007242               1
   7.32007265               1
   7.33007288               1
   7.34007311               1
   7.35007334               1
   7.36007357               1
   7.37007380               1
   7.38007402               1
   7.39007425               1
   7.40007448               1
   7.41007471               1
   7.42007494               1
   7.43007517               1
   7.44007540               1
   7.45007563               1
   7.46007586               1
   7.47007608               1
   7.48007631               1
   7.49007654               1
   7.50007677               1
   7.51007700               1
   7.52007723               1
   7.53007746               1
   7.54007769               1
   7.55007792               1
   7.56007814               1
   7.57007837               1
   7.58007860               1
   7.59007883               1
   7.60007906               1
   7.61007929               1
   7.62007952               1
   7.63007975               1
   7.64007998               1
   7.65008020               1
   7.66008043               1
   7.67008066               1
   7.68008089               1
   7.69008112               1
   7.70008135               1
   7.71008158               1
   7.72008181               1
   7.73008204               1
   7.74008226               1
   7.75008249               1
   7.76008272               1
   7.77008295               1
   7.78008318               1
   7.79008341               1
   7.80008364               1
   7.81008387               1
   7.82008410               1
   7.83008432               1
   7.84008455               1
   7.85008478               1
   7.86008501               1
   7.87008524               1
   7.88008547               1
   7.89008570               1
   7.90008593               1
   7.91008615               1
   7.92008638               1
   7.93008661               1
   7.94008684               1
   7.95008707               1
   7.96008730               1
   7.97008753               1
   7.98008776               1
   7.99008799               1
   8.00008774               1
