   0.00000000             994
   9.99999978E-03         980
   1.99999996E-02         970
   2.99999993E-02         963
   3.99999991E-02         947
   4.99999970E-02         939
   5.99999949E-02         931
   6.99999928E-02         922
   7.99999908E-02         914
   8.99999887E-02         907
   9.99999866E-02         901
  0.109999985             894
  0.119999982             881
  0.129999980             877
  0.139999986             869
  0.149999991             849
  0.159999996             843
  0.170000002             834
  0.180000007             827
  0.190000013             821
  0.200000018             812
  0.210000023             804
  0.220000029             793
  0.230000034             780
  0.240000039             773
  0.250000030             765
  0.260000020             757
  0.270000011             749
  0.280000001             744
  0.289999992             730
  0.299999982             723
  0.309999973             714
  0.319999963             705
  0.329999954             699
  0.339999944             693
  0.349999934             688
  0.359999925             683
  0.369999915             678
  0.379999906             672
  0.389999896             663
  0.399999887             656
  0.409999877             651
  0.419999868             645
  0.429999858             636
  0.439999849             628
  0.449999839             620
  0.459999830             616
  0.469999820             610
  0.479999810             604
  0.489999801             597
  0.499999791             594
  0.509999812             591
  0.519999802             587
  0.529999793             583
  0.539999783             577
  0.549999774             565
  0.559999764             564
  0.569999754             558
  0.579999745             552
  0.589999735             547
  0.599999726             541
  0.609999716             537
  0.619999707             534
  0.629999697             527
  0.639999688             520
  0.649999678             515
  0.659999669             512
  0.669999659             509
  0.679999650             505
  0.689999640             503
  0.699999630             501
  0.709999621             495
  0.719999611             488
  0.729999602             480
  0.739999592             473
  0.749999583             470
  0.759999573             465
  0.769999564             461
  0.779999554             455
  0.789999545             451
  0.799999535             446
  0.809999526             442
  0.819999516             434
  0.829999506             430
  0.839999497             423
  0.849999487             419
  0.859999478             417
  0.869999468             412
  0.879999459             408
  0.889999449             405
  0.899999440             403
  0.909999430             397
  0.919999421             393
  0.929999411             392
  0.939999402             388
  0.949999392             385
  0.959999382             382
  0.969999373             377
  0.979999363             374
  0.989999354             372
  0.999999344             368
   1.00999939             366
   1.01999938             363
   1.02999938             358
   1.03999937             357
   1.04999936             354
   1.05999935             350
   1.06999934             346
   1.07999933             340
   1.08999932             339
   1.09999931             336
   1.10999930             331
   1.11999929             327
   1.12999928             324
   1.13999927             322
   1.14999926             317
   1.15999925             312
   1.16999924             306
   1.17999923             304
   1.18999922             299
   1.19999921             298
   1.20999920             297
   1.21999919             296
   1.22999918             292
   1.23999918             290
   1.24999917             286
   1.25999916             283
   1.26999915             280
   1.27999914             276
   1.28999913             273
   1.29999912             268
   1.30999911             265
   1.31999910             264
   1.32999909             259
   1.33999908             257
   1.34999907             256
   1.35999906             255
   1.36999905             250
   1.37999904             248
   1.38999903             245
   1.39999902             244
   1.40999901             242
   1.41999900             239
   1.42999899             237
   1.43999898             234
   1.44999897             231
   1.45999897             227
   1.46999896             226
   1.47999895             224
   1.48999894             222
   1.49999893             221
   1.50999892             220
   1.51999891             218
   1.52999890             216
   1.53999889             215
   1.54999888             214
   1.55999887             213
   1.56999886             211
   1.57999885             210
   1.58999884             210
   1.59999883             209
   1.60999882             207
   1.61999881             204
   1.62999880             204
   1.63999879             202
   1.64999878             201
   1.65999877             200
   1.66999876             200
   1.67999876             196
   1.68999875             195
   1.69999874             192
   1.70999873             187
   1.71999872             185
   1.72999871             183
   1.73999870             183
   1.74999869             183
   1.75999868             181
   1.76999867             178
   1.77999866             176
   1.78999865             172
   1.79999864             168
   1.80999863             166
   1.81999862             164
   1.82999861             160
   1.83999860             158
   1.84999859             156
   1.85999858             156
   1.86999857             155
   1.87999856             154
   1.88999856             152
   1.89999855             152
   1.90999854             151
   1.91999853             151
   1.92999852             150
   1.93999851             149
   1.94999850             148
   1.95999849             146
   1.96999848             144
   1.97999847             143
   1.98999846             143
   1.99999845             141
   2.00999856             139
   2.01999855             137
   2.02999854             136
   2.03999853             133
   2.04999852             131
   2.05999851             130
   2.06999850             129
   2.07999849             128
   2.08999848             128
   2.09999847             126
   2.10999846             123
   2.11999846             122
   2.12999845             122
   2.13999844             118
   2.14999843             116
   2.15999842             114
   2.16999841             113
   2.17999840             113
   2.18999839             112
   2.19999838             110
   2.20999837             110
   2.21999836             110
   2.22999835             108
   2.23999834             107
   2.24999833             107
   2.25999832             107
   2.26999831             105
   2.27999830             104
   2.28999829             102
   2.29999828             100
   2.30999827             100
   2.31999826              96
   2.32999825              96
   2.33999825              94
   2.34999824              94
   2.35999823              93
   2.36999822              92
   2.37999821              91
   2.38999820              91
   2.39999819              91
   2.40999818              90
   2.41999817              87
   2.42999816              85
   2.43999815              84
   2.44999814              83
   2.45999813              83
   2.46999812              82
   2.47999811              80
   2.48999810              80
   2.49999809              80
   2.50999808              80
   2.51999807              79
   2.52999806              78
   2.53999805              76
   2.54999804              75
   2.55999804              75
   2.56999803              73
   2.57999802              72
   2.58999801              71
   2.59999800              71
   2.60999799              68
   2.61999798              68
   2.62999797              67
   2.63999796              67
   2.64999795              66
   2.65999794              65
   2.66999793              65
   2.67999792              65
   2.68999791              64
   2.69999790              64
   2.70999789              64
   2.71999788              64
   2.72999787              64
   2.73999786              64
   2.74999785              63
   2.75999784              63
   2.76999784              63
   2.77999783              63
   2.78999782              63
   2.79999781              63
   2.80999780              62
   2.81999779              61
   2.82999778              61
   2.83999777              60
   2.84999776              60
   2.85999775              60
   2.86999774              60
   2.87999773              59
   2.88999772              57
   2.89999771              55
   2.90999770              54
   2.91999769              54
   2.92999768              54
   2.93999767              54
   2.94999766              54
   2.95999765              54
   2.96999764              53
   2.97999763              53
   2.98999763              53
   2.99999762              52
   3.00999761              52
   3.01999760              49
   3.02999759              47
   3.03999758              47
   3.04999757              46
   3.05999756              46
   3.06999755              45
   3.07999754              44
   3.08999753              43
   3.09999752              43
   3.10999751              43
   3.11999750              42
   3.12999749              42
   3.13999748              41
   3.14999747              41
   3.15999746              41
   3.16999745              40
   3.17999744              40
   3.18999743              40
   3.19999743              40
   3.20999742              39
   3.21999741              39
   3.22999740              39
   3.23999739              39
   3.24999738              39
   3.25999737              39
   3.26999736              39
   3.27999735              39
   3.28999734              37
   3.29999733              36
   3.30999732              36
   3.31999731              36
   3.32999730              36
   3.33999729              36
   3.34999728              35
   3.35999727              35
   3.36999726              35
   3.37999725              35
   3.38999724              34
   3.39999723              34
   3.40999722              34
   3.41999722              34
   3.42999721              34
   3.43999720              34
   3.44999719              31
   3.45999718              31
   3.46999717              31
   3.47999716              30
   3.48999715              30
   3.49999714              29
   3.50999713              29
   3.51999712              29
   3.52999711              29
   3.53999710              28
   3.54999709              28
   3.55999708              28
   3.56999707              28
   3.57999706              28
   3.58999705              28
   3.59999704              27
   3.60999703              27
   3.61999702              27
   3.62999701              27
   3.63999701              27
   3.64999700              27
   3.65999699              27
   3.66999698              27
   3.67999697              27
   3.68999696              27
   3.69999695              26
   3.70999694              26
   3.71999693              25
   3.72999692              25
   3.73999691              24
   3.74999690              24
   3.75999689              24
   3.76999688              24
   3.77999687              24
   3.78999686              24
   3.79999685              24
   3.80999684              24
   3.81999683              24
   3.82999682              24
   3.83999681              24
   3.84999681              24
   3.85999680              24
   3.86999679              24
   3.87999678              24
   3.88999677              23
   3.89999676              23
   3.90999675              23
   3.91999674              23
   3.92999673              23
   3.93999672              23
   3.94999671              23
   3.95999670              23
   3.96999669              23
   3.97999668              22
   3.98999667              21
   3.99999666              20
   4.00999689              20
   4.01999712              18
   4.02999735              18
   4.03999758              18
   4.04999781              18
   4.05999804              18
   4.06999826              18
   4.07999849              18
   4.08999872              18
   4.09999895              17
   4.10999918              17
   4.11999941              16
   4.12999964              16
   4.13999987              15
   4.15000010              15
   4.16000032              14
   4.17000055              14
   4.18000078              14
   4.19000101              14
   4.20000124              14
   4.21000147              14
   4.22000170              14
   4.23000193              14
   4.24000216              14
   4.25000238              14
   4.26000261              14
   4.27000284              14
   4.28000307              14
   4.29000330              13
   4.30000353              13
   4.31000376              13
   4.32000399              13
   4.33000422              13
   4.34000444              13
   4.35000467              13
   4.36000490              13
   4.37000513              13
   4.38000536              13
   4.39000559              13
   4.40000582              13
   4.41000605              13
   4.42000628              13
   4.43000650              13
   4.44000673              12
   4.45000696              12
   4.46000719              11
   4.47000742              11
   4.48000765              11
   4.49000788              11
   4.50000811              11
   4.51000834              11
   4.52000856              11
   4.53000879              11
   4.54000902              11
   4.55000925              11
   4.56000948              10
   4.57000971              10
   4.58000994              10
   4.59001017              10
   4.60001040              10
   4.61001062              10
   4.62001085              10
   4.63001108              10
   4.64001131              10
   4.65001154              10
   4.66001177              10
   4.67001200              10
   4.68001223              10
   4.69001245              10
   4.70001268              10
   4.71001291              10
   4.72001314              10
   4.73001337              10
   4.74001360              10
   4.75001383              10
   4.76001406              10
   4.77001429              10
   4.78001451              10
   4.79001474              10
   4.80001497              10
   4.81001520              10
   4.82001543              10
   4.83001566              10
   4.84001589              10
   4.85001612              10
   4.86001635              10
   4.87001657              10
   4.88001680              10
   4.89001703              10
   4.90001726              10
   4.91001749              10
   4.92001772              10
   4.93001795              10
   4.94001818              10
   4.95001841              10
   4.96001863              10
   4.97001886              10
   4.98001909              10
   4.99001932              10
   5.00001955               9
   5.01001978               9
   5.02002001               9
   5.03002024               9
   5.04002047               9
   5.05002069               9
   5.06002092               9
   5.07002115               9
   5.08002138               9
   5.09002161               9
   5.10002184               9
   5.11002207               9
   5.12002230               9
   5.13002253               9
   5.14002275               9
   5.15002298               9
   5.16002321               9
   5.17002344               9
   5.18002367               9
   5.19002390               9
   5.20002413               9
   5.21002436               9
   5.22002459               9
   5.23002481               9
   5.24002504               9
   5.25002527               9
   5.26002550               9
   5.27002573               9
   5.28002596               9
   5.29002619               9
   5.30002642               9
   5.31002665               9
   5.32002687               9
   5.33002710               9
   5.34002733               8
   5.35002756               8
   5.36002779               8
   5.37002802               8
   5.38002825               8
   5.39002848               8
   5.40002871               8
   5.41002893               8
   5.42002916               8
   5.43002939               8
   5.44002962               8
   5.45002985               8
   5.46003008               8
   5.47003031               8
   5.48003054               8
   5.49003077               8
   5.50003099               7
   5.51003122               6
   5.52003145               6
   5.53003168               6
   5.54003191               6
   5.55003214               6
   5.56003237               6
   5.57003260               5
   5.58003283               5
   5.59003305               4
   5.60003328               4
   5.61003351               4
   5.62003374               4
   5.63003397               4
   5.64003420               4
   5.65003443               4
   5.66003466               4
   5.67003489               4
   5.68003511               4
   5.69003534               4
   5.70003557               4
   5.71003580               4
   5.72003603               4
   5.73003626               4
   5.74003649               4
   5.75003672               4
   5.76003695               4
   5.77003717               4
   5.78003740               4
   5.79003763               3
   5.80003786               3
   5.81003809               3
   5.82003832               3
   5.83003855               3
   5.84003878               3
   5.85003901               3
   5.86003923               3
   5.87003946               3
   5.88003969               3
   5.89003992               3
   5.90004015               3
   5.91004038               3
   5.92004061               3
   5.93004084               3
   5.94004107               3
   5.95004129               3
   5.96004152               3
   5.97004175               3
   5.98004198               3
   5.99004221               3
   6.00004244               3
   6.01004267               3
   6.02004290               3
   6.03004313               3
   6.04004335               3
   6.05004358               3
   6.06004381               3
   6.07004404               3
   6.08004427               3
   6.09004450               3
   6.10004473               3
   6.11004496               3
   6.12004519               3
   6.13004541               3
   6.14004564               3
   6.15004587               2
   6.16004610               2
   6.17004633               2
   6.18004656               2
   6.19004679               2
   6.20004702               2
   6.21004725               2
   6.22004747               2
   6.23004770               2
   6.24004793               2
   6.25004816               2
   6.26004839               2
   6.27004862               2
   6.28004885               2
   6.29004908               2
   6.30004930               2
   6.31004953               2
   6.32004976               2
   6.33004999               2
   6.34005022               2
   6.35005045               2
   6.36005068               2
   6.37005091               2
   6.38005114               2
   6.39005136               2
   6.40005159               2
   6.41005182               2
   6.42005205               2
   6.43005228               2
   6.44005251               2
   6.45005274               2
   6.46005297               2
   6.47005320               2
   6.48005342               2
   6.49005365               2
   6.50005388               2
   6.51005411               2
   6.52005434               2
   6.53005457               2
   6.54005480               2
   6.55005503               2
   6.56005526               2
   6.57005548               2
   6.58005571               2
   6.59005594               2
   6.60005617               2
   6.61005640               2
   6.62005663               2
   6.63005686               2
   6.64005709               2
   6.65005732               2
   6.66005754               2
   6.67005777               2
   6.68005800               2
   6.69005823               2
   6.70005846               2
   6.71005869               2
   6.72005892               2
   6.73005915               2
   6.74005938               2
   6.75005960               2
   6.76005983               2
   6.77006006               2
   6.78006029               2
   6.79006052               2
   6.80006075               2
   6.81006098               2
   6.82006121               2
   6.83006144               2
   6.84006166               2
   6.85006189               2
   6.86006212               1
   6.87006235               1
   6.88006258               1
   6.89006281               1
   6.90006304               1
   6.91006327               1
   6.92006350               1
   6.93006372               1
   6.94006395               1
   6.95006418               1
   6.96006441               1
   6.97006464               1
   6.98006487               1
   6.99006510               1
   7.00006533               1
   7.01006556               1
   7.02006578               1
   7.03006601               1
   7.04006624               1
   7.05006647               1
   7.06006670               1
   7.07006693               1
   7.08006716               1
   7.09006739               1
   7.10006762               1
   7.11006784               1
   7.12006807               1
   7.13006830               1
   7.14006853               1
   7.15006876               1
   7.16006899               1
   7.17006922               1
   7.18006945               1
   7.19006968               1
   7.20006990               1
   7.21007013               1
   7.22007036               1
   7.23007059               1
   7.24007082               1
   7.25007105               1
   7.26007128               1
   7.27007151               1
   7.28007174               1
   7.29007196               1
   7.30007219               1
   7.31007242               1
   7.32007265               1
   7.33007288               1
   7.34007311               1
   7.35007334               1
   7.36007357               1
   7.37007380               1
   7.38007402               1
   7.39007425               1
   7.40007448               1
   7.41007471               1
   7.42007494               1
   7.43007517               1
   7.44007540               1
   7.45007563               1
   7.46007586               1
   7.47007608               1
   7.48007631               1
   7.49007654               1
   7.50007677               1
   7.51007700               1
   7.52007723               1
   7.53007746               1
   7.54007769               1
   7.55007792               1
   7.56007814               1
   7.57007837               1
   7.58007860               1
   7.59007883               1
   7.60007906               1
   7.61007929               1
   7.62007952               1
   7.63007975               1
   7.64007998               1
   7.65008020               1
   7.66008043               1
   7.67008066               1
   7.68008089               1
   7.69008112               1
   7.70008135               1
   7.71008158               1
   7.72008181               1
   7.73008204               1
   7.74008226               1
   7.75008249               1
   7.76008272               1
   7.77008295               1
   7.78008318               1
   7.79008341               1
   7.80008364               1
   7.81008387               1
   7.82008410               1
   7.83008432               1
   7.84008455               1
   7.85008478               1
   7.86008501               1
   7.87008524               1
   7.88008547               1
   7.89008570               1
   7.90008593               1
   7.91008615               1
   7.92008638               1
   7.93008661               1
   7.94008684               1
   7.95008707               1
   7.96008730               1
   7.97008753               1
   7.98008776               1
   7.99008799               1
   8.00008774               1
