   0.00000000             987
   9.99999978E-03         981
   1.99999996E-02         976
   2.99999993E-02         969
   3.99999991E-02         962
   4.99999970E-02         949
   5.99999949E-02         939
   6.99999928E-02         927
   7.99999908E-02         917
   8.99999887E-02         911
   9.99999866E-02         903
  0.109999985             888
  0.119999982             877
  0.129999980             871
  0.139999986             861
  0.149999991             856
  0.159999996             850
  0.170000002             841
  0.180000007             831
  0.190000013             825
  0.200000018             815
  0.210000023             808
  0.220000029             802
  0.230000034             794
  0.240000039             788
  0.250000030             782
  0.260000020             765
  0.270000011             760
  0.280000001             754
  0.289999992             747
  0.299999982             739
  0.309999973             730
  0.319999963             722
  0.329999954             713
  0.339999944             705
  0.349999934             698
  0.359999925             693
  0.369999915             682
  0.379999906             681
  0.389999896             678
  0.399999887             674
  0.409999877             671
  0.419999868             667
  0.429999858             663
  0.439999849             654
  0.449999839             647
  0.459999830             640
  0.469999820             632
  0.479999810             624
  0.489999801             618
  0.499999791             611
  0.509999812             606
  0.519999802             597
  0.529999793             590
  0.539999783             584
  0.549999774             582
  0.559999764             572
  0.569999754             568
  0.579999745             559
  0.589999735             552
  0.599999726             544
  0.609999716             542
  0.619999707             538
  0.629999697             531
  0.639999688             525
  0.649999678             519
  0.659999669             517
  0.669999659             514
  0.679999650             510
  0.689999640             506
  0.699999630             499
  0.709999621             497
  0.719999611             491
  0.729999602             487
  0.739999592             485
  0.749999583             474
  0.759999573             469
  0.769999564             465
  0.779999554             459
  0.789999545             459
  0.799999535             454
  0.809999526             450
  0.819999516             444
  0.829999506             439
  0.839999497             433
  0.849999487             425
  0.859999478             424
  0.869999468             422
  0.879999459             418
  0.889999449             416
  0.899999440             415
  0.909999430             411
  0.919999421             404
  0.929999411             402
  0.939999402             398
  0.949999392             394
  0.959999382             393
  0.969999373             389
  0.979999363             386
  0.989999354             385
  0.999999344             382
   1.00999939             378
   1.01999938             376
   1.02999938             370
   1.03999937             368
   1.04999936             363
   1.05999935             361
   1.06999934             358
   1.07999933             356
   1.08999932             356
   1.09999931             354
   1.10999930             352
   1.11999929             349
   1.12999928             349
   1.13999927             346
   1.14999926             342
   1.15999925             340
   1.16999924             338
   1.17999923             336
   1.18999922             331
   1.19999921             328
   1.20999920             326
   1.21999919             326
   1.22999918             323
   1.23999918             319
   1.24999917             315
   1.25999916             310
   1.26999915             306
   1.27999914             301
   1.28999913             296
   1.29999912             294
   1.30999911             293
   1.31999910             291
   1.32999909             290
   1.33999908             287
   1.34999907             284
   1.35999906             284
   1.36999905             283
   1.37999904             282
   1.38999903             277
   1.39999902             277
   1.40999901             275
   1.41999900             274
   1.42999899             271
   1.43999898             268
   1.44999897             265
   1.45999897             263
   1.46999896             260
   1.47999895             258
   1.48999894             254
   1.49999893             251
   1.50999892             247
   1.51999891             242
   1.52999890             240
   1.53999889             234
   1.54999888             232
   1.55999887             230
   1.56999886             228
   1.57999885             224
   1.58999884             223
   1.59999883             222
   1.60999882             221
   1.61999881             219
   1.62999880             217
   1.63999879             215
   1.64999878             215
   1.65999877             214
   1.66999876             214
   1.67999876             212
   1.68999875             210
   1.69999874             208
   1.70999873             206
   1.71999872             204
   1.72999871             203
   1.73999870             202
   1.74999869             200
   1.75999868             197
   1.76999867             197
   1.77999866             193
   1.78999865             190
   1.79999864             188
   1.80999863             188
   1.81999862             187
   1.82999861             185
   1.83999860             185
   1.84999859             185
   1.85999858             182
   1.86999857             177
   1.87999856             175
   1.88999856             173
   1.89999855             173
   1.90999854             172
   1.91999853             167
   1.92999852             166
   1.93999851             164
   1.94999850             163
   1.95999849             163
   1.96999848             162
   1.97999847             160
   1.98999846             160
   1.99999845             160
   2.00999856             159
   2.01999855             158
   2.02999854             154
   2.03999853             152
   2.04999852             152
   2.05999851             150
   2.06999850             148
   2.07999849             146
   2.08999848             146
   2.09999847             145
   2.10999846             145
   2.11999846             145
   2.12999845             141
   2.13999844             140
   2.14999843             137
   2.15999842             135
   2.16999841             133
   2.17999840             131
   2.18999839             128
   2.19999838             127
   2.20999837             127
   2.21999836             126
   2.22999835             126
   2.23999834             126
   2.24999833             124
   2.25999832             124
   2.26999831             123
   2.27999830             121
   2.28999829             120
   2.29999828             116
   2.30999827             115
   2.31999826             113
   2.32999825             112
   2.33999825             112
   2.34999824             112
   2.35999823             112
   2.36999822             112
   2.37999821             110
   2.38999820             108
   2.39999819             105
   2.40999818             105
   2.41999817             104
   2.42999816             103
   2.43999815             102
   2.44999814             100
   2.45999813              99
   2.46999812              99
   2.47999811              99
   2.48999810              98
   2.49999809              96
   2.50999808              95
   2.51999807              95
   2.52999806              95
   2.53999805              95
   2.54999804              92
   2.55999804              92
   2.56999803              91
   2.57999802              90
   2.58999801              88
   2.59999800              88
   2.60999799              88
   2.61999798              88
   2.62999797              87
   2.63999796              87
   2.64999795              85
   2.65999794              85
   2.66999793              84
   2.67999792              82
   2.68999791              82
   2.69999790              81
   2.70999789              81
   2.71999788              81
   2.72999787              81
   2.73999786              79
   2.74999785              79
   2.75999784              79
   2.76999784              79
   2.77999783              78
   2.78999782              75
   2.79999781              74
   2.80999780              74
   2.81999779              72
   2.82999778              69
   2.83999777              69
   2.84999776              69
   2.85999775              69
   2.86999774              69
   2.87999773              65
   2.88999772              64
   2.89999771              64
   2.90999770              63
   2.91999769              63
   2.92999768              62
   2.93999767              62
   2.94999766              62
   2.95999765              60
   2.96999764              59
   2.97999763              59
   2.98999763              59
   2.99999762              57
   3.00999761              56
   3.01999760              56
   3.02999759              55
   3.03999758              55
   3.04999757              55
   3.05999756              55
   3.06999755              54
   3.07999754              53
   3.08999753              52
   3.09999752              51
   3.10999751              51
   3.11999750              51
   3.12999749              51
   3.13999748              50
   3.14999747              50
   3.15999746              49
   3.16999745              48
   3.17999744              48
   3.18999743              48
   3.19999743              47
   3.20999742              47
   3.21999741              47
   3.22999740              47
   3.23999739              47
   3.24999738              47
   3.25999737              47
   3.26999736              47
   3.27999735              46
   3.28999734              44
   3.29999733              44
   3.30999732              44
   3.31999731              42
   3.32999730              42
   3.33999729              41
   3.34999728              41
   3.35999727              40
   3.36999726              40
   3.37999725              39
   3.38999724              37
   3.39999723              37
   3.40999722              37
   3.41999722              37
   3.42999721              37
   3.43999720              37
   3.44999719              37
   3.45999718              37
   3.46999717              36
   3.47999716              36
   3.48999715              36
   3.49999714              36
   3.50999713              36
   3.51999712              36
   3.52999711              36
   3.53999710              34
   3.54999709              34
   3.55999708              34
   3.56999707              33
   3.57999706              33
   3.58999705              33
   3.59999704              33
   3.60999703              33
   3.61999702              32
   3.62999701              30
   3.63999701              30
   3.64999700              27
   3.65999699              27
   3.66999698              27
   3.67999697              26
   3.68999696              26
   3.69999695              25
   3.70999694              25
   3.71999693              25
   3.72999692              25
   3.73999691              25
   3.74999690              25
   3.75999689              25
   3.76999688              25
   3.77999687              25
   3.78999686              25
   3.79999685              25
   3.80999684              25
   3.81999683              25
   3.82999682              25
   3.83999681              25
   3.84999681              25
   3.85999680              24
   3.86999679              23
   3.87999678              23
   3.88999677              22
   3.89999676              21
   3.90999675              21
   3.91999674              21
   3.92999673              21
   3.93999672              21
   3.94999671              21
   3.95999670              21
   3.96999669              21
   3.97999668              21
   3.98999667              21
   3.99999666              20
   4.00999689              20
   4.01999712              19
   4.02999735              19
   4.03999758              17
   4.04999781              15
   4.05999804              15
   4.06999826              15
   4.07999849              15
   4.08999872              15
   4.09999895              15
   4.10999918              15
   4.11999941              14
   4.12999964              14
   4.13999987              14
   4.15000010              14
   4.16000032              14
   4.17000055              13
   4.18000078              12
   4.19000101              12
   4.20000124              12
   4.21000147              12
   4.22000170              12
   4.23000193              12
   4.24000216              12
   4.25000238              12
   4.26000261              12
   4.27000284              12
   4.28000307              12
   4.29000330              12
   4.30000353              12
   4.31000376              11
   4.32000399              11
   4.33000422              11
   4.34000444              11
   4.35000467              11
   4.36000490              11
   4.37000513              11
   4.38000536              11
   4.39000559              11
   4.40000582              11
   4.41000605              11
   4.42000628              11
   4.43000650              10
   4.44000673              10
   4.45000696              10
   4.46000719              10
   4.47000742              10
   4.48000765              10
   4.49000788              10
   4.50000811              10
   4.51000834              10
   4.52000856              10
   4.53000879              10
   4.54000902              10
   4.55000925              10
   4.56000948              10
   4.57000971              10
   4.58000994               9
   4.59001017               9
   4.60001040               8
   4.61001062               8
   4.62001085               8
   4.63001108               8
   4.64001131               8
   4.65001154               8
   4.66001177               8
   4.67001200               8
   4.68001223               7
   4.69001245               7
   4.70001268               7
   4.71001291               7
   4.72001314               7
   4.73001337               7
   4.74001360               7
   4.75001383               7
   4.76001406               6
   4.77001429               6
   4.78001451               6
   4.79001474               6
   4.80001497               6
   4.81001520               6
   4.82001543               6
   4.83001566               6
   4.84001589               6
   4.85001612               6
   4.86001635               6
   4.87001657               6
   4.88001680               6
   4.89001703               6
   4.90001726               6
   4.91001749               6
   4.92001772               6
   4.93001795               6
   4.94001818               6
   4.95001841               6
   4.96001863               5
   4.97001886               5
   4.98001909               5
   4.99001932               5
   5.00001955               5
   5.01001978               5
   5.02002001               5
   5.03002024               5
   5.04002047               5
   5.05002069               5
   5.06002092               5
   5.07002115               5
   5.08002138               5
   5.09002161               5
   5.10002184               5
   5.11002207               5
   5.12002230               5
   5.13002253               5
   5.14002275               5
   5.15002298               5
   5.16002321               5
   5.17002344               5
   5.18002367               5
   5.19002390               5
   5.20002413               5
   5.21002436               5
   5.22002459               5
   5.23002481               5
   5.24002504               5
   5.25002527               5
   5.26002550               5
   5.27002573               5
   5.28002596               5
   5.29002619               5
   5.30002642               5
   5.31002665               5
   5.32002687               5
   5.33002710               5
   5.34002733               4
   5.35002756               4
   5.36002779               4
   5.37002802               4
   5.38002825               4
   5.39002848               4
   5.40002871               4
   5.41002893               4
   5.42002916               4
   5.43002939               4
   5.44002962               4
   5.45002985               4
   5.46003008               4
   5.47003031               4
   5.48003054               4
   5.49003077               4
   5.50003099               4
   5.51003122               4
   5.52003145               4
   5.53003168               4
   5.54003191               4
   5.55003214               4
   5.56003237               4
   5.57003260               4
   5.58003283               4
   5.59003305               4
   5.60003328               4
   5.61003351               4
   5.62003374               4
   5.63003397               4
   5.64003420               4
   5.65003443               4
   5.66003466               4
   5.67003489               3
   5.68003511               3
   5.69003534               3
   5.70003557               3
   5.71003580               3
   5.72003603               3
   5.73003626               3
   5.74003649               3
   5.75003672               3
   5.76003695               3
   5.77003717               3
   5.78003740               3
   5.79003763               3
   5.80003786               3
   5.81003809               3
   5.82003832               3
   5.83003855               3
   5.84003878               3
   5.85003901               3
   5.86003923               3
   5.87003946               3
   5.88003969               3
   5.89003992               3
   5.90004015               3
   5.91004038               3
   5.92004061               3
   5.93004084               3
   5.94004107               3
   5.95004129               3
   5.96004152               3
   5.97004175               3
   5.98004198               3
   5.99004221               3
   6.00004244               3
   6.01004267               3
   6.02004290               3
   6.03004313               3
   6.04004335               3
   6.05004358               3
   6.06004381               3
   6.07004404               3
   6.08004427               3
   6.09004450               3
   6.10004473               3
   6.11004496               3
   6.12004519               3
   6.13004541               3
   6.14004564               3
   6.15004587               3
   6.16004610               3
   6.17004633               3
   6.18004656               3
   6.19004679               3
   6.20004702               3
   6.21004725               3
   6.22004747               3
   6.23004770               3
   6.24004793               3
   6.25004816               3
   6.26004839               3
   6.27004862               3
   6.28004885               3
   6.29004908               3
   6.30004930               3
   6.31004953               3
   6.32004976               3
   6.33004999               3
   6.34005022               3
   6.35005045               3
   6.36005068               3
   6.37005091               3
   6.38005114               3
   6.39005136               3
   6.40005159               3
   6.41005182               3
   6.42005205               3
   6.43005228               3
   6.44005251               3
   6.45005274               3
   6.46005297               3
   6.47005320               3
   6.48005342               3
   6.49005365               3
   6.50005388               3
   6.51005411               3
   6.52005434               3
   6.53005457               3
   6.54005480               3
   6.55005503               2
   6.56005526               2
   6.57005548               2
   6.58005571               2
   6.59005594               2
   6.60005617               2
   6.61005640               2
   6.62005663               2
   6.63005686               2
   6.64005709               2
   6.65005732               2
   6.66005754               2
   6.67005777               2
   6.68005800               2
   6.69005823               2
   6.70005846               1
   6.71005869               1
   6.72005892               1
   6.73005915               1
   6.74005938               1
   6.75005960               1
   6.76005983               1
   6.77006006               1
   6.78006029               1
   6.79006052               1
   6.80006075               1
   6.81006098               1
   6.82006121               1
   6.83006144               1
   6.84006166               1
   6.85006189               1
   6.86006212               1
   6.87006235               1
   6.88006258               1
   6.89006281               1
   6.90006304               1
   6.91006327               1
   6.92006350               1
   6.93006372               1
   6.94006395               1
   6.95006418               1
   6.96006441               1
   6.97006464               1
   6.98006487               1
   6.99006510               1
   7.00006533               1
   7.01006556               1
   7.02006578               1
   7.03006601               1
   7.04006624               1
   7.05006647               1
   7.06006670               1
   7.07006693               1
   7.08006716               1
   7.09006739               1
   7.10006762               1
   7.11006784               1
   7.12006807               1
   7.13006830               1
   7.14006853               1
   7.15006876               1
   7.16006899               1
   7.17006922               1
   7.18006945               1
   7.19006968               1
   7.20006990               1
   7.21007013               1
   7.22007036               1
   7.23007059               1
   7.24007082               1
   7.25007105               1
   7.26007128               1
   7.27007151               1
   7.28007174               1
   7.29007196               1
   7.30007219               1
   7.31007242               1
   7.32007265               1
   7.33007288               1
   7.34007311               1
   7.35007334               1
   7.36007357               1
   7.37007380               1
   7.38007402               1
   7.39007425               1
   7.40007448               1
   7.41007471               1
   7.42007494               1
   7.43007517               1
   7.44007540               1
   7.45007563               1
   7.46007586               1
   7.47007608               1
   7.48007631               1
   7.49007654               1
   7.50007677               1
   7.51007700               1
   7.52007723               1
   7.53007746               1
   7.54007769               1
   7.55007792               1
   7.56007814               1
   7.57007837               1
   7.58007860               1
   7.59007883               1
   7.60007906               1
   7.61007929               1
   7.62007952               1
   7.63007975               1
   7.64007998               1
   7.65008020               1
   7.66008043               1
   7.67008066               1
   7.68008089               1
   7.69008112               1
   7.70008135               1
   7.71008158               1
   7.72008181               1
   7.73008204               1
   7.74008226               1
   7.75008249               1
   7.76008272               1
   7.77008295               1
   7.78008318               1
   7.79008341               1
   7.80008364               1
   7.81008387               1
   7.82008410               1
   7.83008432               1
   7.84008455               1
   7.85008478               1
   7.86008501               1
   7.87008524               1
   7.88008547               1
   7.89008570               1
   7.90008593               1
   7.91008615               1
   7.92008638               1
   7.93008661               1
   7.94008684               1
   7.95008707               1
   7.96008730               1
   7.97008753               1
   7.98008776               1
   7.99008799               1
   8.00008774               1
