   0.00000000             995
   9.99999978E-03         986
   1.99999996E-02         981
   2.99999993E-02         967
   3.99999991E-02         958
   4.99999970E-02         953
   5.99999949E-02         943
   6.99999928E-02         934
   7.99999908E-02         923
   8.99999887E-02         918
   9.99999866E-02         907
  0.109999985             902
  0.119999982             892
  0.129999980             885
  0.139999986             873
  0.149999991             865
  0.159999996             856
  0.170000002             847
  0.180000007             835
  0.190000013             824
  0.200000018             816
  0.210000023             810
  0.220000029             799
  0.230000034             790
  0.240000039             782
  0.250000030             772
  0.260000020             761
  0.270000011             756
  0.280000001             745
  0.289999992             738
  0.299999982             730
  0.309999973             723
  0.319999963             713
  0.329999954             708
  0.339999944             703
  0.349999934             696
  0.359999925             689
  0.369999915             677
  0.379999906             668
  0.389999896             659
  0.399999887             652
  0.409999877             650
  0.419999868             646
  0.429999858             643
  0.439999849             634
  0.449999839             631
  0.459999830             623
  0.469999820             618
  0.479999810             609
  0.489999801             602
  0.499999791             598
  0.509999812             590
  0.519999802             589
  0.529999793             582
  0.539999783             575
  0.549999774             570
  0.559999764             566
  0.569999754             563
  0.579999745             560
  0.589999735             553
  0.599999726             550
  0.609999716             541
  0.619999707             539
  0.629999697             532
  0.639999688             531
  0.649999678             528
  0.659999669             520
  0.669999659             515
  0.679999650             512
  0.689999640             506
  0.699999630             502
  0.709999621             498
  0.719999611             494
  0.729999602             488
  0.739999592             478
  0.749999583             473
  0.759999573             469
  0.769999564             463
  0.779999554             456
  0.789999545             452
  0.799999535             449
  0.809999526             444
  0.819999516             439
  0.829999506             433
  0.839999497             429
  0.849999487             429
  0.859999478             425
  0.869999468             421
  0.879999459             419
  0.889999449             412
  0.899999440             406
  0.909999430             403
  0.919999421             399
  0.929999411             396
  0.939999402             392
  0.949999392             386
  0.959999382             382
  0.969999373             382
  0.979999363             381
  0.989999354             373
  0.999999344             370
   1.00999939             368
   1.01999938             366
   1.02999938             365
   1.03999937             361
   1.04999936             358
   1.05999935             354
   1.06999934             351
   1.07999933             351
   1.08999932             346
   1.09999931             343
   1.10999930             338
   1.11999929             333
   1.12999928             330
   1.13999927             327
   1.14999926             323
   1.15999925             320
   1.16999924             319
   1.17999923             312
   1.18999922             309
   1.19999921             305
   1.20999920             302
   1.21999919             297
   1.22999918             296
   1.23999918             290
   1.24999917             288
   1.25999916             285
   1.26999915             283
   1.27999914             278
   1.28999913             277
   1.29999912             276
   1.30999911             276
   1.31999910             272
   1.32999909             268
   1.33999908             266
   1.34999907             264
   1.35999906             260
   1.36999905             259
   1.37999904             255
   1.38999903             249
   1.39999902             247
   1.40999901             247
   1.41999900             244
   1.42999899             243
   1.43999898             241
   1.44999897             240
   1.45999897             239
   1.46999896             232
   1.47999895             231
   1.48999894             226
   1.49999893             223
   1.50999892             222
   1.51999891             219
   1.52999890             219
   1.53999889             218
   1.54999888             218
   1.55999887             213
   1.56999886             210
   1.57999885             210
   1.58999884             209
   1.59999883             207
   1.60999882             204
   1.61999881             203
   1.62999880             202
   1.63999879             199
   1.64999878             198
   1.65999877             195
   1.66999876             193
   1.67999876             191
   1.68999875             187
   1.69999874             185
   1.70999873             183
   1.71999872             181
   1.72999871             180
   1.73999870             178
   1.74999869             174
   1.75999868             173
   1.76999867             171
   1.77999866             169
   1.78999865             169
   1.79999864             168
   1.80999863             166
   1.81999862             162
   1.82999861             161
   1.83999860             161
   1.84999859             161
   1.85999858             160
   1.86999857             159
   1.87999856             158
   1.88999856             157
   1.89999855             154
   1.90999854             154
   1.91999853             151
   1.92999852             147
   1.93999851             145
   1.94999850             143
   1.95999849             140
   1.96999848             140
   1.97999847             139
   1.98999846             138
   1.99999845             138
   2.00999856             136
   2.01999855             134
   2.02999854             134
   2.03999853             134
   2.04999852             131
   2.05999851             131
   2.06999850             130
   2.07999849             128
   2.08999848             126
   2.09999847             126
   2.10999846             125
   2.11999846             125
   2.12999845             123
   2.13999844             122
   2.14999843             121
   2.15999842             121
   2.16999841             120
   2.17999840             118
   2.18999839             118
   2.19999838             117
   2.20999837             116
   2.21999836             115
   2.22999835             114
   2.23999834             112
   2.24999833             109
   2.25999832             109
   2.26999831             109
   2.27999830             107
   2.28999829             107
   2.29999828             107
   2.30999827             106
   2.31999826             105
   2.32999825             105
   2.33999825             105
   2.34999824             104
   2.35999823             103
   2.36999822             101
   2.37999821             101
   2.38999820             101
   2.39999819             101
   2.40999818             101
   2.41999817             100
   2.42999816              98
   2.43999815              97
   2.44999814              95
   2.45999813              93
   2.46999812              93
   2.47999811              91
   2.48999810              89
   2.49999809              89
   2.50999808              88
   2.51999807              86
   2.52999806              86
   2.53999805              86
   2.54999804              86
   2.55999804              85
   2.56999803              85
   2.57999802              84
   2.58999801              83
   2.59999800              83
   2.60999799              83
   2.61999798              83
   2.62999797              81
   2.63999796              79
   2.64999795              78
   2.65999794              77
   2.66999793              77
   2.67999792              77
   2.68999791              76
   2.69999790              74
   2.70999789              74
   2.71999788              73
   2.72999787              72
   2.73999786              72
   2.74999785              72
   2.75999784              72
   2.76999784              72
   2.77999783              71
   2.78999782              71
   2.79999781              70
   2.80999780              70
   2.81999779              70
   2.82999778              68
   2.83999777              67
   2.84999776              66
   2.85999775              66
   2.86999774              66
   2.87999773              65
   2.88999772              65
   2.89999771              65
   2.90999770              65
   2.91999769              63
   2.92999768              62
   2.93999767              62
   2.94999766              62
   2.95999765              60
   2.96999764              58
   2.97999763              58
   2.98999763              57
   2.99999762              56
   3.00999761              56
   3.01999760              56
   3.02999759              56
   3.03999758              56
   3.04999757              55
   3.05999756              55
   3.06999755              53
   3.07999754              53
   3.08999753              52
   3.09999752              52
   3.10999751              52
   3.11999750              51
   3.12999749              51
   3.13999748              51
   3.14999747              51
   3.15999746              51
   3.16999745              49
   3.17999744              49
   3.18999743              48
   3.19999743              48
   3.20999742              48
   3.21999741              48
   3.22999740              48
   3.23999739              48
   3.24999738              48
   3.25999737              48
   3.26999736              45
   3.27999735              44
   3.28999734              44
   3.29999733              43
   3.30999732              43
   3.31999731              42
   3.32999730              42
   3.33999729              42
   3.34999728              40
   3.35999727              40
   3.36999726              40
   3.37999725              39
   3.38999724              36
   3.39999723              36
   3.40999722              35
   3.41999722              35
   3.42999721              35
   3.43999720              35
   3.44999719              35
   3.45999718              35
   3.46999717              34
   3.47999716              33
   3.48999715              33
   3.49999714              33
   3.50999713              33
   3.51999712              33
   3.52999711              33
   3.53999710              33
   3.54999709              33
   3.55999708              32
   3.56999707              32
   3.57999706              32
   3.58999705              32
   3.59999704              32
   3.60999703              32
   3.61999702              32
   3.62999701              32
   3.63999701              31
   3.64999700              31
   3.65999699              31
   3.66999698              30
   3.67999697              30
   3.68999696              30
   3.69999695              30
   3.70999694              30
   3.71999693              30
   3.72999692              29
   3.73999691              29
   3.74999690              29
   3.75999689              29
   3.76999688              29
   3.77999687              29
   3.78999686              28
   3.79999685              27
   3.80999684              27
   3.81999683              26
   3.82999682              25
   3.83999681              25
   3.84999681              25
   3.85999680              25
   3.86999679              25
   3.87999678              24
   3.88999677              24
   3.89999676              24
   3.90999675              23
   3.91999674              23
   3.92999673              23
   3.93999672              23
   3.94999671              23
   3.95999670              23
   3.96999669              23
   3.97999668              23
   3.98999667              23
   3.99999666              23
   4.00999689              23
   4.01999712              22
   4.02999735              22
   4.03999758              22
   4.04999781              22
   4.05999804              22
   4.06999826              21
   4.07999849              21
   4.08999872              21
   4.09999895              21
   4.10999918              21
   4.11999941              21
   4.12999964              21
   4.13999987              21
   4.15000010              21
   4.16000032              21
   4.17000055              21
   4.18000078              21
   4.19000101              21
   4.20000124              21
   4.21000147              21
   4.22000170              20
   4.23000193              19
   4.24000216              19
   4.25000238              19
   4.26000261              18
   4.27000284              18
   4.28000307              18
   4.29000330              18
   4.30000353              17
   4.31000376              17
   4.32000399              17
   4.33000422              17
   4.34000444              17
   4.35000467              17
   4.36000490              16
   4.37000513              16
   4.38000536              16
   4.39000559              16
   4.40000582              16
   4.41000605              16
   4.42000628              16
   4.43000650              16
   4.44000673              16
   4.45000696              16
   4.46000719              16
   4.47000742              16
   4.48000765              16
   4.49000788              16
   4.50000811              14
   4.51000834              14
   4.52000856              13
   4.53000879              13
   4.54000902              12
   4.55000925              12
   4.56000948              12
   4.57000971              12
   4.58000994              12
   4.59001017              12
   4.60001040              12
   4.61001062              12
   4.62001085              12
   4.63001108              12
   4.64001131              12
   4.65001154              12
   4.66001177              12
   4.67001200              12
   4.68001223              12
   4.69001245              11
   4.70001268              11
   4.71001291              11
   4.72001314              11
   4.73001337              11
   4.74001360              11
   4.75001383              11
   4.76001406              11
   4.77001429              11
   4.78001451              11
   4.79001474              11
   4.80001497              11
   4.81001520              11
   4.82001543              11
   4.83001566              11
   4.84001589              10
   4.85001612              10
   4.86001635              10
   4.87001657              10
   4.88001680              10
   4.89001703              10
   4.90001726              10
   4.91001749              10
   4.92001772              10
   4.93001795              10
   4.94001818              10
   4.95001841              10
   4.96001863              10
   4.97001886              10
   4.98001909              10
   4.99001932              10
   5.00001955              10
   5.01001978              10
   5.02002001              10
   5.03002024              10
   5.04002047              10
   5.05002069              10
   5.06002092              10
   5.07002115              10
   5.08002138              10
   5.09002161              10
   5.10002184              10
   5.11002207              10
   5.12002230              10
   5.13002253              10
   5.14002275              10
   5.15002298              10
   5.16002321              10
   5.17002344              10
   5.18002367               9
   5.19002390               9
   5.20002413               9
   5.21002436               9
   5.22002459               9
   5.23002481               9
   5.24002504               9
   5.25002527               9
   5.26002550               9
   5.27002573               9
   5.28002596               9
   5.29002619               9
   5.30002642               9
   5.31002665               9
   5.32002687               9
   5.33002710               9
   5.34002733               9
   5.35002756               9
   5.36002779               9
   5.37002802               9
   5.38002825               9
   5.39002848               9
   5.40002871               9
   5.41002893               9
   5.42002916               9
   5.43002939               9
   5.44002962               9
   5.45002985               9
   5.46003008               9
   5.47003031               9
   5.48003054               9
   5.49003077               9
   5.50003099               9
   5.51003122               9
   5.52003145               9
   5.53003168               9
   5.54003191               9
   5.55003214               8
   5.56003237               8
   5.57003260               8
   5.58003283               8
   5.59003305               8
   5.60003328               8
   5.61003351               8
   5.62003374               8
   5.63003397               8
   5.64003420               8
   5.65003443               8
   5.66003466               8
   5.67003489               7
   5.68003511               7
   5.69003534               7
   5.70003557               7
   5.71003580               7
   5.72003603               7
   5.73003626               7
   5.74003649               7
   5.75003672               7
   5.76003695               7
   5.77003717               7
   5.78003740               7
   5.79003763               7
   5.80003786               7
   5.81003809               7
   5.82003832               7
   5.83003855               7
   5.84003878               7
   5.85003901               7
   5.86003923               7
   5.87003946               7
   5.88003969               7
   5.89003992               7
   5.90004015               7
   5.91004038               7
   5.92004061               7
   5.93004084               7
   5.94004107               7
   5.95004129               7
   5.96004152               7
   5.97004175               7
   5.98004198               7
   5.99004221               7
   6.00004244               7
   6.01004267               7
   6.02004290               7
   6.03004313               6
   6.04004335               6
   6.05004358               6
   6.06004381               5
   6.07004404               5
   6.08004427               5
   6.09004450               4
   6.10004473               4
   6.11004496               4
   6.12004519               4
   6.13004541               4
   6.14004564               4
   6.15004587               4
   6.16004610               4
   6.17004633               4
   6.18004656               4
   6.19004679               4
   6.20004702               4
   6.21004725               4
   6.22004747               4
   6.23004770               4
   6.24004793               4
   6.25004816               4
   6.26004839               4
   6.27004862               4
   6.28004885               4
   6.29004908               4
   6.30004930               4
   6.31004953               4
   6.32004976               4
   6.33004999               4
   6.34005022               4
   6.35005045               4
   6.36005068               4
   6.37005091               4
   6.38005114               4
   6.39005136               4
   6.40005159               3
   6.41005182               3
   6.42005205               3
   6.43005228               3
   6.44005251               3
   6.45005274               3
   6.46005297               3
   6.47005320               3
   6.48005342               3
   6.49005365               3
   6.50005388               3
   6.51005411               3
   6.52005434               3
   6.53005457               3
   6.54005480               3
   6.55005503               3
   6.56005526               3
   6.57005548               3
   6.58005571               3
   6.59005594               3
   6.60005617               3
   6.61005640               3
   6.62005663               3
   6.63005686               2
   6.64005709               2
   6.65005732               2
   6.66005754               2
   6.67005777               2
   6.68005800               2
   6.69005823               2
   6.70005846               2
   6.71005869               2
   6.72005892               2
   6.73005915               2
   6.74005938               2
   6.75005960               2
   6.76005983               2
   6.77006006               2
   6.78006029               2
   6.79006052               2
   6.80006075               2
   6.81006098               2
   6.82006121               2
   6.83006144               2
   6.84006166               2
   6.85006189               2
   6.86006212               2
   6.87006235               2
   6.88006258               2
   6.89006281               2
   6.90006304               2
   6.91006327               2
   6.92006350               2
   6.93006372               2
   6.94006395               2
   6.95006418               2
   6.96006441               2
   6.97006464               2
   6.98006487               2
   6.99006510               2
   7.00006533               2
   7.01006556               2
   7.02006578               2
   7.03006601               2
   7.04006624               2
   7.05006647               2
   7.06006670               2
   7.07006693               2
   7.08006716               2
   7.09006739               2
   7.10006762               2
   7.11006784               2
   7.12006807               2
   7.13006830               2
   7.14006853               2
   7.15006876               2
   7.16006899               2
   7.17006922               2
   7.18006945               2
   7.19006968               2
   7.20006990               2
   7.21007013               2
   7.22007036               2
   7.23007059               2
   7.24007082               2
   7.25007105               2
   7.26007128               2
   7.27007151               2
   7.28007174               2
   7.29007196               2
   7.30007219               2
   7.31007242               2
   7.32007265               2
   7.33007288               2
   7.34007311               2
   7.35007334               2
   7.36007357               2
   7.37007380               2
   7.38007402               2
   7.39007425               2
   7.40007448               2
   7.41007471               2
   7.42007494               2
   7.43007517               2
   7.44007540               1
   7.45007563               1
   7.46007586               1
   7.47007608               1
   7.48007631               1
   7.49007654               1
   7.50007677               1
   7.51007700               1
   7.52007723               1
   7.53007746               1
   7.54007769               1
   7.55007792               1
   7.56007814               1
   7.57007837               1
   7.58007860               1
   7.59007883               1
   7.60007906               1
   7.61007929               1
   7.62007952               1
   7.63007975               1
   7.64007998               1
   7.65008020               1
   7.66008043               1
   7.67008066               1
   7.68008089               1
   7.69008112               1
   7.70008135               1
   7.71008158               1
   7.72008181               1
   7.73008204               1
   7.74008226               1
   7.75008249               1
   7.76008272               1
   7.77008295               1
   7.78008318               1
   7.79008341               1
   7.80008364               1
   7.81008387               1
   7.82008410               1
   7.83008432               1
   7.84008455               1
   7.85008478               1
   7.86008501               1
   7.87008524               1
   7.88008547               1
   7.89008570               1
   7.90008593               1
   7.91008615               1
   7.92008638               1
   7.93008661               1
   7.94008684               1
   7.95008707               1
   7.96008730               1
   7.97008753               1
   7.98008776               1
   7.99008799               1
   8.00008774               1
