   0.00000000             993
   9.99999978E-03         984
   1.99999996E-02         971
   2.99999993E-02         959
   3.99999991E-02         942
   4.99999970E-02         923
   5.99999949E-02         917
   6.99999928E-02         911
   7.99999908E-02         900
   8.99999887E-02         894
   9.99999866E-02         883
  0.109999985             873
  0.119999982             866
  0.129999980             854
  0.139999986             849
  0.149999991             838
  0.159999996             827
  0.170000002             817
  0.180000007             814
  0.190000013             811
  0.200000018             803
  0.210000023             796
  0.220000029             786
  0.230000034             772
  0.240000039             764
  0.250000030             758
  0.260000020             751
  0.270000011             745
  0.280000001             739
  0.289999992             729
  0.299999982             718
  0.309999973             704
  0.319999963             697
  0.329999954             694
  0.339999944             688
  0.349999934             683
  0.359999925             677
  0.369999915             675
  0.379999906             669
  0.389999896             669
  0.399999887             665
  0.409999877             658
  0.419999868             652
  0.429999858             640
  0.439999849             632
  0.449999839             624
  0.459999830             620
  0.469999820             617
  0.479999810             610
  0.489999801             603
  0.499999791             597
  0.509999812             590
  0.519999802             584
  0.529999793             576
  0.539999783             573
  0.549999774             562
  0.559999764             551
  0.569999754             548
  0.579999745             543
  0.589999735             540
  0.599999726             534
  0.609999716             532
  0.619999707             526
  0.629999697             518
  0.639999688             514
  0.649999678             509
  0.659999669             506
  0.669999659             499
  0.679999650             499
  0.689999640             494
  0.699999630             488
  0.709999621             480
  0.719999611             473
  0.729999602             466
  0.739999592             463
  0.749999583             459
  0.759999573             453
  0.769999564             450
  0.779999554             445
  0.789999545             439
  0.799999535             434
  0.809999526             434
  0.819999516             430
  0.829999506             423
  0.839999497             418
  0.849999487             412
  0.859999478             407
  0.869999468             403
  0.879999459             400
  0.889999449             399
  0.899999440             393
  0.909999430             389
  0.919999421             383
  0.929999411             376
  0.939999402             372
  0.949999392             368
  0.959999382             361
  0.969999373             359
  0.979999363             354
  0.989999354             352
  0.999999344             349
   1.00999939             349
   1.01999938             346
   1.02999938             343
   1.03999937             336
   1.04999936             333
   1.05999935             332
   1.06999934             327
   1.07999933             322
   1.08999932             320
   1.09999931             317
   1.10999930             311
   1.11999929             310
   1.12999928             309
   1.13999927             308
   1.14999926             307
   1.15999925             306
   1.16999924             303
   1.17999923             300
   1.18999922             298
   1.19999921             290
   1.20999920             288
   1.21999919             284
   1.22999918             284
   1.23999918             282
   1.24999917             280
   1.25999916             276
   1.26999915             275
   1.27999914             274
   1.28999913             274
   1.29999912             269
   1.30999911             265
   1.31999910             261
   1.32999909             260
   1.33999908             258
   1.34999907             256
   1.35999906             256
   1.36999905             253
   1.37999904             252
   1.38999903             248
   1.39999902             245
   1.40999901             239
   1.41999900             238
   1.42999899             234
   1.43999898             233
   1.44999897             232
   1.45999897             228
   1.46999896             226
   1.47999895             225
   1.48999894             225
   1.49999893             221
   1.50999892             221
   1.51999891             218
   1.52999890             214
   1.53999889             212
   1.54999888             209
   1.55999887             208
   1.56999886             205
   1.57999885             203
   1.58999884             199
   1.59999883             195
   1.60999882             194
   1.61999881             190
   1.62999880             187
   1.63999879             185
   1.64999878             185
   1.65999877             184
   1.66999876             184
   1.67999876             184
   1.68999875             181
   1.69999874             179
   1.70999873             177
   1.71999872             177
   1.72999871             174
   1.73999870             174
   1.74999869             174
   1.75999868             173
   1.76999867             168
   1.77999866             166
   1.78999865             164
   1.79999864             160
   1.80999863             160
   1.81999862             159
   1.82999861             155
   1.83999860             151
   1.84999859             150
   1.85999858             147
   1.86999857             146
   1.87999856             146
   1.88999856             146
   1.89999855             144
   1.90999854             144
   1.91999853             144
   1.92999852             142
   1.93999851             140
   1.94999850             139
   1.95999849             138
   1.96999848             138
   1.97999847             137
   1.98999846             137
   1.99999845             135
   2.00999856             132
   2.01999855             129
   2.02999854             128
   2.03999853             128
   2.04999852             127
   2.05999851             127
   2.06999850             125
   2.07999849             124
   2.08999848             122
   2.09999847             121
   2.10999846             120
   2.11999846             118
   2.12999845             118
   2.13999844             118
   2.14999843             117
   2.15999842             115
   2.16999841             115
   2.17999840             114
   2.18999839             113
   2.19999838             113
   2.20999837             113
   2.21999836             113
   2.22999835             110
   2.23999834             108
   2.24999833             107
   2.25999832             107
   2.26999831             107
   2.27999830             107
   2.28999829             106
   2.29999828             105
   2.30999827             104
   2.31999826             103
   2.32999825             101
   2.33999825              98
   2.34999824              98
   2.35999823              98
   2.36999822              97
   2.37999821              95
   2.38999820              92
   2.39999819              90
   2.40999818              89
   2.41999817              87
   2.42999816              87
   2.43999815              86
   2.44999814              86
   2.45999813              85
   2.46999812              85
   2.47999811              85
   2.48999810              84
   2.49999809              83
   2.50999808              81
   2.51999807              81
   2.52999806              78
   2.53999805              78
   2.54999804              77
   2.55999804              76
   2.56999803              75
   2.57999802              74
   2.58999801              73
   2.59999800              72
   2.60999799              72
   2.61999798              72
   2.62999797              71
   2.63999796              71
   2.64999795              71
   2.65999794              71
   2.66999793              70
   2.67999792              70
   2.68999791              68
   2.69999790              67
   2.70999789              67
   2.71999788              67
   2.72999787              67
   2.73999786              66
   2.74999785              66
   2.75999784              65
   2.76999784              63
   2.77999783              62
   2.78999782              62
   2.79999781              62
   2.80999780              62
   2.81999779              62
   2.82999778              61
   2.83999777              60
   2.84999776              60
   2.85999775              60
   2.86999774              58
   2.87999773              58
   2.88999772              57
   2.89999771              56
   2.90999770              55
   2.91999769              55
   2.92999768              53
   2.93999767              53
   2.94999766              53
   2.95999765              53
   2.96999764              53
   2.97999763              53
   2.98999763              52
   2.99999762              52
   3.00999761              51
   3.01999760              51
   3.02999759              51
   3.03999758              50
   3.04999757              50
   3.05999756              49
   3.06999755              49
   3.07999754              49
   3.08999753              48
   3.09999752              46
   3.10999751              45
   3.11999750              45
   3.12999749              45
   3.13999748              44
   3.14999747              44
   3.15999746              42
   3.16999745              42
   3.17999744              42
   3.18999743              42
   3.19999743              41
   3.20999742              41
   3.21999741              41
   3.22999740              41
   3.23999739              41
   3.24999738              41
   3.25999737              41
   3.26999736              40
   3.27999735              39
   3.28999734              39
   3.29999733              38
   3.30999732              38
   3.31999731              38
   3.32999730              38
   3.33999729              38
   3.34999728              37
   3.35999727              36
   3.36999726              36
   3.37999725              36
   3.38999724              36
   3.39999723              36
   3.40999722              36
   3.41999722              36
   3.42999721              36
   3.43999720              36
   3.44999719              35
   3.45999718              35
   3.46999717              35
   3.47999716              35
   3.48999715              35
   3.49999714              35
   3.50999713              35
   3.51999712              35
   3.52999711              35
   3.53999710              35
   3.54999709              35
   3.55999708              34
   3.56999707              34
   3.57999706              33
   3.58999705              33
   3.59999704              33
   3.60999703              31
   3.61999702              31
   3.62999701              31
   3.63999701              31
   3.64999700              31
   3.65999699              30
   3.66999698              28
   3.67999697              28
   3.68999696              28
   3.69999695              27
   3.70999694              27
   3.71999693              27
   3.72999692              27
   3.73999691              27
   3.74999690              27
   3.75999689              27
   3.76999688              27
   3.77999687              27
   3.78999686              27
   3.79999685              27
   3.80999684              26
   3.81999683              25
   3.82999682              25
   3.83999681              25
   3.84999681              25
   3.85999680              25
   3.86999679              25
   3.87999678              24
   3.88999677              24
   3.89999676              24
   3.90999675              24
   3.91999674              24
   3.92999673              24
   3.93999672              24
   3.94999671              24
   3.95999670              24
   3.96999669              24
   3.97999668              24
   3.98999667              24
   3.99999666              24
   4.00999689              23
   4.01999712              23
   4.02999735              23
   4.03999758              23
   4.04999781              23
   4.05999804              23
   4.06999826              23
   4.07999849              23
   4.08999872              23
   4.09999895              23
   4.10999918              22
   4.11999941              22
   4.12999964              22
   4.13999987              22
   4.15000010              22
   4.16000032              22
   4.17000055              22
   4.18000078              22
   4.19000101              22
   4.20000124              22
   4.21000147              22
   4.22000170              22
   4.23000193              22
   4.24000216              21
   4.25000238              20
   4.26000261              20
   4.27000284              20
   4.28000307              20
   4.29000330              20
   4.30000353              20
   4.31000376              20
   4.32000399              20
   4.33000422              20
   4.34000444              20
   4.35000467              20
   4.36000490              20
   4.37000513              20
   4.38000536              20
   4.39000559              19
   4.40000582              19
   4.41000605              18
   4.42000628              18
   4.43000650              18
   4.44000673              18
   4.45000696              17
   4.46000719              17
   4.47000742              17
   4.48000765              17
   4.49000788              16
   4.50000811              16
   4.51000834              16
   4.52000856              16
   4.53000879              15
   4.54000902              15
   4.55000925              15
   4.56000948              15
   4.57000971              15
   4.58000994              15
   4.59001017              15
   4.60001040              14
   4.61001062              14
   4.62001085              14
   4.63001108              14
   4.64001131              14
   4.65001154              14
   4.66001177              14
   4.67001200              14
   4.68001223              14
   4.69001245              14
   4.70001268              14
   4.71001291              14
   4.72001314              14
   4.73001337              14
   4.74001360              14
   4.75001383              14
   4.76001406              14
   4.77001429              14
   4.78001451              14
   4.79001474              13
   4.80001497              13
   4.81001520              12
   4.82001543              12
   4.83001566              12
   4.84001589              12
   4.85001612              12
   4.86001635              12
   4.87001657              12
   4.88001680              12
   4.89001703              12
   4.90001726              12
   4.91001749              12
   4.92001772              12
   4.93001795              12
   4.94001818              12
   4.95001841              12
   4.96001863              12
   4.97001886              12
   4.98001909              12
   4.99001932              12
   5.00001955              12
   5.01001978              12
   5.02002001              12
   5.03002024              12
   5.04002047              12
   5.05002069              11
   5.06002092              11
   5.07002115              11
   5.08002138              11
   5.09002161              10
   5.10002184              10
   5.11002207              10
   5.12002230              10
   5.13002253              10
   5.14002275              10
   5.15002298              10
   5.16002321              10
   5.17002344              10
   5.18002367              10
   5.19002390              10
   5.20002413              10
   5.21002436              10
   5.22002459              10
   5.23002481              10
   5.24002504              10
   5.25002527              10
   5.26002550               9
   5.27002573               9
   5.28002596               9
   5.29002619               9
   5.30002642               9
   5.31002665               8
   5.32002687               8
   5.33002710               8
   5.34002733               7
   5.35002756               7
   5.36002779               7
   5.37002802               7
   5.38002825               7
   5.39002848               7
   5.40002871               7
   5.41002893               7
   5.42002916               7
   5.43002939               7
   5.44002962               7
   5.45002985               7
   5.46003008               7
   5.47003031               7
   5.48003054               7
   5.49003077               6
   5.50003099               6
   5.51003122               6
   5.52003145               6
   5.53003168               6
   5.54003191               6
   5.55003214               6
   5.56003237               6
   5.57003260               6
   5.58003283               6
   5.59003305               6
   5.60003328               6
   5.61003351               6
   5.62003374               6
   5.63003397               6
   5.64003420               6
   5.65003443               6
   5.66003466               6
   5.67003489               6
   5.68003511               6
   5.69003534               6
   5.70003557               5
   5.71003580               5
   5.72003603               5
   5.73003626               5
   5.74003649               5
   5.75003672               5
   5.76003695               5
   5.77003717               5
   5.78003740               5
   5.79003763               5
   5.80003786               5
   5.81003809               5
   5.82003832               5
   5.83003855               5
   5.84003878               5
   5.85003901               5
   5.86003923               5
   5.87003946               5
   5.88003969               5
   5.89003992               5
   5.90004015               5
   5.91004038               5
   5.92004061               5
   5.93004084               5
   5.94004107               5
   5.95004129               5
   5.96004152               5
   5.97004175               5
   5.98004198               5
   5.99004221               5
   6.00004244               5
   6.01004267               5
   6.02004290               5
   6.03004313               5
   6.04004335               5
   6.05004358               5
   6.06004381               5
   6.07004404               5
   6.08004427               5
   6.09004450               5
   6.10004473               4
   6.11004496               3
   6.12004519               3
   6.13004541               3
   6.14004564               3
   6.15004587               3
   6.16004610               3
   6.17004633               3
   6.18004656               3
   6.19004679               3
   6.20004702               3
   6.21004725               3
   6.22004747               3
   6.23004770               3
   6.24004793               3
   6.25004816               3
   6.26004839               3
   6.27004862               3
   6.28004885               3
   6.29004908               3
   6.30004930               3
   6.31004953               3
   6.32004976               3
   6.33004999               3
   6.34005022               3
   6.35005045               3
   6.36005068               3
   6.37005091               3
   6.38005114               3
   6.39005136               3
   6.40005159               3
   6.41005182               3
   6.42005205               3
   6.43005228               3
   6.44005251               3
   6.45005274               3
   6.46005297               3
   6.47005320               3
   6.48005342               3
   6.49005365               3
   6.50005388               3
   6.51005411               3
   6.52005434               3
   6.53005457               3
   6.54005480               3
   6.55005503               3
   6.56005526               3
   6.57005548               3
   6.58005571               3
   6.59005594               3
   6.60005617               3
   6.61005640               3
   6.62005663               3
   6.63005686               3
   6.64005709               3
   6.65005732               3
   6.66005754               3
   6.67005777               3
   6.68005800               3
   6.69005823               3
   6.70005846               3
   6.71005869               3
   6.72005892               3
   6.73005915               3
   6.74005938               3
   6.75005960               3
   6.76005983               3
   6.77006006               3
   6.78006029               2
   6.79006052               2
   6.80006075               2
   6.81006098               2
   6.82006121               2
   6.83006144               2
   6.84006166               2
   6.85006189               2
   6.86006212               2
   6.87006235               2
   6.88006258               2
   6.89006281               1
   6.90006304               1
   6.91006327               1
   6.92006350               1
   6.93006372               1
   6.94006395               1
   6.95006418               1
   6.96006441               1
   6.97006464               1
   6.98006487               1
   6.99006510               1
   7.00006533               1
   7.01006556               1
   7.02006578               1
   7.03006601               1
   7.04006624               1
   7.05006647               1
   7.06006670               1
   7.07006693               1
   7.08006716               0
   7.09006739               0
   7.10006762               0
   7.11006784               0
   7.12006807               0
   7.13006830               0
   7.14006853               0
   7.15006876               0
   7.16006899               0
   7.17006922               0
   7.18006945               0
   7.19006968               0
   7.20006990               0
   7.21007013               0
   7.22007036               0
   7.23007059               0
   7.24007082               0
   7.25007105               0
   7.26007128               0
   7.27007151               0
   7.28007174               0
   7.29007196               0
   7.30007219               0
   7.31007242               0
   7.32007265               0
   7.33007288               0
   7.34007311               0
   7.35007334               0
   7.36007357               0
   7.37007380               0
   7.38007402               0
   7.39007425               0
   7.40007448               0
   7.41007471               0
   7.42007494               0
   7.43007517               0
   7.44007540               0
   7.45007563               0
   7.46007586               0
   7.47007608               0
   7.48007631               0
   7.49007654               0
   7.50007677               0
   7.51007700               0
   7.52007723               0
   7.53007746               0
   7.54007769               0
   7.55007792               0
   7.56007814               0
   7.57007837               0
   7.58007860               0
   7.59007883               0
   7.60007906               0
   7.61007929               0
   7.62007952               0
   7.63007975               0
   7.64007998               0
   7.65008020               0
   7.66008043               0
   7.67008066               0
   7.68008089               0
   7.69008112               0
   7.70008135               0
   7.71008158               0
   7.72008181               0
   7.73008204               0
   7.74008226               0
   7.75008249               0
   7.76008272               0
   7.77008295               0
   7.78008318               0
   7.79008341               0
   7.80008364               0
   7.81008387               0
   7.82008410               0
   7.83008432               0
   7.84008455               0
   7.85008478               0
   7.86008501               0
   7.87008524               0
   7.88008547               0
   7.89008570               0
   7.90008593               0
   7.91008615               0
   7.92008638               0
   7.93008661               0
   7.94008684               0
   7.95008707               0
   7.96008730               0
   7.97008753               0
   7.98008776               0
   7.99008799               0
   8.00008774               0
