   0.00000000             988
   9.99999978E-03         978
   1.99999996E-02         969
   2.99999993E-02         962
   3.99999991E-02         950
   4.99999970E-02         944
   5.99999949E-02         930
   6.99999928E-02         917
   7.99999908E-02         904
   8.99999887E-02         895
   9.99999866E-02         885
  0.109999985             878
  0.119999982             870
  0.129999980             861
  0.139999986             851
  0.149999991             840
  0.159999996             832
  0.170000002             815
  0.180000007             804
  0.190000013             793
  0.200000018             789
  0.210000023             782
  0.220000029             773
  0.230000034             765
  0.240000039             758
  0.250000030             751
  0.260000020             745
  0.270000011             737
  0.280000001             729
  0.289999992             725
  0.299999982             721
  0.309999973             713
  0.319999963             701
  0.329999954             696
  0.339999944             688
  0.349999934             678
  0.359999925             670
  0.369999915             664
  0.379999906             660
  0.389999896             657
  0.399999887             649
  0.409999877             641
  0.419999868             633
  0.429999858             626
  0.439999849             622
  0.449999839             620
  0.459999830             610
  0.469999820             603
  0.479999810             599
  0.489999801             595
  0.499999791             591
  0.509999812             586
  0.519999802             580
  0.529999793             575
  0.539999783             570
  0.549999774             566
  0.559999764             558
  0.569999754             551
  0.579999745             544
  0.589999735             539
  0.599999726             532
  0.609999716             524
  0.619999707             522
  0.629999697             517
  0.639999688             515
  0.649999678             511
  0.659999669             506
  0.669999659             504
  0.679999650             500
  0.689999640             492
  0.699999630             490
  0.709999621             488
  0.719999611             483
  0.729999602             476
  0.739999592             474
  0.749999583             469
  0.759999573             462
  0.769999564             457
  0.779999554             453
  0.789999545             446
  0.799999535             442
  0.809999526             441
  0.819999516             437
  0.829999506             436
  0.839999497             430
  0.849999487             427
  0.859999478             421
  0.869999468             418
  0.879999459             415
  0.889999449             411
  0.899999440             403
  0.909999430             400
  0.919999421             395
  0.929999411             389
  0.939999402             388
  0.949999392             385
  0.959999382             374
  0.969999373             373
  0.979999363             367
  0.989999354             365
  0.999999344             363
   1.00999939             360
   1.01999938             356
   1.02999938             350
   1.03999937             349
   1.04999936             346
   1.05999935             342
   1.06999934             339
   1.07999933             333
   1.08999932             330
   1.09999931             323
   1.10999930             322
   1.11999929             318
   1.12999928             314
   1.13999927             309
   1.14999926             305
   1.15999925             302
   1.16999924             298
   1.17999923             292
   1.18999922             287
   1.19999921             284
   1.20999920             283
   1.21999919             281
   1.22999918             275
   1.23999918             273
   1.24999917             270
   1.25999916             267
   1.26999915             264
   1.27999914             262
   1.28999913             259
   1.29999912             256
   1.30999911             255
   1.31999910             255
   1.32999909             255
   1.33999908             253
   1.34999907             249
   1.35999906             246
   1.36999905             242
   1.37999904             239
   1.38999903             238
   1.39999902             235
   1.40999901             234
   1.41999900             229
   1.42999899             228
   1.43999898             226
   1.44999897             221
   1.45999897             218
   1.46999896             216
   1.47999895             214
   1.48999894             212
   1.49999893             209
   1.50999892             209
   1.51999891             206
   1.52999890             205
   1.53999889             201
   1.54999888             200
   1.55999887             199
   1.56999886             199
   1.57999885             196
   1.58999884             196
   1.59999883             194
   1.60999882             191
   1.61999881             188
   1.62999880             186
   1.63999879             185
   1.64999878             183
   1.65999877             179
   1.66999876             176
   1.67999876             173
   1.68999875             169
   1.69999874             168
   1.70999873             166
   1.71999872             166
   1.72999871             166
   1.73999870             165
   1.74999869             164
   1.75999868             161
   1.76999867             158
   1.77999866             158
   1.78999865             158
   1.79999864             156
   1.80999863             155
   1.81999862             154
   1.82999861             152
   1.83999860             151
   1.84999859             149
   1.85999858             149
   1.86999857             148
   1.87999856             148
   1.88999856             146
   1.89999855             145
   1.90999854             144
   1.91999853             143
   1.92999852             143
   1.93999851             142
   1.94999850             142
   1.95999849             140
   1.96999848             137
   1.97999847             136
   1.98999846             134
   1.99999845             132
   2.00999856             131
   2.01999855             130
   2.02999854             129
   2.03999853             127
   2.04999852             126
   2.05999851             124
   2.06999850             124
   2.07999849             122
   2.08999848             120
   2.09999847             120
   2.10999846             119
   2.11999846             118
   2.12999845             118
   2.13999844             116
   2.14999843             116
   2.15999842             115
   2.16999841             114
   2.17999840             113
   2.18999839             110
   2.19999838             108
   2.20999837             106
   2.21999836             104
   2.22999835             104
   2.23999834             102
   2.24999833             101
   2.25999832              99
   2.26999831              98
   2.27999830              97
   2.28999829              96
   2.29999828              95
   2.30999827              94
   2.31999826              94
   2.32999825              91
   2.33999825              91
   2.34999824              89
   2.35999823              88
   2.36999822              88
   2.37999821              88
   2.38999820              88
   2.39999819              88
   2.40999818              88
   2.41999817              88
   2.42999816              88
   2.43999815              86
   2.44999814              85
   2.45999813              85
   2.46999812              83
   2.47999811              81
   2.48999810              81
   2.49999809              81
   2.50999808              81
   2.51999807              81
   2.52999806              81
   2.53999805              81
   2.54999804              80
   2.55999804              80
   2.56999803              79
   2.57999802              79
   2.58999801              78
   2.59999800              77
   2.60999799              75
   2.61999798              75
   2.62999797              75
   2.63999796              74
   2.64999795              74
   2.65999794              74
   2.66999793              74
   2.67999792              72
   2.68999791              70
   2.69999790              69
   2.70999789              69
   2.71999788              68
   2.72999787              64
   2.73999786              64
   2.74999785              64
   2.75999784              62
   2.76999784              62
   2.77999783              61
   2.78999782              61
   2.79999781              61
   2.80999780              61
   2.81999779              61
   2.82999778              60
   2.83999777              59
   2.84999776              58
   2.85999775              57
   2.86999774              57
   2.87999773              57
   2.88999772              56
   2.89999771              56
   2.90999770              56
   2.91999769              56
   2.92999768              56
   2.93999767              56
   2.94999766              55
   2.95999765              55
   2.96999764              55
   2.97999763              53
   2.98999763              53
   2.99999762              53
   3.00999761              52
   3.01999760              51
   3.02999759              49
   3.03999758              48
   3.04999757              48
   3.05999756              48
   3.06999755              48
   3.07999754              48
   3.08999753              47
   3.09999752              47
   3.10999751              47
   3.11999750              47
   3.12999749              47
   3.13999748              47
   3.14999747              46
   3.15999746              45
   3.16999745              45
   3.17999744              45
   3.18999743              45
   3.19999743              44
   3.20999742              44
   3.21999741              43
   3.22999740              42
   3.23999739              42
   3.24999738              41
   3.25999737              41
   3.26999736              40
   3.27999735              39
   3.28999734              38
   3.29999733              38
   3.30999732              38
   3.31999731              38
   3.32999730              38
   3.33999729              37
   3.34999728              37
   3.35999727              37
   3.36999726              36
   3.37999725              36
   3.38999724              36
   3.39999723              36
   3.40999722              36
   3.41999722              36
   3.42999721              36
   3.43999720              36
   3.44999719              36
   3.45999718              36
   3.46999717              36
   3.47999716              36
   3.48999715              36
   3.49999714              36
   3.50999713              36
   3.51999712              35
   3.52999711              34
   3.53999710              34
   3.54999709              33
   3.55999708              33
   3.56999707              33
   3.57999706              33
   3.58999705              33
   3.59999704              33
   3.60999703              32
   3.61999702              32
   3.62999701              32
   3.63999701              32
   3.64999700              32
   3.65999699              32
   3.66999698              31
   3.67999697              30
   3.68999696              29
   3.69999695              29
   3.70999694              29
   3.71999693              29
   3.72999692              28
   3.73999691              26
   3.74999690              26
   3.75999689              25
   3.76999688              24
   3.77999687              23
   3.78999686              23
   3.79999685              23
   3.80999684              23
   3.81999683              23
   3.82999682              23
   3.83999681              23
   3.84999681              23
   3.85999680              23
   3.86999679              23
   3.87999678              23
   3.88999677              23
   3.89999676              22
   3.90999675              22
   3.91999674              22
   3.92999673              22
   3.93999672              22
   3.94999671              22
   3.95999670              22
   3.96999669              22
   3.97999668              22
   3.98999667              22
   3.99999666              22
   4.00999689              22
   4.01999712              22
   4.02999735              22
   4.03999758              22
   4.04999781              22
   4.05999804              22
   4.06999826              22
   4.07999849              22
   4.08999872              21
   4.09999895              21
   4.10999918              21
   4.11999941              21
   4.12999964              21
   4.13999987              21
   4.15000010              21
   4.16000032              21
   4.17000055              20
   4.18000078              19
   4.19000101              19
   4.20000124              18
   4.21000147              18
   4.22000170              17
   4.23000193              16
   4.24000216              16
   4.25000238              16
   4.26000261              16
   4.27000284              16
   4.28000307              16
   4.29000330              15
   4.30000353              15
   4.31000376              14
   4.32000399              14
   4.33000422              14
   4.34000444              13
   4.35000467              13
   4.36000490              13
   4.37000513              13
   4.38000536              12
   4.39000559              11
   4.40000582              11
   4.41000605              11
   4.42000628              11
   4.43000650              11
   4.44000673              11
   4.45000696              11
   4.46000719              11
   4.47000742              11
   4.48000765              11
   4.49000788              11
   4.50000811              11
   4.51000834              10
   4.52000856              10
   4.53000879              10
   4.54000902              10
   4.55000925              10
   4.56000948              10
   4.57000971              10
   4.58000994              10
   4.59001017              10
   4.60001040              10
   4.61001062              10
   4.62001085              10
   4.63001108              10
   4.64001131              10
   4.65001154              10
   4.66001177              10
   4.67001200              10
   4.68001223              10
   4.69001245              10
   4.70001268              10
   4.71001291              10
   4.72001314              10
   4.73001337              10
   4.74001360              10
   4.75001383              10
   4.76001406              10
   4.77001429              10
   4.78001451              10
   4.79001474              10
   4.80001497              10
   4.81001520              10
   4.82001543              10
   4.83001566              10
   4.84001589               9
   4.85001612               9
   4.86001635               8
   4.87001657               8
   4.88001680               8
   4.89001703               8
   4.90001726               8
   4.91001749               8
   4.92001772               8
   4.93001795               8
   4.94001818               8
   4.95001841               8
   4.96001863               8
   4.97001886               8
   4.98001909               8
   4.99001932               8
   5.00001955               8
   5.01001978               8
   5.02002001               8
   5.03002024               8
   5.04002047               8
   5.05002069               7
   5.06002092               7
   5.07002115               7
   5.08002138               7
   5.09002161               7
   5.10002184               7
   5.11002207               7
   5.12002230               7
   5.13002253               7
   5.14002275               7
   5.15002298               7
   5.16002321               7
   5.17002344               7
   5.18002367               7
   5.19002390               7
   5.20002413               7
   5.21002436               7
   5.22002459               7
   5.23002481               6
   5.24002504               6
   5.25002527               6
   5.26002550               6
   5.27002573               5
   5.28002596               5
   5.29002619               5
   5.30002642               5
   5.31002665               5
   5.32002687               5
   5.33002710               5
   5.34002733               5
   5.35002756               5
   5.36002779               5
   5.37002802               5
   5.38002825               5
   5.39002848               5
   5.40002871               5
   5.41002893               5
   5.42002916               5
   5.43002939               5
   5.44002962               5
   5.45002985               5
   5.46003008               5
   5.47003031               5
   5.48003054               5
   5.49003077               5
   5.50003099               5
   5.51003122               5
   5.52003145               5
   5.53003168               5
   5.54003191               5
   5.55003214               5
   5.56003237               5
   5.57003260               5
   5.58003283               5
   5.59003305               5
   5.60003328               4
   5.61003351               4
   5.62003374               4
   5.63003397               4
   5.64003420               4
   5.65003443               4
   5.66003466               4
   5.67003489               4
   5.68003511               4
   5.69003534               4
   5.70003557               4
   5.71003580               4
   5.72003603               4
   5.73003626               4
   5.74003649               4
   5.75003672               4
   5.76003695               4
   5.77003717               4
   5.78003740               4
   5.79003763               4
   5.80003786               4
   5.81003809               4
   5.82003832               4
   5.83003855               4
   5.84003878               4
   5.85003901               4
   5.86003923               4
   5.87003946               4
   5.88003969               4
   5.89003992               4
   5.90004015               4
   5.91004038               4
   5.92004061               4
   5.93004084               4
   5.94004107               4
   5.95004129               4
   5.96004152               4
   5.97004175               4
   5.98004198               4
   5.99004221               4
   6.00004244               4
   6.01004267               4
   6.02004290               4
   6.03004313               4
   6.04004335               4
   6.05004358               4
   6.06004381               4
   6.07004404               4
   6.08004427               4
   6.09004450               4
   6.10004473               4
   6.11004496               4
   6.12004519               4
   6.13004541               4
   6.14004564               4
   6.15004587               4
   6.16004610               4
   6.17004633               4
   6.18004656               4
   6.19004679               4
   6.20004702               4
   6.21004725               3
   6.22004747               3
   6.23004770               3
   6.24004793               3
   6.25004816               3
   6.26004839               3
   6.27004862               3
   6.28004885               3
   6.29004908               3
   6.30004930               3
   6.31004953               3
   6.32004976               3
   6.33004999               3
   6.34005022               3
   6.35005045               3
   6.36005068               3
   6.37005091               3
   6.38005114               3
   6.39005136               3
   6.40005159               3
   6.41005182               3
   6.42005205               3
   6.43005228               3
   6.44005251               3
   6.45005274               3
   6.46005297               3
   6.47005320               3
   6.48005342               3
   6.49005365               3
   6.50005388               3
   6.51005411               3
   6.52005434               3
   6.53005457               3
   6.54005480               3
   6.55005503               3
   6.56005526               3
   6.57005548               3
   6.58005571               3
   6.59005594               3
   6.60005617               3
   6.61005640               3
   6.62005663               3
   6.63005686               3
   6.64005709               3
   6.65005732               3
   6.66005754               2
   6.67005777               2
   6.68005800               2
   6.69005823               2
   6.70005846               2
   6.71005869               2
   6.72005892               2
   6.73005915               2
   6.74005938               2
   6.75005960               2
   6.76005983               2
   6.77006006               2
   6.78006029               2
   6.79006052               2
   6.80006075               2
   6.81006098               2
   6.82006121               2
   6.83006144               2
   6.84006166               2
   6.85006189               2
   6.86006212               2
   6.87006235               2
   6.88006258               2
   6.89006281               2
   6.90006304               2
   6.91006327               2
   6.92006350               2
   6.93006372               2
   6.94006395               2
   6.95006418               2
   6.96006441               2
   6.97006464               2
   6.98006487               2
   6.99006510               2
   7.00006533               2
   7.01006556               2
   7.02006578               2
   7.03006601               2
   7.04006624               2
   7.05006647               2
   7.06006670               2
   7.07006693               2
   7.08006716               2
   7.09006739               2
   7.10006762               2
   7.11006784               2
   7.12006807               2
   7.13006830               2
   7.14006853               2
   7.15006876               2
   7.16006899               2
   7.17006922               2
   7.18006945               2
   7.19006968               2
   7.20006990               2
   7.21007013               2
   7.22007036               2
   7.23007059               2
   7.24007082               2
   7.25007105               2
   7.26007128               2
   7.27007151               2
   7.28007174               2
   7.29007196               2
   7.30007219               2
   7.31007242               2
   7.32007265               2
   7.33007288               2
   7.34007311               2
   7.35007334               2
   7.36007357               2
   7.37007380               2
   7.38007402               2
   7.39007425               2
   7.40007448               2
   7.41007471               2
   7.42007494               2
   7.43007517               2
   7.44007540               2
   7.45007563               2
   7.46007586               2
   7.47007608               2
   7.48007631               2
   7.49007654               2
   7.50007677               2
   7.51007700               2
   7.52007723               2
   7.53007746               2
   7.54007769               2
   7.55007792               2
   7.56007814               2
   7.57007837               2
   7.58007860               2
   7.59007883               2
   7.60007906               2
   7.61007929               2
   7.62007952               2
   7.63007975               2
   7.64007998               2
   7.65008020               2
   7.66008043               2
   7.67008066               2
   7.68008089               2
   7.69008112               2
   7.70008135               2
   7.71008158               2
   7.72008181               2
   7.73008204               2
   7.74008226               2
   7.75008249               2
   7.76008272               2
   7.77008295               2
   7.78008318               2
   7.79008341               2
   7.80008364               2
   7.81008387               2
   7.82008410               2
   7.83008432               2
   7.84008455               2
   7.85008478               2
   7.86008501               2
   7.87008524               2
   7.88008547               2
   7.89008570               2
   7.90008593               2
   7.91008615               2
   7.92008638               2
   7.93008661               2
   7.94008684               2
   7.95008707               2
   7.96008730               2
   7.97008753               2
   7.98008776               2
   7.99008799               2
   8.00008774               2
