   0.00000000             989
   9.99999978E-03         980
   1.99999996E-02         975
   2.99999993E-02         956
   3.99999991E-02         941
   4.99999970E-02         935
   5.99999949E-02         929
   6.99999928E-02         919
   7.99999908E-02         910
   8.99999887E-02         900
   9.99999866E-02         894
  0.109999985             884
  0.119999982             877
  0.129999980             871
  0.139999986             860
  0.149999991             852
  0.159999996             847
  0.170000002             839
  0.180000007             827
  0.190000013             817
  0.200000018             803
  0.210000023             794
  0.220000029             787
  0.230000034             784
  0.240000039             777
  0.250000030             770
  0.260000020             762
  0.270000011             753
  0.280000001             746
  0.289999992             735
  0.299999982             727
  0.309999973             718
  0.319999963             712
  0.329999954             704
  0.339999944             700
  0.349999934             696
  0.359999925             689
  0.369999915             680
  0.379999906             671
  0.389999896             669
  0.399999887             664
  0.409999877             657
  0.419999868             655
  0.429999858             649
  0.439999849             641
  0.449999839             636
  0.459999830             630
  0.469999820             627
  0.479999810             619
  0.489999801             615
  0.499999791             608
  0.509999812             602
  0.519999802             597
  0.529999793             589
  0.539999783             583
  0.549999774             572
  0.559999764             566
  0.569999754             564
  0.579999745             562
  0.589999735             557
  0.599999726             554
  0.609999716             545
  0.619999707             541
  0.629999697             534
  0.639999688             528
  0.649999678             520
  0.659999669             508
  0.669999659             503
  0.679999650             493
  0.689999640             489
  0.699999630             480
  0.709999621             479
  0.719999611             474
  0.729999602             469
  0.739999592             461
  0.749999583             457
  0.759999573             450
  0.769999564             447
  0.779999554             443
  0.789999545             439
  0.799999535             435
  0.809999526             433
  0.819999516             430
  0.829999506             425
  0.839999497             420
  0.849999487             414
  0.859999478             408
  0.869999468             404
  0.879999459             399
  0.889999449             393
  0.899999440             392
  0.909999430             388
  0.919999421             385
  0.929999411             379
  0.939999402             377
  0.949999392             374
  0.959999382             371
  0.969999373             367
  0.979999363             365
  0.989999354             364
  0.999999344             359
   1.00999939             354
   1.01999938             350
   1.02999938             348
   1.03999937             347
   1.04999936             343
   1.05999935             342
   1.06999934             337
   1.07999933             334
   1.08999932             332
   1.09999931             329
   1.10999930             327
   1.11999929             323
   1.12999928             316
   1.13999927             310
   1.14999926             302
   1.15999925             299
   1.16999924             296
   1.17999923             295
   1.18999922             293
   1.19999921             292
   1.20999920             287
   1.21999919             285
   1.22999918             283
   1.23999918             280
   1.24999917             277
   1.25999916             275
   1.26999915             272
   1.27999914             268
   1.28999913             266
   1.29999912             266
   1.30999911             264
   1.31999910             262
   1.32999909             259
   1.33999908             259
   1.34999907             257
   1.35999906             255
   1.36999905             253
   1.37999904             250
   1.38999903             245
   1.39999902             244
   1.40999901             241
   1.41999900             239
   1.42999899             235
   1.43999898             234
   1.44999897             233
   1.45999897             230
   1.46999896             229
   1.47999895             226
   1.48999894             226
   1.49999893             224
   1.50999892             222
   1.51999891             220
   1.52999890             219
   1.53999889             218
   1.54999888             213
   1.55999887             210
   1.56999886             209
   1.57999885             208
   1.58999884             208
   1.59999883             207
   1.60999882             204
   1.61999881             202
   1.62999880             201
   1.63999879             198
   1.64999878             198
   1.65999877             197
   1.66999876             195
   1.67999876             194
   1.68999875             189
   1.69999874             188
   1.70999873             185
   1.71999872             182
   1.72999871             180
   1.73999870             179
   1.74999869             177
   1.75999868             177
   1.76999867             175
   1.77999866             174
   1.78999865             171
   1.79999864             170
   1.80999863             167
   1.81999862             166
   1.82999861             164
   1.83999860             162
   1.84999859             161
   1.85999858             158
   1.86999857             157
   1.87999856             156
   1.88999856             154
   1.89999855             154
   1.90999854             152
   1.91999853             151
   1.92999852             150
   1.93999851             147
   1.94999850             147
   1.95999849             146
   1.96999848             144
   1.97999847             140
   1.98999846             139
   1.99999845             138
   2.00999856             138
   2.01999855             137
   2.02999854             136
   2.03999853             136
   2.04999852             132
   2.05999851             131
   2.06999850             129
   2.07999849             126
   2.08999848             126
   2.09999847             125
   2.10999846             123
   2.11999846             120
   2.12999845             119
   2.13999844             118
   2.14999843             115
   2.15999842             115
   2.16999841             115
   2.17999840             114
   2.18999839             114
   2.19999838             113
   2.20999837             112
   2.21999836             112
   2.22999835             112
   2.23999834             109
   2.24999833             107
   2.25999832             107
   2.26999831             106
   2.27999830             105
   2.28999829             104
   2.29999828             103
   2.30999827             101
   2.31999826             100
   2.32999825              99
   2.33999825              96
   2.34999824              96
   2.35999823              93
   2.36999822              93
   2.37999821              93
   2.38999820              91
   2.39999819              88
   2.40999818              87
   2.41999817              86
   2.42999816              85
   2.43999815              85
   2.44999814              85
   2.45999813              84
   2.46999812              84
   2.47999811              84
   2.48999810              84
   2.49999809              83
   2.50999808              81
   2.51999807              80
   2.52999806              79
   2.53999805              78
   2.54999804              77
   2.55999804              77
   2.56999803              74
   2.57999802              74
   2.58999801              74
   2.59999800              74
   2.60999799              73
   2.61999798              73
   2.62999797              73
   2.63999796              72
   2.64999795              71
   2.65999794              70
   2.66999793              70
   2.67999792              68
   2.68999791              68
   2.69999790              66
   2.70999789              65
   2.71999788              64
   2.72999787              64
   2.73999786              63
   2.74999785              63
   2.75999784              62
   2.76999784              61
   2.77999783              59
   2.78999782              58
   2.79999781              57
   2.80999780              57
   2.81999779              56
   2.82999778              56
   2.83999777              55
   2.84999776              53
   2.85999775              53
   2.86999774              53
   2.87999773              53
   2.88999772              53
   2.89999771              51
   2.90999770              51
   2.91999769              50
   2.92999768              48
   2.93999767              46
   2.94999766              45
   2.95999765              45
   2.96999764              45
   2.97999763              45
   2.98999763              44
   2.99999762              44
   3.00999761              44
   3.01999760              44
   3.02999759              42
   3.03999758              42
   3.04999757              41
   3.05999756              41
   3.06999755              41
   3.07999754              41
   3.08999753              40
   3.09999752              39
   3.10999751              39
   3.11999750              39
   3.12999749              39
   3.13999748              38
   3.14999747              38
   3.15999746              37
   3.16999745              37
   3.17999744              37
   3.18999743              35
   3.19999743              33
   3.20999742              33
   3.21999741              33
   3.22999740              30
   3.23999739              30
   3.24999738              29
   3.25999737              29
   3.26999736              29
   3.27999735              29
   3.28999734              28
   3.29999733              27
   3.30999732              27
   3.31999731              26
   3.32999730              26
   3.33999729              26
   3.34999728              26
   3.35999727              25
   3.36999726              25
   3.37999725              25
   3.38999724              25
   3.39999723              24
   3.40999722              24
   3.41999722              23
   3.42999721              22
   3.43999720              22
   3.44999719              22
   3.45999718              22
   3.46999717              22
   3.47999716              22
   3.48999715              22
   3.49999714              22
   3.50999713              22
   3.51999712              22
   3.52999711              22
   3.53999710              21
   3.54999709              21
   3.55999708              21
   3.56999707              21
   3.57999706              21
   3.58999705              21
   3.59999704              21
   3.60999703              21
   3.61999702              21
   3.62999701              21
   3.63999701              20
   3.64999700              20
   3.65999699              20
   3.66999698              20
   3.67999697              20
   3.68999696              20
   3.69999695              20
   3.70999694              19
   3.71999693              18
   3.72999692              18
   3.73999691              18
   3.74999690              18
   3.75999689              18
   3.76999688              18
   3.77999687              18
   3.78999686              18
   3.79999685              17
   3.80999684              17
   3.81999683              17
   3.82999682              17
   3.83999681              17
   3.84999681              17
   3.85999680              17
   3.86999679              17
   3.87999678              17
   3.88999677              17
   3.89999676              17
   3.90999675              17
   3.91999674              17
   3.92999673              17
   3.93999672              17
   3.94999671              16
   3.95999670              16
   3.96999669              16
   3.97999668              14
   3.98999667              14
   3.99999666              14
   4.00999689              14
   4.01999712              14
   4.02999735              14
   4.03999758              14
   4.04999781              13
   4.05999804              13
   4.06999826              13
   4.07999849              13
   4.08999872              13
   4.09999895              13
   4.10999918              13
   4.11999941              13
   4.12999964              13
   4.13999987              12
   4.15000010              12
   4.16000032              12
   4.17000055              11
   4.18000078              11
   4.19000101              11
   4.20000124              11
   4.21000147              11
   4.22000170              11
   4.23000193              11
   4.24000216              11
   4.25000238              11
   4.26000261              11
   4.27000284              11
   4.28000307              11
   4.29000330              11
   4.30000353              11
   4.31000376              11
   4.32000399              11
   4.33000422              11
   4.34000444              11
   4.35000467              11
   4.36000490              11
   4.37000513              11
   4.38000536              10
   4.39000559               9
   4.40000582               9
   4.41000605               9
   4.42000628               9
   4.43000650               9
   4.44000673               8
   4.45000696               8
   4.46000719               8
   4.47000742               8
   4.48000765               7
   4.49000788               7
   4.50000811               7
   4.51000834               7
   4.52000856               7
   4.53000879               6
   4.54000902               6
   4.55000925               6
   4.56000948               6
   4.57000971               6
   4.58000994               6
   4.59001017               6
   4.60001040               6
   4.61001062               6
   4.62001085               6
   4.63001108               5
   4.64001131               5
   4.65001154               5
   4.66001177               5
   4.67001200               5
   4.68001223               5
   4.69001245               5
   4.70001268               5
   4.71001291               5
   4.72001314               5
   4.73001337               5
   4.74001360               5
   4.75001383               5
   4.76001406               5
   4.77001429               5
   4.78001451               5
   4.79001474               5
   4.80001497               5
   4.81001520               5
   4.82001543               5
   4.83001566               5
   4.84001589               5
   4.85001612               3
   4.86001635               3
   4.87001657               3
   4.88001680               3
   4.89001703               3
   4.90001726               3
   4.91001749               3
   4.92001772               3
   4.93001795               3
   4.94001818               3
   4.95001841               3
   4.96001863               3
   4.97001886               3
   4.98001909               3
   4.99001932               3
   5.00001955               2
   5.01001978               2
   5.02002001               1
   5.03002024               1
   5.04002047               1
   5.05002069               1
   5.06002092               1
   5.07002115               1
   5.08002138               1
   5.09002161               1
   5.10002184               1
   5.11002207               1
   5.12002230               1
   5.13002253               1
   5.14002275               1
   5.15002298               1
   5.16002321               1
   5.17002344               1
   5.18002367               1
   5.19002390               1
   5.20002413               1
   5.21002436               1
   5.22002459               1
   5.23002481               1
   5.24002504               1
   5.25002527               1
   5.26002550               1
   5.27002573               1
   5.28002596               1
   5.29002619               1
   5.30002642               1
   5.31002665               1
   5.32002687               1
   5.33002710               1
   5.34002733               1
   5.35002756               1
   5.36002779               1
   5.37002802               1
   5.38002825               1
   5.39002848               1
   5.40002871               1
   5.41002893               1
   5.42002916               1
   5.43002939               1
   5.44002962               1
   5.45002985               1
   5.46003008               1
   5.47003031               1
   5.48003054               1
   5.49003077               1
   5.50003099               1
   5.51003122               1
   5.52003145               1
   5.53003168               1
   5.54003191               1
   5.55003214               1
   5.56003237               1
   5.57003260               1
   5.58003283               1
   5.59003305               1
   5.60003328               1
   5.61003351               1
   5.62003374               1
   5.63003397               1
   5.64003420               1
   5.65003443               1
   5.66003466               1
   5.67003489               1
   5.68003511               1
   5.69003534               1
   5.70003557               1
   5.71003580               1
   5.72003603               1
   5.73003626               1
   5.74003649               1
   5.75003672               1
   5.76003695               1
   5.77003717               1
   5.78003740               1
   5.79003763               1
   5.80003786               1
   5.81003809               1
   5.82003832               1
   5.83003855               1
   5.84003878               1
   5.85003901               1
   5.86003923               1
   5.87003946               1
   5.88003969               1
   5.89003992               1
   5.90004015               1
   5.91004038               1
   5.92004061               1
   5.93004084               1
   5.94004107               1
   5.95004129               1
   5.96004152               1
   5.97004175               0
   5.98004198               0
   5.99004221               0
   6.00004244               0
   6.01004267               0
   6.02004290               0
   6.03004313               0
   6.04004335               0
   6.05004358               0
   6.06004381               0
   6.07004404               0
   6.08004427               0
   6.09004450               0
   6.10004473               0
   6.11004496               0
   6.12004519               0
   6.13004541               0
   6.14004564               0
   6.15004587               0
   6.16004610               0
   6.17004633               0
   6.18004656               0
   6.19004679               0
   6.20004702               0
   6.21004725               0
   6.22004747               0
   6.23004770               0
   6.24004793               0
   6.25004816               0
   6.26004839               0
   6.27004862               0
   6.28004885               0
   6.29004908               0
   6.30004930               0
   6.31004953               0
   6.32004976               0
   6.33004999               0
   6.34005022               0
   6.35005045               0
   6.36005068               0
   6.37005091               0
   6.38005114               0
   6.39005136               0
   6.40005159               0
   6.41005182               0
   6.42005205               0
   6.43005228               0
   6.44005251               0
   6.45005274               0
   6.46005297               0
   6.47005320               0
   6.48005342               0
   6.49005365               0
   6.50005388               0
   6.51005411               0
   6.52005434               0
   6.53005457               0
   6.54005480               0
   6.55005503               0
   6.56005526               0
   6.57005548               0
   6.58005571               0
   6.59005594               0
   6.60005617               0
   6.61005640               0
   6.62005663               0
   6.63005686               0
   6.64005709               0
   6.65005732               0
   6.66005754               0
   6.67005777               0
   6.68005800               0
   6.69005823               0
   6.70005846               0
   6.71005869               0
   6.72005892               0
   6.73005915               0
   6.74005938               0
   6.75005960               0
   6.76005983               0
   6.77006006               0
   6.78006029               0
   6.79006052               0
   6.80006075               0
   6.81006098               0
   6.82006121               0
   6.83006144               0
   6.84006166               0
   6.85006189               0
   6.86006212               0
   6.87006235               0
   6.88006258               0
   6.89006281               0
   6.90006304               0
   6.91006327               0
   6.92006350               0
   6.93006372               0
   6.94006395               0
   6.95006418               0
   6.96006441               0
   6.97006464               0
   6.98006487               0
   6.99006510               0
   7.00006533               0
   7.01006556               0
   7.02006578               0
   7.03006601               0
   7.04006624               0
   7.05006647               0
   7.06006670               0
   7.07006693               0
   7.08006716               0
   7.09006739               0
   7.10006762               0
   7.11006784               0
   7.12006807               0
   7.13006830               0
   7.14006853               0
   7.15006876               0
   7.16006899               0
   7.17006922               0
   7.18006945               0
   7.19006968               0
   7.20006990               0
   7.21007013               0
   7.22007036               0
   7.23007059               0
   7.24007082               0
   7.25007105               0
   7.26007128               0
   7.27007151               0
   7.28007174               0
   7.29007196               0
   7.30007219               0
   7.31007242               0
   7.32007265               0
   7.33007288               0
   7.34007311               0
   7.35007334               0
   7.36007357               0
   7.37007380               0
   7.38007402               0
   7.39007425               0
   7.40007448               0
   7.41007471               0
   7.42007494               0
   7.43007517               0
   7.44007540               0
   7.45007563               0
   7.46007586               0
   7.47007608               0
   7.48007631               0
   7.49007654               0
   7.50007677               0
   7.51007700               0
   7.52007723               0
   7.53007746               0
   7.54007769               0
   7.55007792               0
   7.56007814               0
   7.57007837               0
   7.58007860               0
   7.59007883               0
   7.60007906               0
   7.61007929               0
   7.62007952               0
   7.63007975               0
   7.64007998               0
   7.65008020               0
   7.66008043               0
   7.67008066               0
   7.68008089               0
   7.69008112               0
   7.70008135               0
   7.71008158               0
   7.72008181               0
   7.73008204               0
   7.74008226               0
   7.75008249               0
   7.76008272               0
   7.77008295               0
   7.78008318               0
   7.79008341               0
   7.80008364               0
   7.81008387               0
   7.82008410               0
   7.83008432               0
   7.84008455               0
   7.85008478               0
   7.86008501               0
   7.87008524               0
   7.88008547               0
   7.89008570               0
   7.90008593               0
   7.91008615               0
   7.92008638               0
   7.93008661               0
   7.94008684               0
   7.95008707               0
   7.96008730               0
   7.97008753               0
   7.98008776               0
   7.99008799               0
   8.00008774               0
