   0.00000000             991
   9.99999978E-03         982
   1.99999996E-02         978
   2.99999993E-02         974
   3.99999991E-02         967
   4.99999970E-02         957
   5.99999949E-02         944
   6.99999928E-02         932
   7.99999908E-02         923
   8.99999887E-02         916
   9.99999866E-02         906
  0.109999985             902
  0.119999982             893
  0.129999980             886
  0.139999986             880
  0.149999991             870
  0.159999996             859
  0.170000002             848
  0.180000007             842
  0.190000013             829
  0.200000018             818
  0.210000023             809
  0.220000029             797
  0.230000034             790
  0.240000039             784
  0.250000030             774
  0.260000020             767
  0.270000011             762
  0.280000001             754
  0.289999992             747
  0.299999982             742
  0.309999973             736
  0.319999963             727
  0.329999954             717
  0.339999944             712
  0.349999934             708
  0.359999925             701
  0.369999915             692
  0.379999906             684
  0.389999896             678
  0.399999887             669
  0.409999877             663
  0.419999868             658
  0.429999858             652
  0.439999849             639
  0.449999839             631
  0.459999830             628
  0.469999820             622
  0.479999810             615
  0.489999801             605
  0.499999791             599
  0.509999812             592
  0.519999802             587
  0.529999793             583
  0.539999783             573
  0.549999774             564
  0.559999764             563
  0.569999754             559
  0.579999745             556
  0.589999735             549
  0.599999726             539
  0.609999716             533
  0.619999707             529
  0.629999697             524
  0.639999688             516
  0.649999678             509
  0.659999669             506
  0.669999659             500
  0.679999650             499
  0.689999640             496
  0.699999630             487
  0.709999621             486
  0.719999611             482
  0.729999602             478
  0.739999592             472
  0.749999583             465
  0.759999573             459
  0.769999564             450
  0.779999554             448
  0.789999545             443
  0.799999535             441
  0.809999526             438
  0.819999516             431
  0.829999506             420
  0.839999497             413
  0.849999487             410
  0.859999478             408
  0.869999468             405
  0.879999459             402
  0.889999449             395
  0.899999440             391
  0.909999430             389
  0.919999421             388
  0.929999411             385
  0.939999402             380
  0.949999392             376
  0.959999382             371
  0.969999373             366
  0.979999363             364
  0.989999354             358
  0.999999344             351
   1.00999939             346
   1.01999938             340
   1.02999938             338
   1.03999937             334
   1.04999936             331
   1.05999935             324
   1.06999934             320
   1.07999933             318
   1.08999932             313
   1.09999931             310
   1.10999930             308
   1.11999929             306
   1.12999928             305
   1.13999927             302
   1.14999926             299
   1.15999925             295
   1.16999924             292
   1.17999923             290
   1.18999922             289
   1.19999921             287
   1.20999920             284
   1.21999919             283
   1.22999918             280
   1.23999918             280
   1.24999917             276
   1.25999916             273
   1.26999915             270
   1.27999914             267
   1.28999913             265
   1.29999912             262
   1.30999911             260
   1.31999910             258
   1.32999909             256
   1.33999908             253
   1.34999907             249
   1.35999906             246
   1.36999905             243
   1.37999904             239
   1.38999903             237
   1.39999902             233
   1.40999901             233
   1.41999900             229
   1.42999899             227
   1.43999898             226
   1.44999897             225
   1.45999897             220
   1.46999896             215
   1.47999895             214
   1.48999894             213
   1.49999893             211
   1.50999892             210
   1.51999891             209
   1.52999890             206
   1.53999889             206
   1.54999888             205
   1.55999887             204
   1.56999886             202
   1.57999885             201
   1.58999884             200
   1.59999883             198
   1.60999882             196
   1.61999881             196
   1.62999880             196
   1.63999879             193
   1.64999878             192
   1.65999877             191
   1.66999876             190
   1.67999876             186
   1.68999875             185
   1.69999874             185
   1.70999873             182
   1.71999872             182
   1.72999871             180
   1.73999870             177
   1.74999869             177
   1.75999868             176
   1.76999867             173
   1.77999866             172
   1.78999865             172
   1.79999864             172
   1.80999863             171
   1.81999862             171
   1.82999861             167
   1.83999860             166
   1.84999859             165
   1.85999858             164
   1.86999857             163
   1.87999856             160
   1.88999856             158
   1.89999855             158
   1.90999854             156
   1.91999853             153
   1.92999852             152
   1.93999851             150
   1.94999850             149
   1.95999849             149
   1.96999848             147
   1.97999847             145
   1.98999846             145
   1.99999845             144
   2.00999856             142
   2.01999855             142
   2.02999854             140
   2.03999853             138
   2.04999852             136
   2.05999851             134
   2.06999850             132
   2.07999849             128
   2.08999848             126
   2.09999847             126
   2.10999846             122
   2.11999846             121
   2.12999845             120
   2.13999844             119
   2.14999843             117
   2.15999842             117
   2.16999841             115
   2.17999840             112
   2.18999839             111
   2.19999838             110
   2.20999837             110
   2.21999836             108
   2.22999835             107
   2.23999834             106
   2.24999833             106
   2.25999832             101
   2.26999831             100
   2.27999830              99
   2.28999829              99
   2.29999828              99
   2.30999827              99
   2.31999826              98
   2.32999825              96
   2.33999825              96
   2.34999824              95
   2.35999823              95
   2.36999822              94
   2.37999821              92
   2.38999820              92
   2.39999819              91
   2.40999818              89
   2.41999817              89
   2.42999816              87
   2.43999815              86
   2.44999814              85
   2.45999813              85
   2.46999812              83
   2.47999811              82
   2.48999810              81
   2.49999809              80
   2.50999808              80
   2.51999807              80
   2.52999806              80
   2.53999805              78
   2.54999804              78
   2.55999804              77
   2.56999803              77
   2.57999802              77
   2.58999801              77
   2.59999800              76
   2.60999799              76
   2.61999798              76
   2.62999797              76
   2.63999796              76
   2.64999795              75
   2.65999794              75
   2.66999793              74
   2.67999792              74
   2.68999791              72
   2.69999790              72
   2.70999789              72
   2.71999788              72
   2.72999787              71
   2.73999786              70
   2.74999785              70
   2.75999784              68
   2.76999784              68
   2.77999783              68
   2.78999782              66
   2.79999781              65
   2.80999780              63
   2.81999779              62
   2.82999778              61
   2.83999777              59
   2.84999776              59
   2.85999775              57
   2.86999774              57
   2.87999773              56
   2.88999772              56
   2.89999771              56
   2.90999770              55
   2.91999769              55
   2.92999768              55
   2.93999767              55
   2.94999766              54
   2.95999765              54
   2.96999764              54
   2.97999763              54
   2.98999763              54
   2.99999762              52
   3.00999761              52
   3.01999760              50
   3.02999759              50
   3.03999758              50
   3.04999757              49
   3.05999756              49
   3.06999755              49
   3.07999754              48
   3.08999753              47
   3.09999752              46
   3.10999751              46
   3.11999750              46
   3.12999749              45
   3.13999748              44
   3.14999747              44
   3.15999746              44
   3.16999745              44
   3.17999744              44
   3.18999743              44
   3.19999743              44
   3.20999742              43
   3.21999741              43
   3.22999740              43
   3.23999739              43
   3.24999738              43
   3.25999737              43
   3.26999736              43
   3.27999735              43
   3.28999734              43
   3.29999733              41
   3.30999732              41
   3.31999731              40
   3.32999730              40
   3.33999729              39
   3.34999728              39
   3.35999727              39
   3.36999726              39
   3.37999725              39
   3.38999724              39
   3.39999723              39
   3.40999722              39
   3.41999722              37
   3.42999721              37
   3.43999720              36
   3.44999719              36
   3.45999718              36
   3.46999717              36
   3.47999716              36
   3.48999715              36
   3.49999714              36
   3.50999713              36
   3.51999712              36
   3.52999711              36
   3.53999710              34
   3.54999709              34
   3.55999708              34
   3.56999707              34
   3.57999706              34
   3.58999705              34
   3.59999704              33
   3.60999703              32
   3.61999702              32
   3.62999701              32
   3.63999701              32
   3.64999700              31
   3.65999699              31
   3.66999698              31
   3.67999697              31
   3.68999696              31
   3.69999695              30
   3.70999694              30
   3.71999693              30
   3.72999692              30
   3.73999691              30
   3.74999690              30
   3.75999689              30
   3.76999688              30
   3.77999687              30
   3.78999686              29
   3.79999685              29
   3.80999684              28
   3.81999683              28
   3.82999682              28
   3.83999681              27
   3.84999681              27
   3.85999680              27
   3.86999679              27
   3.87999678              27
   3.88999677              27
   3.89999676              27
   3.90999675              26
   3.91999674              26
   3.92999673              26
   3.93999672              26
   3.94999671              26
   3.95999670              26
   3.96999669              26
   3.97999668              26
   3.98999667              26
   3.99999666              25
   4.00999689              25
   4.01999712              25
   4.02999735              25
   4.03999758              25
   4.04999781              25
   4.05999804              24
   4.06999826              22
   4.07999849              22
   4.08999872              22
   4.09999895              22
   4.10999918              22
   4.11999941              22
   4.12999964              22
   4.13999987              22
   4.15000010              21
   4.16000032              21
   4.17000055              21
   4.18000078              20
   4.19000101              20
   4.20000124              20
   4.21000147              20
   4.22000170              20
   4.23000193              19
   4.24000216              19
   4.25000238              19
   4.26000261              19
   4.27000284              19
   4.28000307              19
   4.29000330              19
   4.30000353              19
   4.31000376              19
   4.32000399              19
   4.33000422              19
   4.34000444              19
   4.35000467              19
   4.36000490              19
   4.37000513              19
   4.38000536              19
   4.39000559              19
   4.40000582              19
   4.41000605              18
   4.42000628              18
   4.43000650              18
   4.44000673              18
   4.45000696              18
   4.46000719              17
   4.47000742              17
   4.48000765              17
   4.49000788              16
   4.50000811              16
   4.51000834              15
   4.52000856              14
   4.53000879              14
   4.54000902              14
   4.55000925              14
   4.56000948              14
   4.57000971              14
   4.58000994              14
   4.59001017              14
   4.60001040              14
   4.61001062              14
   4.62001085              14
   4.63001108              13
   4.64001131              13
   4.65001154              12
   4.66001177              12
   4.67001200              12
   4.68001223              11
   4.69001245              11
   4.70001268              11
   4.71001291              11
   4.72001314              11
   4.73001337              11
   4.74001360              11
   4.75001383              11
   4.76001406              11
   4.77001429              11
   4.78001451              11
   4.79001474              10
   4.80001497              10
   4.81001520              10
   4.82001543              10
   4.83001566              10
   4.84001589              10
   4.85001612              10
   4.86001635              10
   4.87001657              10
   4.88001680              10
   4.89001703              10
   4.90001726              10
   4.91001749              10
   4.92001772              10
   4.93001795              10
   4.94001818              10
   4.95001841              10
   4.96001863              10
   4.97001886              10
   4.98001909              10
   4.99001932              10
   5.00001955              10
   5.01001978              10
   5.02002001              10
   5.03002024              10
   5.04002047              10
   5.05002069              10
   5.06002092              10
   5.07002115              10
   5.08002138              10
   5.09002161              10
   5.10002184              10
   5.11002207              10
   5.12002230              10
   5.13002253              10
   5.14002275              10
   5.15002298              10
   5.16002321              10
   5.17002344               9
   5.18002367               9
   5.19002390               9
   5.20002413               8
   5.21002436               8
   5.22002459               8
   5.23002481               8
   5.24002504               7
   5.25002527               7
   5.26002550               7
   5.27002573               7
   5.28002596               7
   5.29002619               6
   5.30002642               6
   5.31002665               6
   5.32002687               6
   5.33002710               6
   5.34002733               6
   5.35002756               6
   5.36002779               6
   5.37002802               6
   5.38002825               6
   5.39002848               6
   5.40002871               6
   5.41002893               5
   5.42002916               5
   5.43002939               5
   5.44002962               5
   5.45002985               5
   5.46003008               5
   5.47003031               5
   5.48003054               5
   5.49003077               5
   5.50003099               5
   5.51003122               5
   5.52003145               5
   5.53003168               5
   5.54003191               5
   5.55003214               5
   5.56003237               5
   5.57003260               5
   5.58003283               5
   5.59003305               5
   5.60003328               5
   5.61003351               5
   5.62003374               5
   5.63003397               5
   5.64003420               5
   5.65003443               5
   5.66003466               5
   5.67003489               5
   5.68003511               5
   5.69003534               4
   5.70003557               4
   5.71003580               4
   5.72003603               4
   5.73003626               4
   5.74003649               4
   5.75003672               4
   5.76003695               4
   5.77003717               4
   5.78003740               4
   5.79003763               4
   5.80003786               4
   5.81003809               4
   5.82003832               4
   5.83003855               4
   5.84003878               4
   5.85003901               4
   5.86003923               4
   5.87003946               3
   5.88003969               3
   5.89003992               3
   5.90004015               3
   5.91004038               3
   5.92004061               3
   5.93004084               3
   5.94004107               3
   5.95004129               3
   5.96004152               3
   5.97004175               3
   5.98004198               3
   5.99004221               3
   6.00004244               3
   6.01004267               3
   6.02004290               3
   6.03004313               3
   6.04004335               3
   6.05004358               3
   6.06004381               3
   6.07004404               3
   6.08004427               3
   6.09004450               3
   6.10004473               3
   6.11004496               3
   6.12004519               3
   6.13004541               2
   6.14004564               2
   6.15004587               2
   6.16004610               2
   6.17004633               2
   6.18004656               2
   6.19004679               2
   6.20004702               2
   6.21004725               2
   6.22004747               2
   6.23004770               2
   6.24004793               2
   6.25004816               2
   6.26004839               2
   6.27004862               2
   6.28004885               2
   6.29004908               2
   6.30004930               2
   6.31004953               2
   6.32004976               2
   6.33004999               2
   6.34005022               2
   6.35005045               2
   6.36005068               2
   6.37005091               2
   6.38005114               2
   6.39005136               2
   6.40005159               2
   6.41005182               2
   6.42005205               2
   6.43005228               2
   6.44005251               2
   6.45005274               2
   6.46005297               2
   6.47005320               2
   6.48005342               2
   6.49005365               2
   6.50005388               2
   6.51005411               2
   6.52005434               1
   6.53005457               1
   6.54005480               1
   6.55005503               1
   6.56005526               1
   6.57005548               1
   6.58005571               1
   6.59005594               1
   6.60005617               1
   6.61005640               1
   6.62005663               1
   6.63005686               1
   6.64005709               1
   6.65005732               1
   6.66005754               1
   6.67005777               1
   6.68005800               1
   6.69005823               1
   6.70005846               1
   6.71005869               1
   6.72005892               1
   6.73005915               1
   6.74005938               1
   6.75005960               1
   6.76005983               1
   6.77006006               1
   6.78006029               1
   6.79006052               1
   6.80006075               1
   6.81006098               1
   6.82006121               1
   6.83006144               1
   6.84006166               1
   6.85006189               1
   6.86006212               1
   6.87006235               1
   6.88006258               1
   6.89006281               1
   6.90006304               1
   6.91006327               1
   6.92006350               1
   6.93006372               1
   6.94006395               1
   6.95006418               1
   6.96006441               1
   6.97006464               1
   6.98006487               1
   6.99006510               1
   7.00006533               1
   7.01006556               1
   7.02006578               1
   7.03006601               1
   7.04006624               1
   7.05006647               1
   7.06006670               1
   7.07006693               1
   7.08006716               1
   7.09006739               1
   7.10006762               1
   7.11006784               1
   7.12006807               1
   7.13006830               1
   7.14006853               1
   7.15006876               1
   7.16006899               1
   7.17006922               1
   7.18006945               1
   7.19006968               1
   7.20006990               1
   7.21007013               1
   7.22007036               1
   7.23007059               1
   7.24007082               1
   7.25007105               1
   7.26007128               1
   7.27007151               1
   7.28007174               1
   7.29007196               1
   7.30007219               1
   7.31007242               1
   7.32007265               1
   7.33007288               1
   7.34007311               1
   7.35007334               1
   7.36007357               1
   7.37007380               1
   7.38007402               1
   7.39007425               1
   7.40007448               1
   7.41007471               1
   7.42007494               1
   7.43007517               1
   7.44007540               1
   7.45007563               1
   7.46007586               1
   7.47007608               1
   7.48007631               1
   7.49007654               1
   7.50007677               1
   7.51007700               1
   7.52007723               1
   7.53007746               1
   7.54007769               1
   7.55007792               1
   7.56007814               1
   7.57007837               1
   7.58007860               1
   7.59007883               1
   7.60007906               1
   7.61007929               1
   7.62007952               1
   7.63007975               1
   7.64007998               1
   7.65008020               1
   7.66008043               1
   7.67008066               1
   7.68008089               1
   7.69008112               1
   7.70008135               1
   7.71008158               1
   7.72008181               1
   7.73008204               1
   7.74008226               1
   7.75008249               1
   7.76008272               1
   7.77008295               1
   7.78008318               1
   7.79008341               1
   7.80008364               1
   7.81008387               1
   7.82008410               1
   7.83008432               1
   7.84008455               1
   7.85008478               1
   7.86008501               1
   7.87008524               1
   7.88008547               1
   7.89008570               1
   7.90008593               1
   7.91008615               1
   7.92008638               1
   7.93008661               1
   7.94008684               1
   7.95008707               1
   7.96008730               1
   7.97008753               1
   7.98008776               1
   7.99008799               1
   8.00008774               1
