   0.00000000             986
   9.99999978E-03         976
   1.99999996E-02         962
   2.99999993E-02         957
   3.99999991E-02         949
   4.99999970E-02         938
   5.99999949E-02         934
   6.99999928E-02         925
   7.99999908E-02         916
   8.99999887E-02         909
   9.99999866E-02         903
  0.109999985             901
  0.119999982             894
  0.129999980             884
  0.139999986             874
  0.149999991             866
  0.159999996             855
  0.170000002             844
  0.180000007             833
  0.190000013             827
  0.200000018             815
  0.210000023             805
  0.220000029             799
  0.230000034             789
  0.240000039             786
  0.250000030             771
  0.260000020             765
  0.270000011             758
  0.280000001             752
  0.289999992             743
  0.299999982             736
  0.309999973             731
  0.319999963             721
  0.329999954             713
  0.339999944             706
  0.349999934             699
  0.359999925             693
  0.369999915             684
  0.379999906             680
  0.389999896             673
  0.399999887             667
  0.409999877             660
  0.419999868             653
  0.429999858             646
  0.439999849             642
  0.449999839             634
  0.459999830             630
  0.469999820             623
  0.479999810             615
  0.489999801             610
  0.499999791             602
  0.509999812             596
  0.519999802             592
  0.529999793             583
  0.539999783             574
  0.549999774             570
  0.559999764             567
  0.569999754             559
  0.579999745             551
  0.589999735             538
  0.599999726             533
  0.609999716             529
  0.619999707             523
  0.629999697             519
  0.639999688             513
  0.649999678             507
  0.659999669             503
  0.669999659             500
  0.679999650             496
  0.689999640             492
  0.699999630             488
  0.709999621             486
  0.719999611             474
  0.729999602             467
  0.739999592             461
  0.749999583             456
  0.759999573             452
  0.769999564             450
  0.779999554             447
  0.789999545             442
  0.799999535             435
  0.809999526             434
  0.819999516             429
  0.829999506             420
  0.839999497             417
  0.849999487             407
  0.859999478             404
  0.869999468             403
  0.879999459             395
  0.889999449             392
  0.899999440             385
  0.909999430             383
  0.919999421             379
  0.929999411             378
  0.939999402             372
  0.949999392             368
  0.959999382             366
  0.969999373             361
  0.979999363             353
  0.989999354             351
  0.999999344             348
   1.00999939             340
   1.01999938             337
   1.02999938             332
   1.03999937             331
   1.04999936             330
   1.05999935             326
   1.06999934             323
   1.07999933             319
   1.08999932             311
   1.09999931             301
   1.10999930             298
   1.11999929             295
   1.12999928             288
   1.13999927             286
   1.14999926             284
   1.15999925             280
   1.16999924             278
   1.17999923             277
   1.18999922             275
   1.19999921             273
   1.20999920             273
   1.21999919             272
   1.22999918             270
   1.23999918             268
   1.24999917             268
   1.25999916             267
   1.26999915             264
   1.27999914             264
   1.28999913             262
   1.29999912             257
   1.30999911             252
   1.31999910             251
   1.32999909             248
   1.33999908             244
   1.34999907             243
   1.35999906             241
   1.36999905             239
   1.37999904             235
   1.38999903             232
   1.39999902             230
   1.40999901             230
   1.41999900             226
   1.42999899             225
   1.43999898             220
   1.44999897             215
   1.45999897             214
   1.46999896             212
   1.47999895             212
   1.48999894             212
   1.49999893             209
   1.50999892             208
   1.51999891             206
   1.52999890             205
   1.53999889             204
   1.54999888             203
   1.55999887             201
   1.56999886             198
   1.57999885             197
   1.58999884             196
   1.59999883             195
   1.60999882             193
   1.61999881             191
   1.62999880             190
   1.63999879             190
   1.64999878             190
   1.65999877             190
   1.66999876             188
   1.67999876             187
   1.68999875             187
   1.69999874             187
   1.70999873             187
   1.71999872             183
   1.72999871             182
   1.73999870             180
   1.74999869             178
   1.75999868             176
   1.76999867             175
   1.77999866             174
   1.78999865             173
   1.79999864             172
   1.80999863             171
   1.81999862             171
   1.82999861             170
   1.83999860             170
   1.84999859             168
   1.85999858             166
   1.86999857             165
   1.87999856             163
   1.88999856             160
   1.89999855             159
   1.90999854             156
   1.91999853             154
   1.92999852             149
   1.93999851             148
   1.94999850             147
   1.95999849             144
   1.96999848             143
   1.97999847             142
   1.98999846             141
   1.99999845             140
   2.00999856             140
   2.01999855             136
   2.02999854             136
   2.03999853             133
   2.04999852             129
   2.05999851             129
   2.06999850             127
   2.07999849             125
   2.08999848             125
   2.09999847             125
   2.10999846             123
   2.11999846             120
   2.12999845             120
   2.13999844             118
   2.14999843             118
   2.15999842             117
   2.16999841             117
   2.17999840             116
   2.18999839             116
   2.19999838             116
   2.20999837             115
   2.21999836             115
   2.22999835             114
   2.23999834             114
   2.24999833             112
   2.25999832             111
   2.26999831             111
   2.27999830             110
   2.28999829             109
   2.29999828             107
   2.30999827             107
   2.31999826             106
   2.32999825             104
   2.33999825             102
   2.34999824             101
   2.35999823             101
   2.36999822             101
   2.37999821              97
   2.38999820              96
   2.39999819              93
   2.40999818              91
   2.41999817              87
   2.42999816              86
   2.43999815              85
   2.44999814              83
   2.45999813              81
   2.46999812              79
   2.47999811              78
   2.48999810              78
   2.49999809              77
   2.50999808              76
   2.51999807              74
   2.52999806              74
   2.53999805              73
   2.54999804              73
   2.55999804              73
   2.56999803              71
   2.57999802              71
   2.58999801              71
   2.59999800              69
   2.60999799              68
   2.61999798              68
   2.62999797              67
   2.63999796              65
   2.64999795              64
   2.65999794              64
   2.66999793              64
   2.67999792              63
   2.68999791              63
   2.69999790              63
   2.70999789              63
   2.71999788              63
   2.72999787              63
   2.73999786              61
   2.74999785              61
   2.75999784              61
   2.76999784              61
   2.77999783              61
   2.78999782              60
   2.79999781              59
   2.80999780              59
   2.81999779              58
   2.82999778              58
   2.83999777              57
   2.84999776              55
   2.85999775              54
   2.86999774              53
   2.87999773              53
   2.88999772              52
   2.89999771              50
   2.90999770              50
   2.91999769              50
   2.92999768              50
   2.93999767              49
   2.94999766              49
   2.95999765              49
   2.96999764              48
   2.97999763              48
   2.98999763              48
   2.99999762              47
   3.00999761              45
   3.01999760              45
   3.02999759              44
   3.03999758              43
   3.04999757              42
   3.05999756              42
   3.06999755              42
   3.07999754              42
   3.08999753              42
   3.09999752              42
   3.10999751              42
   3.11999750              41
   3.12999749              40
   3.13999748              40
   3.14999747              40
   3.15999746              40
   3.16999745              38
   3.17999744              38
   3.18999743              38
   3.19999743              38
   3.20999742              37
   3.21999741              37
   3.22999740              37
   3.23999739              36
   3.24999738              36
   3.25999737              36
   3.26999736              35
   3.27999735              35
   3.28999734              35
   3.29999733              33
   3.30999732              33
   3.31999731              32
   3.32999730              32
   3.33999729              31
   3.34999728              31
   3.35999727              31
   3.36999726              31
   3.37999725              31
   3.38999724              30
   3.39999723              30
   3.40999722              30
   3.41999722              29
   3.42999721              29
   3.43999720              29
   3.44999719              28
   3.45999718              27
   3.46999717              27
   3.47999716              27
   3.48999715              26
   3.49999714              26
   3.50999713              26
   3.51999712              26
   3.52999711              25
   3.53999710              25
   3.54999709              25
   3.55999708              25
   3.56999707              25
   3.57999706              25
   3.58999705              25
   3.59999704              25
   3.60999703              25
   3.61999702              25
   3.62999701              24
   3.63999701              24
   3.64999700              24
   3.65999699              24
   3.66999698              24
   3.67999697              24
   3.68999696              24
   3.69999695              24
   3.70999694              23
   3.71999693              23
   3.72999692              23
   3.73999691              22
   3.74999690              22
   3.75999689              22
   3.76999688              22
   3.77999687              22
   3.78999686              22
   3.79999685              22
   3.80999684              22
   3.81999683              22
   3.82999682              22
   3.83999681              22
   3.84999681              22
   3.85999680              22
   3.86999679              22
   3.87999678              22
   3.88999677              22
   3.89999676              22
   3.90999675              22
   3.91999674              22
   3.92999673              20
   3.93999672              20
   3.94999671              20
   3.95999670              20
   3.96999669              20
   3.97999668              18
   3.98999667              18
   3.99999666              18
   4.00999689              17
   4.01999712              17
   4.02999735              17
   4.03999758              17
   4.04999781              16
   4.05999804              15
   4.06999826              15
   4.07999849              15
   4.08999872              15
   4.09999895              15
   4.10999918              15
   4.11999941              15
   4.12999964              15
   4.13999987              15
   4.15000010              15
   4.16000032              15
   4.17000055              14
   4.18000078              13
   4.19000101              12
   4.20000124              12
   4.21000147              12
   4.22000170              12
   4.23000193              11
   4.24000216              11
   4.25000238              10
   4.26000261              10
   4.27000284              10
   4.28000307              10
   4.29000330              10
   4.30000353              10
   4.31000376               9
   4.32000399               8
   4.33000422               8
   4.34000444               8
   4.35000467               8
   4.36000490               8
   4.37000513               8
   4.38000536               8
   4.39000559               8
   4.40000582               8
   4.41000605               8
   4.42000628               8
   4.43000650               8
   4.44000673               8
   4.45000696               8
   4.46000719               8
   4.47000742               8
   4.48000765               8
   4.49000788               8
   4.50000811               8
   4.51000834               8
   4.52000856               8
   4.53000879               8
   4.54000902               8
   4.55000925               8
   4.56000948               8
   4.57000971               8
   4.58000994               8
   4.59001017               8
   4.60001040               8
   4.61001062               8
   4.62001085               8
   4.63001108               8
   4.64001131               8
   4.65001154               8
   4.66001177               8
   4.67001200               7
   4.68001223               7
   4.69001245               7
   4.70001268               7
   4.71001291               7
   4.72001314               7
   4.73001337               7
   4.74001360               7
   4.75001383               7
   4.76001406               7
   4.77001429               7
   4.78001451               7
   4.79001474               6
   4.80001497               6
   4.81001520               6
   4.82001543               6
   4.83001566               6
   4.84001589               5
   4.85001612               4
   4.86001635               4
   4.87001657               4
   4.88001680               4
   4.89001703               4
   4.90001726               4
   4.91001749               4
   4.92001772               4
   4.93001795               3
   4.94001818               3
   4.95001841               3
   4.96001863               3
   4.97001886               3
   4.98001909               3
   4.99001932               3
   5.00001955               3
   5.01001978               3
   5.02002001               3
   5.03002024               3
   5.04002047               3
   5.05002069               3
   5.06002092               3
   5.07002115               3
   5.08002138               3
   5.09002161               3
   5.10002184               3
   5.11002207               3
   5.12002230               3
   5.13002253               3
   5.14002275               3
   5.15002298               3
   5.16002321               3
   5.17002344               3
   5.18002367               3
   5.19002390               3
   5.20002413               3
   5.21002436               3
   5.22002459               3
   5.23002481               3
   5.24002504               3
   5.25002527               3
   5.26002550               3
   5.27002573               3
   5.28002596               3
   5.29002619               3
   5.30002642               3
   5.31002665               2
   5.32002687               2
   5.33002710               2
   5.34002733               2
   5.35002756               2
   5.36002779               2
   5.37002802               2
   5.38002825               2
   5.39002848               2
   5.40002871               2
   5.41002893               2
   5.42002916               2
   5.43002939               2
   5.44002962               2
   5.45002985               2
   5.46003008               2
   5.47003031               2
   5.48003054               2
   5.49003077               2
   5.50003099               2
   5.51003122               2
   5.52003145               2
   5.53003168               2
   5.54003191               2
   5.55003214               2
   5.56003237               2
   5.57003260               2
   5.58003283               2
   5.59003305               2
   5.60003328               2
   5.61003351               2
   5.62003374               2
   5.63003397               2
   5.64003420               2
   5.65003443               2
   5.66003466               2
   5.67003489               2
   5.68003511               2
   5.69003534               2
   5.70003557               2
   5.71003580               2
   5.72003603               2
   5.73003626               2
   5.74003649               2
   5.75003672               2
   5.76003695               2
   5.77003717               2
   5.78003740               2
   5.79003763               2
   5.80003786               2
   5.81003809               2
   5.82003832               2
   5.83003855               2
   5.84003878               2
   5.85003901               2
   5.86003923               2
   5.87003946               2
   5.88003969               2
   5.89003992               2
   5.90004015               2
   5.91004038               2
   5.92004061               2
   5.93004084               2
   5.94004107               2
   5.95004129               2
   5.96004152               2
   5.97004175               2
   5.98004198               2
   5.99004221               2
   6.00004244               2
   6.01004267               2
   6.02004290               2
   6.03004313               2
   6.04004335               2
   6.05004358               2
   6.06004381               2
   6.07004404               2
   6.08004427               2
   6.09004450               2
   6.10004473               2
   6.11004496               2
   6.12004519               2
   6.13004541               2
   6.14004564               2
   6.15004587               2
   6.16004610               2
   6.17004633               2
   6.18004656               2
   6.19004679               2
   6.20004702               2
   6.21004725               2
   6.22004747               2
   6.23004770               2
   6.24004793               2
   6.25004816               2
   6.26004839               1
   6.27004862               1
   6.28004885               1
   6.29004908               0
   6.30004930               0
   6.31004953               0
   6.32004976               0
   6.33004999               0
   6.34005022               0
   6.35005045               0
   6.36005068               0
   6.37005091               0
   6.38005114               0
   6.39005136               0
   6.40005159               0
   6.41005182               0
   6.42005205               0
   6.43005228               0
   6.44005251               0
   6.45005274               0
   6.46005297               0
   6.47005320               0
   6.48005342               0
   6.49005365               0
   6.50005388               0
   6.51005411               0
   6.52005434               0
   6.53005457               0
   6.54005480               0
   6.55005503               0
   6.56005526               0
   6.57005548               0
   6.58005571               0
   6.59005594               0
   6.60005617               0
   6.61005640               0
   6.62005663               0
   6.63005686               0
   6.64005709               0
   6.65005732               0
   6.66005754               0
   6.67005777               0
   6.68005800               0
   6.69005823               0
   6.70005846               0
   6.71005869               0
   6.72005892               0
   6.73005915               0
   6.74005938               0
   6.75005960               0
   6.76005983               0
   6.77006006               0
   6.78006029               0
   6.79006052               0
   6.80006075               0
   6.81006098               0
   6.82006121               0
   6.83006144               0
   6.84006166               0
   6.85006189               0
   6.86006212               0
   6.87006235               0
   6.88006258               0
   6.89006281               0
   6.90006304               0
   6.91006327               0
   6.92006350               0
   6.93006372               0
   6.94006395               0
   6.95006418               0
   6.96006441               0
   6.97006464               0
   6.98006487               0
   6.99006510               0
   7.00006533               0
   7.01006556               0
   7.02006578               0
   7.03006601               0
   7.04006624               0
   7.05006647               0
   7.06006670               0
   7.07006693               0
   7.08006716               0
   7.09006739               0
   7.10006762               0
   7.11006784               0
   7.12006807               0
   7.13006830               0
   7.14006853               0
   7.15006876               0
   7.16006899               0
   7.17006922               0
   7.18006945               0
   7.19006968               0
   7.20006990               0
   7.21007013               0
   7.22007036               0
   7.23007059               0
   7.24007082               0
   7.25007105               0
   7.26007128               0
   7.27007151               0
   7.28007174               0
   7.29007196               0
   7.30007219               0
   7.31007242               0
   7.32007265               0
   7.33007288               0
   7.34007311               0
   7.35007334               0
   7.36007357               0
   7.37007380               0
   7.38007402               0
   7.39007425               0
   7.40007448               0
   7.41007471               0
   7.42007494               0
   7.43007517               0
   7.44007540               0
   7.45007563               0
   7.46007586               0
   7.47007608               0
   7.48007631               0
   7.49007654               0
   7.50007677               0
   7.51007700               0
   7.52007723               0
   7.53007746               0
   7.54007769               0
   7.55007792               0
   7.56007814               0
   7.57007837               0
   7.58007860               0
   7.59007883               0
   7.60007906               0
   7.61007929               0
   7.62007952               0
   7.63007975               0
   7.64007998               0
   7.65008020               0
   7.66008043               0
   7.67008066               0
   7.68008089               0
   7.69008112               0
   7.70008135               0
   7.71008158               0
   7.72008181               0
   7.73008204               0
   7.74008226               0
   7.75008249               0
   7.76008272               0
   7.77008295               0
   7.78008318               0
   7.79008341               0
   7.80008364               0
   7.81008387               0
   7.82008410               0
   7.83008432               0
   7.84008455               0
   7.85008478               0
   7.86008501               0
   7.87008524               0
   7.88008547               0
   7.89008570               0
   7.90008593               0
   7.91008615               0
   7.92008638               0
   7.93008661               0
   7.94008684               0
   7.95008707               0
   7.96008730               0
   7.97008753               0
   7.98008776               0
   7.99008799               0
   8.00008774               0
