   0.00000000             990
   9.99999978E-03         977
   1.99999996E-02         968
   2.99999993E-02         956
   3.99999991E-02         950
   4.99999970E-02         939
   5.99999949E-02         934
   6.99999928E-02         923
   7.99999908E-02         908
   8.99999887E-02         904
   9.99999866E-02         899
  0.109999985             881
  0.119999982             875
  0.129999980             868
  0.139999986             864
  0.149999991             852
  0.159999996             843
  0.170000002             834
  0.180000007             825
  0.190000013             817
  0.200000018             809
  0.210000023             798
  0.220000029             790
  0.230000034             784
  0.240000039             773
  0.250000030             764
  0.260000020             762
  0.270000011             751
  0.280000001             748
  0.289999992             744
  0.299999982             737
  0.309999973             732
  0.319999963             724
  0.329999954             717
  0.339999944             710
  0.349999934             698
  0.359999925             696
  0.369999915             691
  0.379999906             690
  0.389999896             684
  0.399999887             676
  0.409999877             672
  0.419999868             660
  0.429999858             654
  0.439999849             650
  0.449999839             646
  0.459999830             640
  0.469999820             637
  0.479999810             631
  0.489999801             622
  0.499999791             616
  0.509999812             607
  0.519999802             598
  0.529999793             595
  0.539999783             591
  0.549999774             583
  0.559999764             580
  0.569999754             574
  0.579999745             571
  0.589999735             566
  0.599999726             563
  0.609999716             560
  0.619999707             554
  0.629999697             549
  0.639999688             545
  0.649999678             540
  0.659999669             535
  0.669999659             531
  0.679999650             525
  0.689999640             521
  0.699999630             517
  0.709999621             512
  0.719999611             507
  0.729999602             501
  0.739999592             499
  0.749999583             495
  0.759999573             490
  0.769999564             485
  0.779999554             480
  0.789999545             473
  0.799999535             469
  0.809999526             467
  0.819999516             459
  0.829999506             458
  0.839999497             455
  0.849999487             453
  0.859999478             446
  0.869999468             443
  0.879999459             438
  0.889999449             438
  0.899999440             438
  0.909999430             431
  0.919999421             427
  0.929999411             421
  0.939999402             415
  0.949999392             409
  0.959999382             404
  0.969999373             400
  0.979999363             396
  0.989999354             389
  0.999999344             387
   1.00999939             382
   1.01999938             378
   1.02999938             376
   1.03999937             374
   1.04999936             372
   1.05999935             364
   1.06999934             361
   1.07999933             355
   1.08999932             353
   1.09999931             351
   1.10999930             345
   1.11999929             342
   1.12999928             339
   1.13999927             336
   1.14999926             333
   1.15999925             331
   1.16999924             327
   1.17999923             326
   1.18999922             321
   1.19999921             312
   1.20999920             310
   1.21999919             305
   1.22999918             305
   1.23999918             304
   1.24999917             300
   1.25999916             296
   1.26999915             293
   1.27999914             290
   1.28999913             289
   1.29999912             286
   1.30999911             282
   1.31999910             278
   1.32999909             274
   1.33999908             270
   1.34999907             267
   1.35999906             264
   1.36999905             263
   1.37999904             262
   1.38999903             257
   1.39999902             254
   1.40999901             251
   1.41999900             246
   1.42999899             243
   1.43999898             241
   1.44999897             238
   1.45999897             235
   1.46999896             233
   1.47999895             231
   1.48999894             229
   1.49999893             225
   1.50999892             225
   1.51999891             221
   1.52999890             218
   1.53999889             217
   1.54999888             215
   1.55999887             211
   1.56999886             209
   1.57999885             205
   1.58999884             203
   1.59999883             200
   1.60999882             200
   1.61999881             196
   1.62999880             196
   1.63999879             195
   1.64999878             192
   1.65999877             189
   1.66999876             189
   1.67999876             186
   1.68999875             186
   1.69999874             185
   1.70999873             185
   1.71999872             181
   1.72999871             177
   1.73999870             177
   1.74999869             175
   1.75999868             175
   1.76999867             174
   1.77999866             174
   1.78999865             174
   1.79999864             172
   1.80999863             169
   1.81999862             168
   1.82999861             167
   1.83999860             167
   1.84999859             164
   1.85999858             163
   1.86999857             161
   1.87999856             160
   1.88999856             157
   1.89999855             157
   1.90999854             155
   1.91999853             154
   1.92999852             151
   1.93999851             151
   1.94999850             149
   1.95999849             148
   1.96999848             148
   1.97999847             145
   1.98999846             145
   1.99999845             143
   2.00999856             143
   2.01999855             142
   2.02999854             142
   2.03999853             141
   2.04999852             141
   2.05999851             139
   2.06999850             137
   2.07999849             135
   2.08999848             135
   2.09999847             132
   2.10999846             131
   2.11999846             131
   2.12999845             131
   2.13999844             126
   2.14999843             125
   2.15999842             123
   2.16999841             122
   2.17999840             120
   2.18999839             119
   2.19999838             119
   2.20999837             119
   2.21999836             116
   2.22999835             116
   2.23999834             115
   2.24999833             115
   2.25999832             114
   2.26999831             113
   2.27999830             112
   2.28999829             111
   2.29999828             110
   2.30999827             110
   2.31999826             110
   2.32999825             110
   2.33999825             109
   2.34999824             109
   2.35999823             109
   2.36999822             106
   2.37999821             104
   2.38999820             103
   2.39999819             101
   2.40999818             100
   2.41999817             100
   2.42999816              98
   2.43999815              96
   2.44999814              96
   2.45999813              95
   2.46999812              95
   2.47999811              92
   2.48999810              92
   2.49999809              91
   2.50999808              91
   2.51999807              91
   2.52999806              89
   2.53999805              89
   2.54999804              89
   2.55999804              89
   2.56999803              89
   2.57999802              88
   2.58999801              86
   2.59999800              85
   2.60999799              85
   2.61999798              85
   2.62999797              83
   2.63999796              77
   2.64999795              77
   2.65999794              77
   2.66999793              77
   2.67999792              75
   2.68999791              73
   2.69999790              72
   2.70999789              72
   2.71999788              71
   2.72999787              70
   2.73999786              70
   2.74999785              69
   2.75999784              69
   2.76999784              68
   2.77999783              68
   2.78999782              68
   2.79999781              67
   2.80999780              66
   2.81999779              64
   2.82999778              62
   2.83999777              60
   2.84999776              60
   2.85999775              57
   2.86999774              56
   2.87999773              55
   2.88999772              55
   2.89999771              55
   2.90999770              54
   2.91999769              53
   2.92999768              52
   2.93999767              51
   2.94999766              50
   2.95999765              50
   2.96999764              50
   2.97999763              50
   2.98999763              50
   2.99999762              50
   3.00999761              50
   3.01999760              49
   3.02999759              49
   3.03999758              48
   3.04999757              48
   3.05999756              47
   3.06999755              47
   3.07999754              45
   3.08999753              45
   3.09999752              45
   3.10999751              45
   3.11999750              45
   3.12999749              44
   3.13999748              44
   3.14999747              43
   3.15999746              43
   3.16999745              43
   3.17999744              43
   3.18999743              42
   3.19999743              42
   3.20999742              42
   3.21999741              42
   3.22999740              42
   3.23999739              41
   3.24999738              41
   3.25999737              40
   3.26999736              40
   3.27999735              40
   3.28999734              39
   3.29999733              38
   3.30999732              38
   3.31999731              38
   3.32999730              38
   3.33999729              38
   3.34999728              38
   3.35999727              37
   3.36999726              36
   3.37999725              36
   3.38999724              36
   3.39999723              36
   3.40999722              35
   3.41999722              34
   3.42999721              33
   3.43999720              33
   3.44999719              33
   3.45999718              33
   3.46999717              33
   3.47999716              33
   3.48999715              33
   3.49999714              33
   3.50999713              32
   3.51999712              32
   3.52999711              32
   3.53999710              31
   3.54999709              31
   3.55999708              31
   3.56999707              31
   3.57999706              30
   3.58999705              29
   3.59999704              29
   3.60999703              29
   3.61999702              29
   3.62999701              29
   3.63999701              28
   3.64999700              28
   3.65999699              26
   3.66999698              26
   3.67999697              26
   3.68999696              26
   3.69999695              24
   3.70999694              23
   3.71999693              23
   3.72999692              23
   3.73999691              23
   3.74999690              23
   3.75999689              23
   3.76999688              23
   3.77999687              23
   3.78999686              23
   3.79999685              23
   3.80999684              23
   3.81999683              22
   3.82999682              22
   3.83999681              22
   3.84999681              22
   3.85999680              22
   3.86999679              22
   3.87999678              22
   3.88999677              22
   3.89999676              22
   3.90999675              22
   3.91999674              22
   3.92999673              22
   3.93999672              21
   3.94999671              20
   3.95999670              20
   3.96999669              20
   3.97999668              19
   3.98999667              18
   3.99999666              18
   4.00999689              18
   4.01999712              17
   4.02999735              17
   4.03999758              17
   4.04999781              17
   4.05999804              17
   4.06999826              17
   4.07999849              16
   4.08999872              16
   4.09999895              16
   4.10999918              16
   4.11999941              16
   4.12999964              16
   4.13999987              16
   4.15000010              16
   4.16000032              15
   4.17000055              15
   4.18000078              15
   4.19000101              15
   4.20000124              15
   4.21000147              15
   4.22000170              15
   4.23000193              15
   4.24000216              15
   4.25000238              15
   4.26000261              15
   4.27000284              15
   4.28000307              15
   4.29000330              15
   4.30000353              15
   4.31000376              15
   4.32000399              15
   4.33000422              15
   4.34000444              15
   4.35000467              15
   4.36000490              15
   4.37000513              15
   4.38000536              15
   4.39000559              15
   4.40000582              14
   4.41000605              14
   4.42000628              14
   4.43000650              14
   4.44000673              14
   4.45000696              14
   4.46000719              14
   4.47000742              14
   4.48000765              13
   4.49000788              12
   4.50000811              12
   4.51000834              12
   4.52000856              12
   4.53000879              12
   4.54000902              12
   4.55000925              12
   4.56000948              12
   4.57000971              12
   4.58000994              12
   4.59001017              12
   4.60001040              12
   4.61001062              12
   4.62001085              12
   4.63001108              12
   4.64001131              12
   4.65001154              12
   4.66001177              12
   4.67001200              12
   4.68001223              12
   4.69001245              12
   4.70001268              12
   4.71001291              12
   4.72001314              12
   4.73001337              12
   4.74001360              12
   4.75001383              12
   4.76001406              12
   4.77001429              12
   4.78001451              12
   4.79001474              12
   4.80001497              12
   4.81001520              12
   4.82001543              12
   4.83001566              12
   4.84001589              12
   4.85001612              11
   4.86001635              11
   4.87001657              11
   4.88001680              11
   4.89001703              11
   4.90001726              10
   4.91001749              10
   4.92001772              10
   4.93001795               9
   4.94001818               9
   4.95001841               9
   4.96001863               9
   4.97001886               8
   4.98001909               8
   4.99001932               8
   5.00001955               8
   5.01001978               8
   5.02002001               8
   5.03002024               8
   5.04002047               8
   5.05002069               8
   5.06002092               7
   5.07002115               7
   5.08002138               7
   5.09002161               7
   5.10002184               7
   5.11002207               7
   5.12002230               7
   5.13002253               7
   5.14002275               7
   5.15002298               7
   5.16002321               7
   5.17002344               7
   5.18002367               7
   5.19002390               7
   5.20002413               7
   5.21002436               7
   5.22002459               7
   5.23002481               7
   5.24002504               7
   5.25002527               7
   5.26002550               7
   5.27002573               7
   5.28002596               7
   5.29002619               7
   5.30002642               7
   5.31002665               7
   5.32002687               7
   5.33002710               7
   5.34002733               7
   5.35002756               7
   5.36002779               7
   5.37002802               7
   5.38002825               7
   5.39002848               7
   5.40002871               7
   5.41002893               7
   5.42002916               7
   5.43002939               7
   5.44002962               7
   5.45002985               7
   5.46003008               7
   5.47003031               6
   5.48003054               6
   5.49003077               6
   5.50003099               6
   5.51003122               6
   5.52003145               6
   5.53003168               6
   5.54003191               6
   5.55003214               5
   5.56003237               5
   5.57003260               5
   5.58003283               5
   5.59003305               5
   5.60003328               5
   5.61003351               5
   5.62003374               5
   5.63003397               5
   5.64003420               5
   5.65003443               5
   5.66003466               5
   5.67003489               5
   5.68003511               5
   5.69003534               5
   5.70003557               5
   5.71003580               5
   5.72003603               4
   5.73003626               4
   5.74003649               4
   5.75003672               4
   5.76003695               4
   5.77003717               4
   5.78003740               4
   5.79003763               4
   5.80003786               4
   5.81003809               4
   5.82003832               4
   5.83003855               4
   5.84003878               4
   5.85003901               4
   5.86003923               4
   5.87003946               4
   5.88003969               4
   5.89003992               4
   5.90004015               4
   5.91004038               4
   5.92004061               4
   5.93004084               4
   5.94004107               4
   5.95004129               4
   5.96004152               4
   5.97004175               4
   5.98004198               4
   5.99004221               4
   6.00004244               4
   6.01004267               4
   6.02004290               4
   6.03004313               4
   6.04004335               4
   6.05004358               4
   6.06004381               4
   6.07004404               4
   6.08004427               4
   6.09004450               4
   6.10004473               4
   6.11004496               4
   6.12004519               4
   6.13004541               4
   6.14004564               4
   6.15004587               4
   6.16004610               4
   6.17004633               4
   6.18004656               4
   6.19004679               4
   6.20004702               4
   6.21004725               4
   6.22004747               4
   6.23004770               4
   6.24004793               4
   6.25004816               4
   6.26004839               4
   6.27004862               4
   6.28004885               4
   6.29004908               4
   6.30004930               4
   6.31004953               4
   6.32004976               3
   6.33004999               3
   6.34005022               3
   6.35005045               3
   6.36005068               3
   6.37005091               3
   6.38005114               3
   6.39005136               3
   6.40005159               3
   6.41005182               3
   6.42005205               3
   6.43005228               3
   6.44005251               3
   6.45005274               3
   6.46005297               3
   6.47005320               3
   6.48005342               3
   6.49005365               3
   6.50005388               3
   6.51005411               3
   6.52005434               3
   6.53005457               3
   6.54005480               3
   6.55005503               3
   6.56005526               3
   6.57005548               3
   6.58005571               3
   6.59005594               3
   6.60005617               3
   6.61005640               3
   6.62005663               3
   6.63005686               3
   6.64005709               3
   6.65005732               3
   6.66005754               3
   6.67005777               3
   6.68005800               3
   6.69005823               3
   6.70005846               3
   6.71005869               3
   6.72005892               3
   6.73005915               3
   6.74005938               3
   6.75005960               3
   6.76005983               3
   6.77006006               3
   6.78006029               3
   6.79006052               3
   6.80006075               3
   6.81006098               3
   6.82006121               3
   6.83006144               3
   6.84006166               2
   6.85006189               2
   6.86006212               2
   6.87006235               2
   6.88006258               2
   6.89006281               2
   6.90006304               2
   6.91006327               2
   6.92006350               2
   6.93006372               2
   6.94006395               2
   6.95006418               2
   6.96006441               2
   6.97006464               2
   6.98006487               2
   6.99006510               2
   7.00006533               2
   7.01006556               2
   7.02006578               2
   7.03006601               2
   7.04006624               2
   7.05006647               2
   7.06006670               2
   7.07006693               2
   7.08006716               2
   7.09006739               2
   7.10006762               2
   7.11006784               2
   7.12006807               2
   7.13006830               2
   7.14006853               2
   7.15006876               2
   7.16006899               2
   7.17006922               2
   7.18006945               2
   7.19006968               2
   7.20006990               2
   7.21007013               2
   7.22007036               2
   7.23007059               2
   7.24007082               2
   7.25007105               2
   7.26007128               1
   7.27007151               1
   7.28007174               1
   7.29007196               1
   7.30007219               1
   7.31007242               1
   7.32007265               1
   7.33007288               1
   7.34007311               1
   7.35007334               1
   7.36007357               1
   7.37007380               1
   7.38007402               1
   7.39007425               1
   7.40007448               0
   7.41007471               0
   7.42007494               0
   7.43007517               0
   7.44007540               0
   7.45007563               0
   7.46007586               0
   7.47007608               0
   7.48007631               0
   7.49007654               0
   7.50007677               0
   7.51007700               0
   7.52007723               0
   7.53007746               0
   7.54007769               0
   7.55007792               0
   7.56007814               0
   7.57007837               0
   7.58007860               0
   7.59007883               0
   7.60007906               0
   7.61007929               0
   7.62007952               0
   7.63007975               0
   7.64007998               0
   7.65008020               0
   7.66008043               0
   7.67008066               0
   7.68008089               0
   7.69008112               0
   7.70008135               0
   7.71008158               0
   7.72008181               0
   7.73008204               0
   7.74008226               0
   7.75008249               0
   7.76008272               0
   7.77008295               0
   7.78008318               0
   7.79008341               0
   7.80008364               0
   7.81008387               0
   7.82008410               0
   7.83008432               0
   7.84008455               0
   7.85008478               0
   7.86008501               0
   7.87008524               0
   7.88008547               0
   7.89008570               0
   7.90008593               0
   7.91008615               0
   7.92008638               0
   7.93008661               0
   7.94008684               0
   7.95008707               0
   7.96008730               0
   7.97008753               0
   7.98008776               0
   7.99008799               0
   8.00008774               0
