   0.00000000             990
   9.99999978E-03         981
   1.99999996E-02         974
   2.99999993E-02         963
   3.99999991E-02         960
   4.99999970E-02         954
   5.99999949E-02         940
   6.99999928E-02         930
   7.99999908E-02         920
   8.99999887E-02         912
   9.99999866E-02         904
  0.109999985             895
  0.119999982             889
  0.129999980             881
  0.139999986             873
  0.149999991             866
  0.159999996             860
  0.170000002             852
  0.180000007             841
  0.190000013             834
  0.200000018             827
  0.210000023             818
  0.220000029             812
  0.230000034             804
  0.240000039             797
  0.250000030             791
  0.260000020             786
  0.270000011             779
  0.280000001             776
  0.289999992             767
  0.299999982             758
  0.309999973             749
  0.319999963             740
  0.329999954             729
  0.339999944             720
  0.349999934             708
  0.359999925             703
  0.369999915             695
  0.379999906             685
  0.389999896             683
  0.399999887             677
  0.409999877             671
  0.419999868             663
  0.429999858             653
  0.439999849             642
  0.449999839             635
  0.459999830             629
  0.469999820             625
  0.479999810             616
  0.489999801             605
  0.499999791             599
  0.509999812             593
  0.519999802             588
  0.529999793             580
  0.539999783             575
  0.549999774             569
  0.559999764             565
  0.569999754             562
  0.579999745             559
  0.589999735             554
  0.599999726             548
  0.609999716             542
  0.619999707             533
  0.629999697             532
  0.639999688             528
  0.649999678             521
  0.659999669             513
  0.669999659             507
  0.679999650             500
  0.689999640             499
  0.699999630             491
  0.709999621             485
  0.719999611             481
  0.729999602             473
  0.739999592             462
  0.749999583             458
  0.759999573             451
  0.769999564             447
  0.779999554             446
  0.789999545             441
  0.799999535             436
  0.809999526             431
  0.819999516             427
  0.829999506             425
  0.839999497             422
  0.849999487             420
  0.859999478             417
  0.869999468             414
  0.879999459             409
  0.889999449             402
  0.899999440             401
  0.909999430             396
  0.919999421             391
  0.929999411             387
  0.939999402             383
  0.949999392             381
  0.959999382             377
  0.969999373             374
  0.979999363             372
  0.989999354             370
  0.999999344             366
   1.00999939             360
   1.01999938             357
   1.02999938             354
   1.03999937             349
   1.04999936             345
   1.05999935             340
   1.06999934             337
   1.07999933             336
   1.08999932             334
   1.09999931             331
   1.10999930             327
   1.11999929             323
   1.12999928             321
   1.13999927             318
   1.14999926             317
   1.15999925             313
   1.16999924             308
   1.17999923             307
   1.18999922             306
   1.19999921             301
   1.20999920             301
   1.21999919             300
   1.22999918             298
   1.23999918             294
   1.24999917             291
   1.25999916             289
   1.26999915             288
   1.27999914             287
   1.28999913             284
   1.29999912             280
   1.30999911             275
   1.31999910             270
   1.32999909             265
   1.33999908             262
   1.34999907             262
   1.35999906             259
   1.36999905             257
   1.37999904             255
   1.38999903             251
   1.39999902             250
   1.40999901             250
   1.41999900             249
   1.42999899             249
   1.43999898             248
   1.44999897             245
   1.45999897             243
   1.46999896             243
   1.47999895             243
   1.48999894             243
   1.49999893             241
   1.50999892             239
   1.51999891             238
   1.52999890             236
   1.53999889             235
   1.54999888             235
   1.55999887             230
   1.56999886             228
   1.57999885             224
   1.58999884             221
   1.59999883             218
   1.60999882             215
   1.61999881             212
   1.62999880             208
   1.63999879             207
   1.64999878             206
   1.65999877             202
   1.66999876             200
   1.67999876             199
   1.68999875             196
   1.69999874             194
   1.70999873             190
   1.71999872             189
   1.72999871             188
   1.73999870             187
   1.74999869             186
   1.75999868             184
   1.76999867             182
   1.77999866             180
   1.78999865             179
   1.79999864             177
   1.80999863             175
   1.81999862             174
   1.82999861             170
   1.83999860             167
   1.84999859             166
   1.85999858             162
   1.86999857             159
   1.87999856             159
   1.88999856             157
   1.89999855             157
   1.90999854             157
   1.91999853             157
   1.92999852             155
   1.93999851             155
   1.94999850             155
   1.95999849             155
   1.96999848             153
   1.97999847             151
   1.98999846             151
   1.99999845             151
   2.00999856             151
   2.01999855             149
   2.02999854             147
   2.03999853             146
   2.04999852             145
   2.05999851             141
   2.06999850             138
   2.07999849             136
   2.08999848             135
   2.09999847             134
   2.10999846             134
   2.11999846             133
   2.12999845             130
   2.13999844             128
   2.14999843             125
   2.15999842             125
   2.16999841             125
   2.17999840             123
   2.18999839             122
   2.19999838             121
   2.20999837             120
   2.21999836             119
   2.22999835             119
   2.23999834             118
   2.24999833             118
   2.25999832             117
   2.26999831             115
   2.27999830             115
   2.28999829             115
   2.29999828             115
   2.30999827             113
   2.31999826             111
   2.32999825             111
   2.33999825             109
   2.34999824             109
   2.35999823             105
   2.36999822             104
   2.37999821             102
   2.38999820             102
   2.39999819             102
   2.40999818             101
   2.41999817             100
   2.42999816             100
   2.43999815             100
   2.44999814              99
   2.45999813              97
   2.46999812              95
   2.47999811              95
   2.48999810              92
   2.49999809              92
   2.50999808              90
   2.51999807              89
   2.52999806              88
   2.53999805              86
   2.54999804              86
   2.55999804              86
   2.56999803              85
   2.57999802              85
   2.58999801              84
   2.59999800              84
   2.60999799              83
   2.61999798              83
   2.62999797              82
   2.63999796              79
   2.64999795              78
   2.65999794              76
   2.66999793              76
   2.67999792              75
   2.68999791              74
   2.69999790              74
   2.70999789              74
   2.71999788              73
   2.72999787              70
   2.73999786              70
   2.74999785              69
   2.75999784              69
   2.76999784              69
   2.77999783              69
   2.78999782              69
   2.79999781              66
   2.80999780              66
   2.81999779              66
   2.82999778              65
   2.83999777              65
   2.84999776              65
   2.85999775              64
   2.86999774              64
   2.87999773              64
   2.88999772              61
   2.89999771              60
   2.90999770              60
   2.91999769              59
   2.92999768              58
   2.93999767              57
   2.94999766              56
   2.95999765              56
   2.96999764              56
   2.97999763              56
   2.98999763              56
   2.99999762              54
   3.00999761              54
   3.01999760              52
   3.02999759              51
   3.03999758              51
   3.04999757              51
   3.05999756              51
   3.06999755              51
   3.07999754              50
   3.08999753              50
   3.09999752              50
   3.10999751              50
   3.11999750              50
   3.12999749              48
   3.13999748              48
   3.14999747              48
   3.15999746              47
   3.16999745              45
   3.17999744              43
   3.18999743              43
   3.19999743              43
   3.20999742              43
   3.21999741              42
   3.22999740              41
   3.23999739              41
   3.24999738              41
   3.25999737              41
   3.26999736              40
   3.27999735              39
   3.28999734              39
   3.29999733              38
   3.30999732              38
   3.31999731              37
   3.32999730              37
   3.33999729              37
   3.34999728              37
   3.35999727              35
   3.36999726              33
   3.37999725              32
   3.38999724              32
   3.39999723              32
   3.40999722              31
   3.41999722              29
   3.42999721              29
   3.43999720              29
   3.44999719              29
   3.45999718              29
   3.46999717              29
   3.47999716              28
   3.48999715              28
   3.49999714              27
   3.50999713              26
   3.51999712              26
   3.52999711              25
   3.53999710              25
   3.54999709              24
   3.55999708              24
   3.56999707              24
   3.57999706              24
   3.58999705              23
   3.59999704              23
   3.60999703              23
   3.61999702              23
   3.62999701              23
   3.63999701              23
   3.64999700              23
   3.65999699              23
   3.66999698              23
   3.67999697              23
   3.68999696              23
   3.69999695              23
   3.70999694              23
   3.71999693              23
   3.72999692              23
   3.73999691              23
   3.74999690              22
   3.75999689              21
   3.76999688              21
   3.77999687              21
   3.78999686              21
   3.79999685              21
   3.80999684              21
   3.81999683              21
   3.82999682              21
   3.83999681              21
   3.84999681              21
   3.85999680              20
   3.86999679              20
   3.87999678              19
   3.88999677              19
   3.89999676              18
   3.90999675              18
   3.91999674              18
   3.92999673              18
   3.93999672              18
   3.94999671              18
   3.95999670              18
   3.96999669              18
   3.97999668              18
   3.98999667              18
   3.99999666              18
   4.00999689              18
   4.01999712              18
   4.02999735              18
   4.03999758              18
   4.04999781              18
   4.05999804              18
   4.06999826              18
   4.07999849              18
   4.08999872              18
   4.09999895              18
   4.10999918              18
   4.11999941              17
   4.12999964              17
   4.13999987              16
   4.15000010              16
   4.16000032              16
   4.17000055              16
   4.18000078              16
   4.19000101              16
   4.20000124              16
   4.21000147              16
   4.22000170              15
   4.23000193              15
   4.24000216              15
   4.25000238              15
   4.26000261              15
   4.27000284              15
   4.28000307              15
   4.29000330              15
   4.30000353              15
   4.31000376              15
   4.32000399              15
   4.33000422              15
   4.34000444              15
   4.35000467              14
   4.36000490              14
   4.37000513              14
   4.38000536              14
   4.39000559              14
   4.40000582              14
   4.41000605              14
   4.42000628              14
   4.43000650              14
   4.44000673              13
   4.45000696              13
   4.46000719              13
   4.47000742              13
   4.48000765              13
   4.49000788              13
   4.50000811              13
   4.51000834              13
   4.52000856              13
   4.53000879              13
   4.54000902              12
   4.55000925              12
   4.56000948              12
   4.57000971              12
   4.58000994              12
   4.59001017              11
   4.60001040              11
   4.61001062              11
   4.62001085              10
   4.63001108               9
   4.64001131               9
   4.65001154               9
   4.66001177               9
   4.67001200               9
   4.68001223               9
   4.69001245               9
   4.70001268               9
   4.71001291               9
   4.72001314               9
   4.73001337               9
   4.74001360               9
   4.75001383               9
   4.76001406               9
   4.77001429               9
   4.78001451               9
   4.79001474               8
   4.80001497               8
   4.81001520               8
   4.82001543               8
   4.83001566               8
   4.84001589               8
   4.85001612               8
   4.86001635               8
   4.87001657               8
   4.88001680               8
   4.89001703               8
   4.90001726               8
   4.91001749               8
   4.92001772               8
   4.93001795               8
   4.94001818               8
   4.95001841               8
   4.96001863               8
   4.97001886               8
   4.98001909               8
   4.99001932               8
   5.00001955               8
   5.01001978               8
   5.02002001               8
   5.03002024               8
   5.04002047               8
   5.05002069               8
   5.06002092               8
   5.07002115               7
   5.08002138               7
   5.09002161               7
   5.10002184               7
   5.11002207               7
   5.12002230               7
   5.13002253               7
   5.14002275               6
   5.15002298               6
   5.16002321               6
   5.17002344               6
   5.18002367               6
   5.19002390               6
   5.20002413               6
   5.21002436               6
   5.22002459               5
   5.23002481               5
   5.24002504               5
   5.25002527               5
   5.26002550               5
   5.27002573               5
   5.28002596               5
   5.29002619               5
   5.30002642               5
   5.31002665               5
   5.32002687               5
   5.33002710               5
   5.34002733               5
   5.35002756               5
   5.36002779               5
   5.37002802               5
   5.38002825               5
   5.39002848               5
   5.40002871               4
   5.41002893               4
   5.42002916               4
   5.43002939               4
   5.44002962               4
   5.45002985               4
   5.46003008               4
   5.47003031               4
   5.48003054               4
   5.49003077               4
   5.50003099               4
   5.51003122               4
   5.52003145               4
   5.53003168               4
   5.54003191               4
   5.55003214               4
   5.56003237               4
   5.57003260               4
   5.58003283               4
   5.59003305               4
   5.60003328               4
   5.61003351               4
   5.62003374               4
   5.63003397               4
   5.64003420               4
   5.65003443               4
   5.66003466               4
   5.67003489               4
   5.68003511               4
   5.69003534               4
   5.70003557               4
   5.71003580               4
   5.72003603               4
   5.73003626               4
   5.74003649               4
   5.75003672               4
   5.76003695               4
   5.77003717               4
   5.78003740               4
   5.79003763               4
   5.80003786               4
   5.81003809               4
   5.82003832               4
   5.83003855               4
   5.84003878               4
   5.85003901               4
   5.86003923               4
   5.87003946               4
   5.88003969               4
   5.89003992               4
   5.90004015               4
   5.91004038               4
   5.92004061               4
   5.93004084               4
   5.94004107               4
   5.95004129               4
   5.96004152               4
   5.97004175               4
   5.98004198               4
   5.99004221               4
   6.00004244               4
   6.01004267               4
   6.02004290               4
   6.03004313               4
   6.04004335               4
   6.05004358               4
   6.06004381               4
   6.07004404               3
   6.08004427               3
   6.09004450               3
   6.10004473               3
   6.11004496               3
   6.12004519               3
   6.13004541               3
   6.14004564               3
   6.15004587               3
   6.16004610               3
   6.17004633               3
   6.18004656               3
   6.19004679               3
   6.20004702               3
   6.21004725               3
   6.22004747               3
   6.23004770               3
   6.24004793               3
   6.25004816               3
   6.26004839               3
   6.27004862               3
   6.28004885               3
   6.29004908               3
   6.30004930               3
   6.31004953               3
   6.32004976               3
   6.33004999               3
   6.34005022               3
   6.35005045               3
   6.36005068               2
   6.37005091               2
   6.38005114               2
   6.39005136               2
   6.40005159               2
   6.41005182               2
   6.42005205               2
   6.43005228               2
   6.44005251               2
   6.45005274               2
   6.46005297               2
   6.47005320               2
   6.48005342               2
   6.49005365               2
   6.50005388               2
   6.51005411               2
   6.52005434               2
   6.53005457               2
   6.54005480               2
   6.55005503               2
   6.56005526               2
   6.57005548               2
   6.58005571               2
   6.59005594               2
   6.60005617               2
   6.61005640               2
   6.62005663               2
   6.63005686               2
   6.64005709               2
   6.65005732               2
   6.66005754               2
   6.67005777               2
   6.68005800               2
   6.69005823               2
   6.70005846               2
   6.71005869               2
   6.72005892               2
   6.73005915               2
   6.74005938               2
   6.75005960               2
   6.76005983               2
   6.77006006               2
   6.78006029               2
   6.79006052               2
   6.80006075               2
   6.81006098               2
   6.82006121               2
   6.83006144               2
   6.84006166               2
   6.85006189               2
   6.86006212               2
   6.87006235               2
   6.88006258               2
   6.89006281               2
   6.90006304               2
   6.91006327               2
   6.92006350               2
   6.93006372               2
   6.94006395               2
   6.95006418               2
   6.96006441               2
   6.97006464               2
   6.98006487               2
   6.99006510               2
   7.00006533               2
   7.01006556               2
   7.02006578               2
   7.03006601               2
   7.04006624               2
   7.05006647               2
   7.06006670               2
   7.07006693               2
   7.08006716               2
   7.09006739               2
   7.10006762               2
   7.11006784               2
   7.12006807               2
   7.13006830               2
   7.14006853               2
   7.15006876               2
   7.16006899               2
   7.17006922               2
   7.18006945               2
   7.19006968               2
   7.20006990               2
   7.21007013               2
   7.22007036               2
   7.23007059               2
   7.24007082               2
   7.25007105               2
   7.26007128               2
   7.27007151               2
   7.28007174               2
   7.29007196               2
   7.30007219               2
   7.31007242               2
   7.32007265               2
   7.33007288               2
   7.34007311               2
   7.35007334               2
   7.36007357               2
   7.37007380               2
   7.38007402               2
   7.39007425               2
   7.40007448               2
   7.41007471               2
   7.42007494               2
   7.43007517               2
   7.44007540               2
   7.45007563               2
   7.46007586               2
   7.47007608               2
   7.48007631               2
   7.49007654               2
   7.50007677               2
   7.51007700               2
   7.52007723               2
   7.53007746               2
   7.54007769               2
   7.55007792               2
   7.56007814               2
   7.57007837               2
   7.58007860               2
   7.59007883               2
   7.60007906               2
   7.61007929               2
   7.62007952               2
   7.63007975               2
   7.64007998               2
   7.65008020               2
   7.66008043               2
   7.67008066               2
   7.68008089               2
   7.69008112               2
   7.70008135               2
   7.71008158               2
   7.72008181               2
   7.73008204               2
   7.74008226               2
   7.75008249               2
   7.76008272               2
   7.77008295               2
   7.78008318               2
   7.79008341               2
   7.80008364               2
   7.81008387               1
   7.82008410               1
   7.83008432               1
   7.84008455               1
   7.85008478               1
   7.86008501               1
   7.87008524               1
   7.88008547               1
   7.89008570               1
   7.90008593               1
   7.91008615               1
   7.92008638               1
   7.93008661               1
   7.94008684               1
   7.95008707               1
   7.96008730               1
   7.97008753               1
   7.98008776               1
   7.99008799               1
   8.00008774               1
