   0.00000000             992
   9.99999978E-03         983
   1.99999996E-02         973
   2.99999993E-02         965
   3.99999991E-02         953
   4.99999970E-02         942
   5.99999949E-02         937
   6.99999928E-02         931
   7.99999908E-02         925
   8.99999887E-02         918
   9.99999866E-02         906
  0.109999985             897
  0.119999982             888
  0.129999980             878
  0.139999986             866
  0.149999991             850
  0.159999996             840
  0.170000002             827
  0.180000007             821
  0.190000013             809
  0.200000018             802
  0.210000023             791
  0.220000029             787
  0.230000034             781
  0.240000039             775
  0.250000030             767
  0.260000020             754
  0.270000011             741
  0.280000001             732
  0.289999992             728
  0.299999982             723
  0.309999973             715
  0.319999963             706
  0.329999954             698
  0.339999944             694
  0.349999934             688
  0.359999925             676
  0.369999915             673
  0.379999906             667
  0.389999896             662
  0.399999887             658
  0.409999877             651
  0.419999868             649
  0.429999858             648
  0.439999849             640
  0.449999839             634
  0.459999830             628
  0.469999820             622
  0.479999810             614
  0.489999801             608
  0.499999791             596
  0.509999812             592
  0.519999802             587
  0.529999793             582
  0.539999783             579
  0.549999774             568
  0.559999764             565
  0.569999754             564
  0.579999745             560
  0.589999735             554
  0.599999726             545
  0.609999716             542
  0.619999707             535
  0.629999697             525
  0.639999688             513
  0.649999678             509
  0.659999669             502
  0.669999659             495
  0.679999650             489
  0.689999640             482
  0.699999630             476
  0.709999621             469
  0.719999611             460
  0.729999602             457
  0.739999592             449
  0.749999583             444
  0.759999573             442
  0.769999564             438
  0.779999554             432
  0.789999545             428
  0.799999535             424
  0.809999526             420
  0.819999516             415
  0.829999506             411
  0.839999497             408
  0.849999487             404
  0.859999478             398
  0.869999468             393
  0.879999459             391
  0.889999449             388
  0.899999440             385
  0.909999430             379
  0.919999421             373
  0.929999411             370
  0.939999402             367
  0.949999392             365
  0.959999382             360
  0.969999373             360
  0.979999363             358
  0.989999354             354
  0.999999344             351
   1.00999939             350
   1.01999938             345
   1.02999938             343
   1.03999937             338
   1.04999936             333
   1.05999935             326
   1.06999934             323
   1.07999933             319
   1.08999932             316
   1.09999931             314
   1.10999930             312
   1.11999929             311
   1.12999928             305
   1.13999927             300
   1.14999926             294
   1.15999925             289
   1.16999924             288
   1.17999923             286
   1.18999922             284
   1.19999921             284
   1.20999920             280
   1.21999919             278
   1.22999918             277
   1.23999918             275
   1.24999917             273
   1.25999916             270
   1.26999915             270
   1.27999914             269
   1.28999913             267
   1.29999912             265
   1.30999911             264
   1.31999910             261
   1.32999909             260
   1.33999908             257
   1.34999907             252
   1.35999906             252
   1.36999905             249
   1.37999904             247
   1.38999903             243
   1.39999902             241
   1.40999901             241
   1.41999900             239
   1.42999899             238
   1.43999898             237
   1.44999897             235
   1.45999897             232
   1.46999896             230
   1.47999895             224
   1.48999894             221
   1.49999893             218
   1.50999892             218
   1.51999891             216
   1.52999890             215
   1.53999889             213
   1.54999888             211
   1.55999887             209
   1.56999886             208
   1.57999885             201
   1.58999884             199
   1.59999883             197
   1.60999882             196
   1.61999881             195
   1.62999880             193
   1.63999879             192
   1.64999878             191
   1.65999877             187
   1.66999876             182
   1.67999876             180
   1.68999875             179
   1.69999874             177
   1.70999873             171
   1.71999872             170
   1.72999871             169
   1.73999870             169
   1.74999869             169
   1.75999868             168
   1.76999867             167
   1.77999866             167
   1.78999865             167
   1.79999864             165
   1.80999863             162
   1.81999862             160
   1.82999861             156
   1.83999860             155
   1.84999859             153
   1.85999858             152
   1.86999857             150
   1.87999856             148
   1.88999856             146
   1.89999855             146
   1.90999854             144
   1.91999853             142
   1.92999852             141
   1.93999851             139
   1.94999850             138
   1.95999849             138
   1.96999848             137
   1.97999847             135
   1.98999846             133
   1.99999845             131
   2.00999856             131
   2.01999855             130
   2.02999854             129
   2.03999853             127
   2.04999852             126
   2.05999851             123
   2.06999850             123
   2.07999849             122
   2.08999848             120
   2.09999847             118
   2.10999846             118
   2.11999846             118
   2.12999845             116
   2.13999844             114
   2.14999843             114
   2.15999842             113
   2.16999841             111
   2.17999840             110
   2.18999839             110
   2.19999838             107
   2.20999837             106
   2.21999836             105
   2.22999835             103
   2.23999834             101
   2.24999833              97
   2.25999832              95
   2.26999831              91
   2.27999830              91
   2.28999829              90
   2.29999828              89
   2.30999827              88
   2.31999826              86
   2.32999825              84
   2.33999825              82
   2.34999824              80
   2.35999823              79
   2.36999822              77
   2.37999821              77
   2.38999820              75
   2.39999819              74
   2.40999818              74
   2.41999817              71
   2.42999816              71
   2.43999815              71
   2.44999814              70
   2.45999813              70
   2.46999812              68
   2.47999811              68
   2.48999810              67
   2.49999809              66
   2.50999808              65
   2.51999807              65
   2.52999806              61
   2.53999805              61
   2.54999804              61
   2.55999804              60
   2.56999803              59
   2.57999802              58
   2.58999801              58
   2.59999800              57
   2.60999799              57
   2.61999798              55
   2.62999797              55
   2.63999796              54
   2.64999795              53
   2.65999794              53
   2.66999793              52
   2.67999792              52
   2.68999791              51
   2.69999790              51
   2.70999789              51
   2.71999788              50
   2.72999787              50
   2.73999786              50
   2.74999785              49
   2.75999784              49
   2.76999784              49
   2.77999783              48
   2.78999782              47
   2.79999781              47
   2.80999780              47
   2.81999779              47
   2.82999778              46
   2.83999777              45
   2.84999776              45
   2.85999775              45
   2.86999774              45
   2.87999773              45
   2.88999772              44
   2.89999771              42
   2.90999770              42
   2.91999769              42
   2.92999768              42
   2.93999767              42
   2.94999766              41
   2.95999765              41
   2.96999764              41
   2.97999763              41
   2.98999763              41
   2.99999762              40
   3.00999761              40
   3.01999760              40
   3.02999759              40
   3.03999758              40
   3.04999757              40
   3.05999756              40
   3.06999755              39
   3.07999754              38
   3.08999753              37
   3.09999752              37
   3.10999751              37
   3.11999750              36
   3.12999749              35
   3.13999748              34
   3.14999747              33
   3.15999746              33
   3.16999745              33
   3.17999744              32
   3.18999743              32
   3.19999743              31
   3.20999742              31
   3.21999741              31
   3.22999740              31
   3.23999739              31
   3.24999738              31
   3.25999737              29
   3.26999736              28
   3.27999735              28
   3.28999734              28
   3.29999733              28
   3.30999732              28
   3.31999731              28
   3.32999730              27
   3.33999729              27
   3.34999728              26
   3.35999727              26
   3.36999726              26
   3.37999725              24
   3.38999724              24
   3.39999723              24
   3.40999722              23
   3.41999722              23
   3.42999721              21
   3.43999720              21
   3.44999719              21
   3.45999718              21
   3.46999717              21
   3.47999716              21
   3.48999715              21
   3.49999714              21
   3.50999713              21
   3.51999712              21
   3.52999711              21
   3.53999710              21
   3.54999709              21
   3.55999708              21
   3.56999707              21
   3.57999706              21
   3.58999705              21
   3.59999704              20
   3.60999703              20
   3.61999702              20
   3.62999701              20
   3.63999701              20
   3.64999700              20
   3.65999699              20
   3.66999698              20
   3.67999697              20
   3.68999696              19
   3.69999695              19
   3.70999694              19
   3.71999693              19
   3.72999692              19
   3.73999691              19
   3.74999690              19
   3.75999689              19
   3.76999688              19
   3.77999687              19
   3.78999686              19
   3.79999685              19
   3.80999684              19
   3.81999683              19
   3.82999682              19
   3.83999681              19
   3.84999681              19
   3.85999680              19
   3.86999679              19
   3.87999678              19
   3.88999677              19
   3.89999676              19
   3.90999675              19
   3.91999674              19
   3.92999673              19
   3.93999672              19
   3.94999671              19
   3.95999670              19
   3.96999669              19
   3.97999668              18
   3.98999667              18
   3.99999666              18
   4.00999689              18
   4.01999712              18
   4.02999735              18
   4.03999758              18
   4.04999781              18
   4.05999804              18
   4.06999826              17
   4.07999849              17
   4.08999872              16
   4.09999895              16
   4.10999918              16
   4.11999941              16
   4.12999964              16
   4.13999987              16
   4.15000010              16
   4.16000032              16
   4.17000055              16
   4.18000078              16
   4.19000101              16
   4.20000124              16
   4.21000147              16
   4.22000170              14
   4.23000193              14
   4.24000216              14
   4.25000238              14
   4.26000261              14
   4.27000284              14
   4.28000307              14
   4.29000330              14
   4.30000353              14
   4.31000376              14
   4.32000399              13
   4.33000422              13
   4.34000444              13
   4.35000467              12
   4.36000490              11
   4.37000513              11
   4.38000536              11
   4.39000559              11
   4.40000582              11
   4.41000605              11
   4.42000628              11
   4.43000650              11
   4.44000673              11
   4.45000696              11
   4.46000719              11
   4.47000742              11
   4.48000765              11
   4.49000788              11
   4.50000811              11
   4.51000834              11
   4.52000856              11
   4.53000879              11
   4.54000902              11
   4.55000925              11
   4.56000948              11
   4.57000971              11
   4.58000994              11
   4.59001017              11
   4.60001040              11
   4.61001062              11
   4.62001085              11
   4.63001108              11
   4.64001131              11
   4.65001154              11
   4.66001177              11
   4.67001200              10
   4.68001223              10
   4.69001245              10
   4.70001268              10
   4.71001291              10
   4.72001314              10
   4.73001337              10
   4.74001360              10
   4.75001383              10
   4.76001406              10
   4.77001429              10
   4.78001451              10
   4.79001474              10
   4.80001497              10
   4.81001520              10
   4.82001543              10
   4.83001566              10
   4.84001589              10
   4.85001612              10
   4.86001635              10
   4.87001657              10
   4.88001680              10
   4.89001703              10
   4.90001726              10
   4.91001749              10
   4.92001772              10
   4.93001795              10
   4.94001818               9
   4.95001841               9
   4.96001863               9
   4.97001886               9
   4.98001909               9
   4.99001932               9
   5.00001955               9
   5.01001978               9
   5.02002001               9
   5.03002024               9
   5.04002047               9
   5.05002069               9
   5.06002092               9
   5.07002115               9
   5.08002138               9
   5.09002161               9
   5.10002184               9
   5.11002207               9
   5.12002230               9
   5.13002253               9
   5.14002275               9
   5.15002298               9
   5.16002321               9
   5.17002344               9
   5.18002367               9
   5.19002390               9
   5.20002413               9
   5.21002436               8
   5.22002459               8
   5.23002481               8
   5.24002504               8
   5.25002527               8
   5.26002550               8
   5.27002573               7
   5.28002596               7
   5.29002619               7
   5.30002642               7
   5.31002665               7
   5.32002687               7
   5.33002710               7
   5.34002733               7
   5.35002756               7
   5.36002779               6
   5.37002802               6
   5.38002825               6
   5.39002848               6
   5.40002871               6
   5.41002893               6
   5.42002916               6
   5.43002939               6
   5.44002962               6
   5.45002985               6
   5.46003008               6
   5.47003031               6
   5.48003054               6
   5.49003077               6
   5.50003099               6
   5.51003122               6
   5.52003145               6
   5.53003168               6
   5.54003191               6
   5.55003214               6
   5.56003237               6
   5.57003260               6
   5.58003283               6
   5.59003305               6
   5.60003328               6
   5.61003351               6
   5.62003374               6
   5.63003397               6
   5.64003420               6
   5.65003443               6
   5.66003466               6
   5.67003489               6
   5.68003511               6
   5.69003534               6
   5.70003557               6
   5.71003580               6
   5.72003603               6
   5.73003626               6
   5.74003649               6
   5.75003672               6
   5.76003695               6
   5.77003717               6
   5.78003740               6
   5.79003763               6
   5.80003786               6
   5.81003809               6
   5.82003832               6
   5.83003855               6
   5.84003878               6
   5.85003901               6
   5.86003923               6
   5.87003946               6
   5.88003969               5
   5.89003992               5
   5.90004015               5
   5.91004038               5
   5.92004061               5
   5.93004084               5
   5.94004107               5
   5.95004129               5
   5.96004152               5
   5.97004175               5
   5.98004198               5
   5.99004221               5
   6.00004244               5
   6.01004267               5
   6.02004290               5
   6.03004313               5
   6.04004335               5
   6.05004358               5
   6.06004381               5
   6.07004404               5
   6.08004427               5
   6.09004450               5
   6.10004473               4
   6.11004496               4
   6.12004519               4
   6.13004541               4
   6.14004564               4
   6.15004587               4
   6.16004610               4
   6.17004633               4
   6.18004656               4
   6.19004679               4
   6.20004702               4
   6.21004725               4
   6.22004747               4
   6.23004770               4
   6.24004793               4
   6.25004816               4
   6.26004839               4
   6.27004862               4
   6.28004885               4
   6.29004908               4
   6.30004930               4
   6.31004953               4
   6.32004976               4
   6.33004999               4
   6.34005022               4
   6.35005045               4
   6.36005068               4
   6.37005091               4
   6.38005114               4
   6.39005136               4
   6.40005159               4
   6.41005182               4
   6.42005205               4
   6.43005228               4
   6.44005251               4
   6.45005274               4
   6.46005297               4
   6.47005320               4
   6.48005342               4
   6.49005365               4
   6.50005388               4
   6.51005411               4
   6.52005434               3
   6.53005457               3
   6.54005480               3
   6.55005503               3
   6.56005526               2
   6.57005548               2
   6.58005571               2
   6.59005594               2
   6.60005617               2
   6.61005640               2
   6.62005663               2
   6.63005686               2
   6.64005709               2
   6.65005732               2
   6.66005754               2
   6.67005777               2
   6.68005800               2
   6.69005823               2
   6.70005846               2
   6.71005869               2
   6.72005892               2
   6.73005915               2
   6.74005938               2
   6.75005960               2
   6.76005983               2
   6.77006006               2
   6.78006029               2
   6.79006052               2
   6.80006075               2
   6.81006098               2
   6.82006121               2
   6.83006144               2
   6.84006166               2
   6.85006189               2
   6.86006212               2
   6.87006235               2
   6.88006258               2
   6.89006281               2
   6.90006304               2
   6.91006327               2
   6.92006350               2
   6.93006372               2
   6.94006395               1
   6.95006418               1
   6.96006441               1
   6.97006464               1
   6.98006487               1
   6.99006510               1
   7.00006533               1
   7.01006556               1
   7.02006578               1
   7.03006601               1
   7.04006624               1
   7.05006647               1
   7.06006670               1
   7.07006693               1
   7.08006716               1
   7.09006739               1
   7.10006762               1
   7.11006784               1
   7.12006807               1
   7.13006830               1
   7.14006853               1
   7.15006876               1
   7.16006899               1
   7.17006922               1
   7.18006945               1
   7.19006968               1
   7.20006990               1
   7.21007013               1
   7.22007036               1
   7.23007059               1
   7.24007082               1
   7.25007105               1
   7.26007128               1
   7.27007151               1
   7.28007174               1
   7.29007196               1
   7.30007219               1
   7.31007242               1
   7.32007265               1
   7.33007288               1
   7.34007311               1
   7.35007334               1
   7.36007357               1
   7.37007380               1
   7.38007402               1
   7.39007425               1
   7.40007448               1
   7.41007471               1
   7.42007494               1
   7.43007517               1
   7.44007540               1
   7.45007563               1
   7.46007586               1
   7.47007608               1
   7.48007631               1
   7.49007654               1
   7.50007677               1
   7.51007700               1
   7.52007723               1
   7.53007746               1
   7.54007769               1
   7.55007792               1
   7.56007814               1
   7.57007837               1
   7.58007860               1
   7.59007883               1
   7.60007906               1
   7.61007929               1
   7.62007952               1
   7.63007975               1
   7.64007998               1
   7.65008020               1
   7.66008043               1
   7.67008066               1
   7.68008089               1
   7.69008112               1
   7.70008135               1
   7.71008158               1
   7.72008181               1
   7.73008204               1
   7.74008226               1
   7.75008249               1
   7.76008272               1
   7.77008295               1
   7.78008318               1
   7.79008341               1
   7.80008364               1
   7.81008387               1
   7.82008410               1
   7.83008432               1
   7.84008455               1
   7.85008478               1
   7.86008501               1
   7.87008524               1
   7.88008547               1
   7.89008570               1
   7.90008593               1
   7.91008615               1
   7.92008638               0
   7.93008661               0
   7.94008684               0
   7.95008707               0
   7.96008730               0
   7.97008753               0
   7.98008776               0
   7.99008799               0
   8.00008774               0
