   0.00000000             988
   9.99999978E-03         980
   1.99999996E-02         973
   2.99999993E-02         964
   3.99999991E-02         950
   4.99999970E-02         939
   5.99999949E-02         930
   6.99999928E-02         919
   7.99999908E-02         910
   8.99999887E-02         901
   9.99999866E-02         888
  0.109999985             879
  0.119999982             867
  0.129999980             858
  0.139999986             849
  0.149999991             838
  0.159999996             823
  0.170000002             815
  0.180000007             806
  0.190000013             791
  0.200000018             785
  0.210000023             774
  0.220000029             768
  0.230000034             763
  0.240000039             754
  0.250000030             749
  0.260000020             744
  0.270000011             737
  0.280000001             732
  0.289999992             726
  0.299999982             716
  0.309999973             707
  0.319999963             698
  0.329999954             694
  0.339999944             688
  0.349999934             676
  0.359999925             667
  0.369999915             662
  0.379999906             656
  0.389999896             645
  0.399999887             638
  0.409999877             634
  0.419999868             624
  0.429999858             614
  0.439999849             602
  0.449999839             590
  0.459999830             584
  0.469999820             575
  0.479999810             569
  0.489999801             563
  0.499999791             562
  0.509999812             559
  0.519999802             553
  0.529999793             547
  0.539999783             544
  0.549999774             538
  0.559999764             536
  0.569999754             534
  0.579999745             529
  0.589999735             527
  0.599999726             518
  0.609999716             512
  0.619999707             506
  0.629999697             499
  0.639999688             491
  0.649999678             487
  0.659999669             484
  0.669999659             479
  0.679999650             475
  0.689999640             470
  0.699999630             466
  0.709999621             463
  0.719999611             460
  0.729999602             454
  0.739999592             451
  0.749999583             449
  0.759999573             445
  0.769999564             442
  0.779999554             435
  0.789999545             430
  0.799999535             428
  0.809999526             423
  0.819999516             419
  0.829999506             417
  0.839999497             415
  0.849999487             410
  0.859999478             408
  0.869999468             403
  0.879999459             398
  0.889999449             394
  0.899999440             388
  0.909999430             383
  0.919999421             380
  0.929999411             377
  0.939999402             374
  0.949999392             368
  0.959999382             364
  0.969999373             363
  0.979999363             361
  0.989999354             355
  0.999999344             350
   1.00999939             350
   1.01999938             349
   1.02999938             344
   1.03999937             343
   1.04999936             339
   1.05999935             334
   1.06999934             328
   1.07999933             326
   1.08999932             325
   1.09999931             323
   1.10999930             319
   1.11999929             315
   1.12999928             312
   1.13999927             308
   1.14999926             304
   1.15999925             301
   1.16999924             300
   1.17999923             296
   1.18999922             292
   1.19999921             290
   1.20999920             284
   1.21999919             281
   1.22999918             279
   1.23999918             277
   1.24999917             274
   1.25999916             271
   1.26999915             267
   1.27999914             263
   1.28999913             257
   1.29999912             255
   1.30999911             255
   1.31999910             252
   1.32999909             250
   1.33999908             249
   1.34999907             248
   1.35999906             247
   1.36999905             243
   1.37999904             240
   1.38999903             239
   1.39999902             236
   1.40999901             235
   1.41999900             235
   1.42999899             234
   1.43999898             231
   1.44999897             229
   1.45999897             226
   1.46999896             225
   1.47999895             221
   1.48999894             220
   1.49999893             220
   1.50999892             217
   1.51999891             216
   1.52999890             213
   1.53999889             212
   1.54999888             211
   1.55999887             209
   1.56999886             207
   1.57999885             206
   1.58999884             206
   1.59999883             206
   1.60999882             204
   1.61999881             199
   1.62999880             196
   1.63999879             193
   1.64999878             190
   1.65999877             189
   1.66999876             186
   1.67999876             185
   1.68999875             183
   1.69999874             182
   1.70999873             181
   1.71999872             178
   1.72999871             178
   1.73999870             175
   1.74999869             175
   1.75999868             175
   1.76999867             172
   1.77999866             171
   1.78999865             170
   1.79999864             169
   1.80999863             169
   1.81999862             168
   1.82999861             168
   1.83999860             168
   1.84999859             167
   1.85999858             164
   1.86999857             164
   1.87999856             163
   1.88999856             161
   1.89999855             161
   1.90999854             160
   1.91999853             158
   1.92999852             155
   1.93999851             153
   1.94999850             152
   1.95999849             151
   1.96999848             148
   1.97999847             147
   1.98999846             144
   1.99999845             143
   2.00999856             142
   2.01999855             142
   2.02999854             142
   2.03999853             140
   2.04999852             138
   2.05999851             136
   2.06999850             135
   2.07999849             134
   2.08999848             133
   2.09999847             131
   2.10999846             129
   2.11999846             127
   2.12999845             123
   2.13999844             122
   2.14999843             120
   2.15999842             119
   2.16999841             117
   2.17999840             113
   2.18999839             113
   2.19999838             113
   2.20999837             113
   2.21999836             111
   2.22999835             110
   2.23999834             108
   2.24999833             107
   2.25999832             107
   2.26999831             106
   2.27999830             105
   2.28999829             105
   2.29999828             103
   2.30999827             103
   2.31999826             100
   2.32999825             100
   2.33999825             100
   2.34999824             100
   2.35999823              98
   2.36999822              98
   2.37999821              97
   2.38999820              96
   2.39999819              96
   2.40999818              96
   2.41999817              95
   2.42999816              93
   2.43999815              91
   2.44999814              91
   2.45999813              90
   2.46999812              88
   2.47999811              88
   2.48999810              86
   2.49999809              84
   2.50999808              83
   2.51999807              82
   2.52999806              80
   2.53999805              79
   2.54999804              77
   2.55999804              76
   2.56999803              76
   2.57999802              75
   2.58999801              75
   2.59999800              75
   2.60999799              75
   2.61999798              74
   2.62999797              73
   2.63999796              72
   2.64999795              72
   2.65999794              70
   2.66999793              70
   2.67999792              69
   2.68999791              69
   2.69999790              68
   2.70999789              68
   2.71999788              68
   2.72999787              68
   2.73999786              68
   2.74999785              68
   2.75999784              68
   2.76999784              64
   2.77999783              63
   2.78999782              61
   2.79999781              58
   2.80999780              58
   2.81999779              56
   2.82999778              56
   2.83999777              54
   2.84999776              54
   2.85999775              54
   2.86999774              54
   2.87999773              54
   2.88999772              54
   2.89999771              53
   2.90999770              53
   2.91999769              52
   2.92999768              51
   2.93999767              50
   2.94999766              49
   2.95999765              49
   2.96999764              48
   2.97999763              48
   2.98999763              48
   2.99999762              46
   3.00999761              46
   3.01999760              45
   3.02999759              45
   3.03999758              45
   3.04999757              43
   3.05999756              43
   3.06999755              42
   3.07999754              42
   3.08999753              42
   3.09999752              41
   3.10999751              41
   3.11999750              40
   3.12999749              39
   3.13999748              38
   3.14999747              38
   3.15999746              38
   3.16999745              38
   3.17999744              38
   3.18999743              38
   3.19999743              38
   3.20999742              38
   3.21999741              37
   3.22999740              36
   3.23999739              36
   3.24999738              35
   3.25999737              35
   3.26999736              34
   3.27999735              34
   3.28999734              34
   3.29999733              34
   3.30999732              34
   3.31999731              34
   3.32999730              34
   3.33999729              34
   3.34999728              34
   3.35999727              34
   3.36999726              33
   3.37999725              33
   3.38999724              33
   3.39999723              33
   3.40999722              33
   3.41999722              32
   3.42999721              32
   3.43999720              32
   3.44999719              32
   3.45999718              32
   3.46999717              32
   3.47999716              32
   3.48999715              31
   3.49999714              31
   3.50999713              30
   3.51999712              30
   3.52999711              30
   3.53999710              30
   3.54999709              29
   3.55999708              29
   3.56999707              29
   3.57999706              29
   3.58999705              28
   3.59999704              28
   3.60999703              28
   3.61999702              28
   3.62999701              28
   3.63999701              28
   3.64999700              27
   3.65999699              27
   3.66999698              27
   3.67999697              27
   3.68999696              27
   3.69999695              27
   3.70999694              27
   3.71999693              27
   3.72999692              26
   3.73999691              26
   3.74999690              25
   3.75999689              24
   3.76999688              24
   3.77999687              24
   3.78999686              23
   3.79999685              23
   3.80999684              23
   3.81999683              23
   3.82999682              23
   3.83999681              23
   3.84999681              23
   3.85999680              23
   3.86999679              22
   3.87999678              22
   3.88999677              22
   3.89999676              22
   3.90999675              22
   3.91999674              22
   3.92999673              22
   3.93999672              22
   3.94999671              22
   3.95999670              21
   3.96999669              20
   3.97999668              20
   3.98999667              20
   3.99999666              20
   4.00999689              20
   4.01999712              20
   4.02999735              20
   4.03999758              20
   4.04999781              20
   4.05999804              20
   4.06999826              20
   4.07999849              20
   4.08999872              20
   4.09999895              20
   4.10999918              19
   4.11999941              19
   4.12999964              18
   4.13999987              18
   4.15000010              17
   4.16000032              17
   4.17000055              16
   4.18000078              16
   4.19000101              16
   4.20000124              16
   4.21000147              16
   4.22000170              16
   4.23000193              16
   4.24000216              16
   4.25000238              16
   4.26000261              16
   4.27000284              16
   4.28000307              16
   4.29000330              16
   4.30000353              16
   4.31000376              14
   4.32000399              14
   4.33000422              14
   4.34000444              14
   4.35000467              14
   4.36000490              14
   4.37000513              14
   4.38000536              14
   4.39000559              14
   4.40000582              14
   4.41000605              14
   4.42000628              14
   4.43000650              14
   4.44000673              14
   4.45000696              14
   4.46000719              14
   4.47000742              13
   4.48000765              13
   4.49000788              13
   4.50000811              13
   4.51000834              13
   4.52000856              13
   4.53000879              13
   4.54000902              13
   4.55000925              13
   4.56000948              13
   4.57000971              13
   4.58000994              13
   4.59001017              13
   4.60001040              12
   4.61001062              12
   4.62001085              12
   4.63001108              12
   4.64001131              12
   4.65001154              12
   4.66001177              12
   4.67001200              12
   4.68001223              12
   4.69001245              12
   4.70001268              12
   4.71001291              12
   4.72001314              12
   4.73001337              12
   4.74001360              12
   4.75001383              12
   4.76001406              12
   4.77001429              11
   4.78001451              11
   4.79001474              11
   4.80001497              11
   4.81001520              11
   4.82001543              10
   4.83001566              10
   4.84001589               9
   4.85001612               9
   4.86001635               9
   4.87001657               8
   4.88001680               8
   4.89001703               8
   4.90001726               8
   4.91001749               8
   4.92001772               8
   4.93001795               8
   4.94001818               8
   4.95001841               8
   4.96001863               7
   4.97001886               6
   4.98001909               6
   4.99001932               6
   5.00001955               6
   5.01001978               6
   5.02002001               6
   5.03002024               6
   5.04002047               6
   5.05002069               6
   5.06002092               6
   5.07002115               6
   5.08002138               6
   5.09002161               6
   5.10002184               6
   5.11002207               6
   5.12002230               6
   5.13002253               6
   5.14002275               6
   5.15002298               6
   5.16002321               6
   5.17002344               6
   5.18002367               6
   5.19002390               6
   5.20002413               6
   5.21002436               6
   5.22002459               6
   5.23002481               6
   5.24002504               6
   5.25002527               6
   5.26002550               6
   5.27002573               6
   5.28002596               6
   5.29002619               6
   5.30002642               6
   5.31002665               5
   5.32002687               5
   5.33002710               5
   5.34002733               4
   5.35002756               4
   5.36002779               4
   5.37002802               4
   5.38002825               3
   5.39002848               3
   5.40002871               3
   5.41002893               3
   5.42002916               3
   5.43002939               3
   5.44002962               3
   5.45002985               3
   5.46003008               3
   5.47003031               3
   5.48003054               2
   5.49003077               2
   5.50003099               2
   5.51003122               2
   5.52003145               2
   5.53003168               2
   5.54003191               2
   5.55003214               2
   5.56003237               2
   5.57003260               2
   5.58003283               2
   5.59003305               2
   5.60003328               2
   5.61003351               2
   5.62003374               2
   5.63003397               2
   5.64003420               2
   5.65003443               2
   5.66003466               2
   5.67003489               2
   5.68003511               2
   5.69003534               2
   5.70003557               2
   5.71003580               2
   5.72003603               2
   5.73003626               2
   5.74003649               2
   5.75003672               2
   5.76003695               2
   5.77003717               2
   5.78003740               2
   5.79003763               2
   5.80003786               2
   5.81003809               2
   5.82003832               2
   5.83003855               2
   5.84003878               2
   5.85003901               2
   5.86003923               2
   5.87003946               1
   5.88003969               1
   5.89003992               1
   5.90004015               1
   5.91004038               1
   5.92004061               1
   5.93004084               1
   5.94004107               1
   5.95004129               1
   5.96004152               1
   5.97004175               1
   5.98004198               1
   5.99004221               1
   6.00004244               1
   6.01004267               1
   6.02004290               1
   6.03004313               1
   6.04004335               1
   6.05004358               1
   6.06004381               1
   6.07004404               1
   6.08004427               1
   6.09004450               1
   6.10004473               1
   6.11004496               1
   6.12004519               1
   6.13004541               1
   6.14004564               1
   6.15004587               1
   6.16004610               1
   6.17004633               1
   6.18004656               1
   6.19004679               1
   6.20004702               1
   6.21004725               1
   6.22004747               1
   6.23004770               1
   6.24004793               1
   6.25004816               1
   6.26004839               1
   6.27004862               1
   6.28004885               1
   6.29004908               1
   6.30004930               1
   6.31004953               1
   6.32004976               1
   6.33004999               1
   6.34005022               1
   6.35005045               1
   6.36005068               1
   6.37005091               1
   6.38005114               1
   6.39005136               1
   6.40005159               1
   6.41005182               1
   6.42005205               1
   6.43005228               1
   6.44005251               1
   6.45005274               1
   6.46005297               1
   6.47005320               1
   6.48005342               1
   6.49005365               1
   6.50005388               1
   6.51005411               1
   6.52005434               1
   6.53005457               1
   6.54005480               1
   6.55005503               1
   6.56005526               1
   6.57005548               1
   6.58005571               1
   6.59005594               1
   6.60005617               1
   6.61005640               1
   6.62005663               1
   6.63005686               1
   6.64005709               1
   6.65005732               1
   6.66005754               1
   6.67005777               1
   6.68005800               1
   6.69005823               1
   6.70005846               1
   6.71005869               0
   6.72005892               0
   6.73005915               0
   6.74005938               0
   6.75005960               0
   6.76005983               0
   6.77006006               0
   6.78006029               0
   6.79006052               0
   6.80006075               0
   6.81006098               0
   6.82006121               0
   6.83006144               0
   6.84006166               0
   6.85006189               0
   6.86006212               0
   6.87006235               0
   6.88006258               0
   6.89006281               0
   6.90006304               0
   6.91006327               0
   6.92006350               0
   6.93006372               0
   6.94006395               0
   6.95006418               0
   6.96006441               0
   6.97006464               0
   6.98006487               0
   6.99006510               0
   7.00006533               0
   7.01006556               0
   7.02006578               0
   7.03006601               0
   7.04006624               0
   7.05006647               0
   7.06006670               0
   7.07006693               0
   7.08006716               0
   7.09006739               0
   7.10006762               0
   7.11006784               0
   7.12006807               0
   7.13006830               0
   7.14006853               0
   7.15006876               0
   7.16006899               0
   7.17006922               0
   7.18006945               0
   7.19006968               0
   7.20006990               0
   7.21007013               0
   7.22007036               0
   7.23007059               0
   7.24007082               0
   7.25007105               0
   7.26007128               0
   7.27007151               0
   7.28007174               0
   7.29007196               0
   7.30007219               0
   7.31007242               0
   7.32007265               0
   7.33007288               0
   7.34007311               0
   7.35007334               0
   7.36007357               0
   7.37007380               0
   7.38007402               0
   7.39007425               0
   7.40007448               0
   7.41007471               0
   7.42007494               0
   7.43007517               0
   7.44007540               0
   7.45007563               0
   7.46007586               0
   7.47007608               0
   7.48007631               0
   7.49007654               0
   7.50007677               0
   7.51007700               0
   7.52007723               0
   7.53007746               0
   7.54007769               0
   7.55007792               0
   7.56007814               0
   7.57007837               0
   7.58007860               0
   7.59007883               0
   7.60007906               0
   7.61007929               0
   7.62007952               0
   7.63007975               0
   7.64007998               0
   7.65008020               0
   7.66008043               0
   7.67008066               0
   7.68008089               0
   7.69008112               0
   7.70008135               0
   7.71008158               0
   7.72008181               0
   7.73008204               0
   7.74008226               0
   7.75008249               0
   7.76008272               0
   7.77008295               0
   7.78008318               0
   7.79008341               0
   7.80008364               0
   7.81008387               0
   7.82008410               0
   7.83008432               0
   7.84008455               0
   7.85008478               0
   7.86008501               0
   7.87008524               0
   7.88008547               0
   7.89008570               0
   7.90008593               0
   7.91008615               0
   7.92008638               0
   7.93008661               0
   7.94008684               0
   7.95008707               0
   7.96008730               0
   7.97008753               0
   7.98008776               0
   7.99008799               0
   8.00008774               0
