   0.00000000             989
   9.99999978E-03         978
   1.99999996E-02         967
   2.99999993E-02         954
   3.99999991E-02         947
   4.99999970E-02         941
   5.99999949E-02         928
   6.99999928E-02         920
   7.99999908E-02         914
   8.99999887E-02         905
   9.99999866E-02         891
  0.109999985             886
  0.119999982             876
  0.129999980             866
  0.139999986             858
  0.149999991             846
  0.159999996             837
  0.170000002             826
  0.180000007             819
  0.190000013             814
  0.200000018             807
  0.210000023             792
  0.220000029             783
  0.230000034             771
  0.240000039             766
  0.250000030             757
  0.260000020             748
  0.270000011             742
  0.280000001             735
  0.289999992             725
  0.299999982             719
  0.309999973             712
  0.319999963             702
  0.329999954             693
  0.339999944             685
  0.349999934             678
  0.359999925             673
  0.369999915             664
  0.379999906             656
  0.389999896             650
  0.399999887             643
  0.409999877             634
  0.419999868             624
  0.429999858             620
  0.439999849             613
  0.449999839             606
  0.459999830             598
  0.469999820             592
  0.479999810             582
  0.489999801             576
  0.499999791             569
  0.509999812             563
  0.519999802             552
  0.529999793             547
  0.539999783             543
  0.549999774             534
  0.559999764             529
  0.569999754             521
  0.579999745             516
  0.589999735             512
  0.599999726             508
  0.609999716             504
  0.619999707             499
  0.629999697             490
  0.639999688             484
  0.649999678             480
  0.659999669             474
  0.669999659             471
  0.679999650             468
  0.689999640             465
  0.699999630             458
  0.709999621             453
  0.719999611             451
  0.729999602             449
  0.739999592             447
  0.749999583             440
  0.759999573             435
  0.769999564             428
  0.779999554             426
  0.789999545             423
  0.799999535             415
  0.809999526             414
  0.819999516             405
  0.829999506             403
  0.839999497             398
  0.849999487             393
  0.859999478             385
  0.869999468             381
  0.879999459             381
  0.889999449             376
  0.899999440             375
  0.909999430             371
  0.919999421             364
  0.929999411             360
  0.939999402             354
  0.949999392             350
  0.959999382             349
  0.969999373             345
  0.979999363             336
  0.989999354             335
  0.999999344             330
   1.00999939             329
   1.01999938             328
   1.02999938             326
   1.03999937             323
   1.04999936             321
   1.05999935             318
   1.06999934             316
   1.07999933             314
   1.08999932             310
   1.09999931             308
   1.10999930             302
   1.11999929             298
   1.12999928             298
   1.13999927             296
   1.14999926             293
   1.15999925             288
   1.16999924             284
   1.17999923             282
   1.18999922             280
   1.19999921             278
   1.20999920             274
   1.21999919             271
   1.22999918             268
   1.23999918             266
   1.24999917             266
   1.25999916             264
   1.26999915             263
   1.27999914             260
   1.28999913             259
   1.29999912             256
   1.30999911             254
   1.31999910             252
   1.32999909             249
   1.33999908             248
   1.34999907             243
   1.35999906             243
   1.36999905             239
   1.37999904             236
   1.38999903             233
   1.39999902             231
   1.40999901             229
   1.41999900             225
   1.42999899             223
   1.43999898             219
   1.44999897             219
   1.45999897             217
   1.46999896             216
   1.47999895             214
   1.48999894             212
   1.49999893             211
   1.50999892             210
   1.51999891             209
   1.52999890             209
   1.53999889             209
   1.54999888             207
   1.55999887             206
   1.56999886             203
   1.57999885             199
   1.58999884             197
   1.59999883             194
   1.60999882             193
   1.61999881             190
   1.62999880             188
   1.63999879             186
   1.64999878             184
   1.65999877             183
   1.66999876             182
   1.67999876             178
   1.68999875             178
   1.69999874             177
   1.70999873             176
   1.71999872             174
   1.72999871             173
   1.73999870             170
   1.74999869             169
   1.75999868             166
   1.76999867             164
   1.77999866             164
   1.78999865             163
   1.79999864             162
   1.80999863             159
   1.81999862             159
   1.82999861             156
   1.83999860             155
   1.84999859             154
   1.85999858             153
   1.86999857             150
   1.87999856             147
   1.88999856             144
   1.89999855             143
   1.90999854             143
   1.91999853             141
   1.92999852             141
   1.93999851             138
   1.94999850             138
   1.95999849             134
   1.96999848             134
   1.97999847             133
   1.98999846             133
   1.99999845             131
   2.00999856             129
   2.01999855             127
   2.02999854             127
   2.03999853             125
   2.04999852             123
   2.05999851             117
   2.06999850             115
   2.07999849             114
   2.08999848             114
   2.09999847             114
   2.10999846             113
   2.11999846             112
   2.12999845             111
   2.13999844             111
   2.14999843             111
   2.15999842             110
   2.16999841             108
   2.17999840             107
   2.18999839             106
   2.19999838             103
   2.20999837             103
   2.21999836             101
   2.22999835              99
   2.23999834              98
   2.24999833              97
   2.25999832              93
   2.26999831              92
   2.27999830              92
   2.28999829              90
   2.29999828              89
   2.30999827              87
   2.31999826              87
   2.32999825              87
   2.33999825              86
   2.34999824              86
   2.35999823              86
   2.36999822              86
   2.37999821              86
   2.38999820              86
   2.39999819              86
   2.40999818              83
   2.41999817              81
   2.42999816              79
   2.43999815              77
   2.44999814              76
   2.45999813              74
   2.46999812              72
   2.47999811              72
   2.48999810              70
   2.49999809              67
   2.50999808              66
   2.51999807              66
   2.52999806              66
   2.53999805              65
   2.54999804              64
   2.55999804              64
   2.56999803              63
   2.57999802              63
   2.58999801              61
   2.59999800              61
   2.60999799              61
   2.61999798              60
   2.62999797              59
   2.63999796              59
   2.64999795              59
   2.65999794              59
   2.66999793              59
   2.67999792              59
   2.68999791              59
   2.69999790              59
   2.70999789              58
   2.71999788              57
   2.72999787              57
   2.73999786              56
   2.74999785              55
   2.75999784              55
   2.76999784              54
   2.77999783              54
   2.78999782              54
   2.79999781              51
   2.80999780              50
   2.81999779              49
   2.82999778              49
   2.83999777              49
   2.84999776              49
   2.85999775              49
   2.86999774              49
   2.87999773              48
   2.88999772              48
   2.89999771              48
   2.90999770              48
   2.91999769              48
   2.92999768              47
   2.93999767              46
   2.94999766              46
   2.95999765              45
   2.96999764              44
   2.97999763              43
   2.98999763              43
   2.99999762              42
   3.00999761              42
   3.01999760              42
   3.02999759              39
   3.03999758              39
   3.04999757              39
   3.05999756              37
   3.06999755              37
   3.07999754              36
   3.08999753              35
   3.09999752              34
   3.10999751              33
   3.11999750              33
   3.12999749              33
   3.13999748              33
   3.14999747              33
   3.15999746              33
   3.16999745              33
   3.17999744              33
   3.18999743              33
   3.19999743              32
   3.20999742              32
   3.21999741              32
   3.22999740              32
   3.23999739              32
   3.24999738              31
   3.25999737              31
   3.26999736              31
   3.27999735              31
   3.28999734              30
   3.29999733              30
   3.30999732              30
   3.31999731              28
   3.32999730              28
   3.33999729              28
   3.34999728              28
   3.35999727              28
   3.36999726              27
   3.37999725              27
   3.38999724              27
   3.39999723              27
   3.40999722              26
   3.41999722              25
   3.42999721              25
   3.43999720              25
   3.44999719              25
   3.45999718              25
   3.46999717              25
   3.47999716              25
   3.48999715              25
   3.49999714              25
   3.50999713              25
   3.51999712              25
   3.52999711              25
   3.53999710              25
   3.54999709              25
   3.55999708              25
   3.56999707              25
   3.57999706              25
   3.58999705              24
   3.59999704              24
   3.60999703              24
   3.61999702              24
   3.62999701              24
   3.63999701              24
   3.64999700              24
   3.65999699              24
   3.66999698              24
   3.67999697              24
   3.68999696              23
   3.69999695              23
   3.70999694              23
   3.71999693              22
   3.72999692              22
   3.73999691              22
   3.74999690              21
   3.75999689              21
   3.76999688              21
   3.77999687              20
   3.78999686              20
   3.79999685              20
   3.80999684              20
   3.81999683              20
   3.82999682              19
   3.83999681              19
   3.84999681              19
   3.85999680              19
   3.86999679              19
   3.87999678              19
   3.88999677              17
   3.89999676              16
   3.90999675              16
   3.91999674              16
   3.92999673              16
   3.93999672              16
   3.94999671              16
   3.95999670              16
   3.96999669              16
   3.97999668              16
   3.98999667              16
   3.99999666              16
   4.00999689              16
   4.01999712              15
   4.02999735              15
   4.03999758              15
   4.04999781              15
   4.05999804              15
   4.06999826              15
   4.07999849              14
   4.08999872              14
   4.09999895              14
   4.10999918              14
   4.11999941              14
   4.12999964              14
   4.13999987              14
   4.15000010              14
   4.16000032              13
   4.17000055              13
   4.18000078              13
   4.19000101              12
   4.20000124              12
   4.21000147              12
   4.22000170              12
   4.23000193              12
   4.24000216              12
   4.25000238              12
   4.26000261              12
   4.27000284              12
   4.28000307              12
   4.29000330              12
   4.30000353              12
   4.31000376              12
   4.32000399              12
   4.33000422              12
   4.34000444              12
   4.35000467              12
   4.36000490              12
   4.37000513              12
   4.38000536              12
   4.39000559              11
   4.40000582              11
   4.41000605              11
   4.42000628              11
   4.43000650              11
   4.44000673              11
   4.45000696              11
   4.46000719              11
   4.47000742              11
   4.48000765              11
   4.49000788              11
   4.50000811              11
   4.51000834              11
   4.52000856              11
   4.53000879              11
   4.54000902              11
   4.55000925              11
   4.56000948              11
   4.57000971              11
   4.58000994              11
   4.59001017              11
   4.60001040              11
   4.61001062              11
   4.62001085              11
   4.63001108              11
   4.64001131              11
   4.65001154              11
   4.66001177              11
   4.67001200              11
   4.68001223              11
   4.69001245              11
   4.70001268              11
   4.71001291              11
   4.72001314              11
   4.73001337              11
   4.74001360              11
   4.75001383              11
   4.76001406              11
   4.77001429              11
   4.78001451              11
   4.79001474              11
   4.80001497              11
   4.81001520              11
   4.82001543              11
   4.83001566              11
   4.84001589              11
   4.85001612              10
   4.86001635              10
   4.87001657              10
   4.88001680              10
   4.89001703               9
   4.90001726               9
   4.91001749               9
   4.92001772               9
   4.93001795               9
   4.94001818               9
   4.95001841               9
   4.96001863               9
   4.97001886               9
   4.98001909               9
   4.99001932               8
   5.00001955               8
   5.01001978               8
   5.02002001               8
   5.03002024               8
   5.04002047               8
   5.05002069               8
   5.06002092               8
   5.07002115               8
   5.08002138               8
   5.09002161               8
   5.10002184               8
   5.11002207               8
   5.12002230               8
   5.13002253               8
   5.14002275               8
   5.15002298               7
   5.16002321               7
   5.17002344               7
   5.18002367               6
   5.19002390               6
   5.20002413               6
   5.21002436               6
   5.22002459               6
   5.23002481               6
   5.24002504               6
   5.25002527               5
   5.26002550               5
   5.27002573               5
   5.28002596               5
   5.29002619               5
   5.30002642               5
   5.31002665               5
   5.32002687               5
   5.33002710               5
   5.34002733               5
   5.35002756               4
   5.36002779               4
   5.37002802               4
   5.38002825               4
   5.39002848               3
   5.40002871               3
   5.41002893               3
   5.42002916               3
   5.43002939               3
   5.44002962               3
   5.45002985               2
   5.46003008               2
   5.47003031               2
   5.48003054               2
   5.49003077               2
   5.50003099               2
   5.51003122               2
   5.52003145               2
   5.53003168               2
   5.54003191               2
   5.55003214               2
   5.56003237               2
   5.57003260               2
   5.58003283               2
   5.59003305               2
   5.60003328               2
   5.61003351               2
   5.62003374               2
   5.63003397               2
   5.64003420               2
   5.65003443               2
   5.66003466               2
   5.67003489               2
   5.68003511               2
   5.69003534               2
   5.70003557               2
   5.71003580               2
   5.72003603               2
   5.73003626               1
   5.74003649               1
   5.75003672               1
   5.76003695               1
   5.77003717               1
   5.78003740               1
   5.79003763               1
   5.80003786               1
   5.81003809               1
   5.82003832               0
   5.83003855               0
   5.84003878               0
   5.85003901               0
   5.86003923               0
   5.87003946               0
   5.88003969               0
   5.89003992               0
   5.90004015               0
   5.91004038               0
   5.92004061               0
   5.93004084               0
   5.94004107               0
   5.95004129               0
   5.96004152               0
   5.97004175               0
   5.98004198               0
   5.99004221               0
   6.00004244               0
   6.01004267               0
   6.02004290               0
   6.03004313               0
   6.04004335               0
   6.05004358               0
   6.06004381               0
   6.07004404               0
   6.08004427               0
   6.09004450               0
   6.10004473               0
   6.11004496               0
   6.12004519               0
   6.13004541               0
   6.14004564               0
   6.15004587               0
   6.16004610               0
   6.17004633               0
   6.18004656               0
   6.19004679               0
   6.20004702               0
   6.21004725               0
   6.22004747               0
   6.23004770               0
   6.24004793               0
   6.25004816               0
   6.26004839               0
   6.27004862               0
   6.28004885               0
   6.29004908               0
   6.30004930               0
   6.31004953               0
   6.32004976               0
   6.33004999               0
   6.34005022               0
   6.35005045               0
   6.36005068               0
   6.37005091               0
   6.38005114               0
   6.39005136               0
   6.40005159               0
   6.41005182               0
   6.42005205               0
   6.43005228               0
   6.44005251               0
   6.45005274               0
   6.46005297               0
   6.47005320               0
   6.48005342               0
   6.49005365               0
   6.50005388               0
   6.51005411               0
   6.52005434               0
   6.53005457               0
   6.54005480               0
   6.55005503               0
   6.56005526               0
   6.57005548               0
   6.58005571               0
   6.59005594               0
   6.60005617               0
   6.61005640               0
   6.62005663               0
   6.63005686               0
   6.64005709               0
   6.65005732               0
   6.66005754               0
   6.67005777               0
   6.68005800               0
   6.69005823               0
   6.70005846               0
   6.71005869               0
   6.72005892               0
   6.73005915               0
   6.74005938               0
   6.75005960               0
   6.76005983               0
   6.77006006               0
   6.78006029               0
   6.79006052               0
   6.80006075               0
   6.81006098               0
   6.82006121               0
   6.83006144               0
   6.84006166               0
   6.85006189               0
   6.86006212               0
   6.87006235               0
   6.88006258               0
   6.89006281               0
   6.90006304               0
   6.91006327               0
   6.92006350               0
   6.93006372               0
   6.94006395               0
   6.95006418               0
   6.96006441               0
   6.97006464               0
   6.98006487               0
   6.99006510               0
   7.00006533               0
   7.01006556               0
   7.02006578               0
   7.03006601               0
   7.04006624               0
   7.05006647               0
   7.06006670               0
   7.07006693               0
   7.08006716               0
   7.09006739               0
   7.10006762               0
   7.11006784               0
   7.12006807               0
   7.13006830               0
   7.14006853               0
   7.15006876               0
   7.16006899               0
   7.17006922               0
   7.18006945               0
   7.19006968               0
   7.20006990               0
   7.21007013               0
   7.22007036               0
   7.23007059               0
   7.24007082               0
   7.25007105               0
   7.26007128               0
   7.27007151               0
   7.28007174               0
   7.29007196               0
   7.30007219               0
   7.31007242               0
   7.32007265               0
   7.33007288               0
   7.34007311               0
   7.35007334               0
   7.36007357               0
   7.37007380               0
   7.38007402               0
   7.39007425               0
   7.40007448               0
   7.41007471               0
   7.42007494               0
   7.43007517               0
   7.44007540               0
   7.45007563               0
   7.46007586               0
   7.47007608               0
   7.48007631               0
   7.49007654               0
   7.50007677               0
   7.51007700               0
   7.52007723               0
   7.53007746               0
   7.54007769               0
   7.55007792               0
   7.56007814               0
   7.57007837               0
   7.58007860               0
   7.59007883               0
   7.60007906               0
   7.61007929               0
   7.62007952               0
   7.63007975               0
   7.64007998               0
   7.65008020               0
   7.66008043               0
   7.67008066               0
   7.68008089               0
   7.69008112               0
   7.70008135               0
   7.71008158               0
   7.72008181               0
   7.73008204               0
   7.74008226               0
   7.75008249               0
   7.76008272               0
   7.77008295               0
   7.78008318               0
   7.79008341               0
   7.80008364               0
   7.81008387               0
   7.82008410               0
   7.83008432               0
   7.84008455               0
   7.85008478               0
   7.86008501               0
   7.87008524               0
   7.88008547               0
   7.89008570               0
   7.90008593               0
   7.91008615               0
   7.92008638               0
   7.93008661               0
   7.94008684               0
   7.95008707               0
   7.96008730               0
   7.97008753               0
   7.98008776               0
   7.99008799               0
   8.00008774               0
