   0.00000000             991
   9.99999978E-03         981
   1.99999996E-02         971
   2.99999993E-02         958
   3.99999991E-02         951
   4.99999970E-02         942
   5.99999949E-02         935
   6.99999928E-02         926
   7.99999908E-02         920
   8.99999887E-02         915
   9.99999866E-02         905
  0.109999985             897
  0.119999982             886
  0.129999980             877
  0.139999986             869
  0.149999991             863
  0.159999996             858
  0.170000002             845
  0.180000007             834
  0.190000013             829
  0.200000018             818
  0.210000023             805
  0.220000029             797
  0.230000034             784
  0.240000039             778
  0.250000030             769
  0.260000020             755
  0.270000011             747
  0.280000001             742
  0.289999992             732
  0.299999982             725
  0.309999973             712
  0.319999963             706
  0.329999954             697
  0.339999944             691
  0.349999934             687
  0.359999925             676
  0.369999915             670
  0.379999906             665
  0.389999896             663
  0.399999887             658
  0.409999877             651
  0.419999868             642
  0.429999858             638
  0.439999849             635
  0.449999839             627
  0.459999830             622
  0.469999820             613
  0.479999810             601
  0.489999801             598
  0.499999791             595
  0.509999812             589
  0.519999802             583
  0.529999793             575
  0.539999783             563
  0.549999774             554
  0.559999764             547
  0.569999754             537
  0.579999745             532
  0.589999735             523
  0.599999726             521
  0.609999716             516
  0.619999707             511
  0.629999697             505
  0.639999688             497
  0.649999678             488
  0.659999669             484
  0.669999659             481
  0.679999650             475
  0.689999640             472
  0.699999630             467
  0.709999621             464
  0.719999611             457
  0.729999602             453
  0.739999592             446
  0.749999583             441
  0.759999573             438
  0.769999564             431
  0.779999554             424
  0.789999545             418
  0.799999535             411
  0.809999526             407
  0.819999516             406
  0.829999506             402
  0.839999497             401
  0.849999487             395
  0.859999478             391
  0.869999468             383
  0.879999459             380
  0.889999449             372
  0.899999440             368
  0.909999430             362
  0.919999421             357
  0.929999411             351
  0.939999402             349
  0.949999392             345
  0.959999382             341
  0.969999373             337
  0.979999363             336
  0.989999354             334
  0.999999344             331
   1.00999939             331
   1.01999938             329
   1.02999938             326
   1.03999937             324
   1.04999936             320
   1.05999935             319
   1.06999934             316
   1.07999933             310
   1.08999932             308
   1.09999931             304
   1.10999930             303
   1.11999929             302
   1.12999928             299
   1.13999927             298
   1.14999926             295
   1.15999925             294
   1.16999924             286
   1.17999923             284
   1.18999922             280
   1.19999921             278
   1.20999920             273
   1.21999919             270
   1.22999918             268
   1.23999918             266
   1.24999917             264
   1.25999916             259
   1.26999915             257
   1.27999914             254
   1.28999913             252
   1.29999912             248
   1.30999911             245
   1.31999910             241
   1.32999909             240
   1.33999908             237
   1.34999907             233
   1.35999906             233
   1.36999905             229
   1.37999904             228
   1.38999903             228
   1.39999902             227
   1.40999901             226
   1.41999900             224
   1.42999899             222
   1.43999898             221
   1.44999897             220
   1.45999897             218
   1.46999896             216
   1.47999895             215
   1.48999894             213
   1.49999893             210
   1.50999892             206
   1.51999891             204
   1.52999890             201
   1.53999889             199
   1.54999888             198
   1.55999887             193
   1.56999886             187
   1.57999885             185
   1.58999884             182
   1.59999883             179
   1.60999882             175
   1.61999881             171
   1.62999880             170
   1.63999879             168
   1.64999878             166
   1.65999877             164
   1.66999876             164
   1.67999876             163
   1.68999875             162
   1.69999874             160
   1.70999873             160
   1.71999872             159
   1.72999871             159
   1.73999870             156
   1.74999869             152
   1.75999868             151
   1.76999867             149
   1.77999866             147
   1.78999865             143
   1.79999864             143
   1.80999863             143
   1.81999862             142
   1.82999861             142
   1.83999860             142
   1.84999859             140
   1.85999858             139
   1.86999857             136
   1.87999856             135
   1.88999856             135
   1.89999855             135
   1.90999854             135
   1.91999853             133
   1.92999852             132
   1.93999851             131
   1.94999850             131
   1.95999849             130
   1.96999848             129
   1.97999847             129
   1.98999846             129
   1.99999845             129
   2.00999856             128
   2.01999855             125
   2.02999854             125
   2.03999853             122
   2.04999852             122
   2.05999851             120
   2.06999850             120
   2.07999849             117
   2.08999848             115
   2.09999847             112
   2.10999846             111
   2.11999846             109
   2.12999845             109
   2.13999844             109
   2.14999843             108
   2.15999842             107
   2.16999841             105
   2.17999840             104
   2.18999839             103
   2.19999838             102
   2.20999837             100
   2.21999836              98
   2.22999835              97
   2.23999834              97
   2.24999833              95
   2.25999832              95
   2.26999831              94
   2.27999830              94
   2.28999829              94
   2.29999828              91
   2.30999827              90
   2.31999826              90
   2.32999825              89
   2.33999825              87
   2.34999824              87
   2.35999823              86
   2.36999822              84
   2.37999821              80
   2.38999820              78
   2.39999819              78
   2.40999818              77
   2.41999817              77
   2.42999816              74
   2.43999815              74
   2.44999814              74
   2.45999813              73
   2.46999812              71
   2.47999811              71
   2.48999810              71
   2.49999809              71
   2.50999808              71
   2.51999807              69
   2.52999806              69
   2.53999805              69
   2.54999804              68
   2.55999804              66
   2.56999803              66
   2.57999802              65
   2.58999801              65
   2.59999800              65
   2.60999799              63
   2.61999798              62
   2.62999797              62
   2.63999796              62
   2.64999795              61
   2.65999794              61
   2.66999793              61
   2.67999792              60
   2.68999791              60
   2.69999790              59
   2.70999789              59
   2.71999788              59
   2.72999787              59
   2.73999786              59
   2.74999785              58
   2.75999784              58
   2.76999784              58
   2.77999783              57
   2.78999782              56
   2.79999781              56
   2.80999780              56
   2.81999779              56
   2.82999778              56
   2.83999777              56
   2.84999776              54
   2.85999775              54
   2.86999774              54
   2.87999773              54
   2.88999772              54
   2.89999771              54
   2.90999770              54
   2.91999769              53
   2.92999768              52
   2.93999767              52
   2.94999766              52
   2.95999765              51
   2.96999764              51
   2.97999763              50
   2.98999763              50
   2.99999762              50
   3.00999761              49
   3.01999760              49
   3.02999759              49
   3.03999758              49
   3.04999757              49
   3.05999756              49
   3.06999755              48
   3.07999754              45
   3.08999753              44
   3.09999752              44
   3.10999751              44
   3.11999750              42
   3.12999749              41
   3.13999748              41
   3.14999747              41
   3.15999746              41
   3.16999745              41
   3.17999744              40
   3.18999743              40
   3.19999743              40
   3.20999742              40
   3.21999741              40
   3.22999740              38
   3.23999739              38
   3.24999738              38
   3.25999737              38
   3.26999736              38
   3.27999735              38
   3.28999734              37
   3.29999733              37
   3.30999732              37
   3.31999731              37
   3.32999730              36
   3.33999729              36
   3.34999728              36
   3.35999727              35
   3.36999726              35
   3.37999725              35
   3.38999724              35
   3.39999723              35
   3.40999722              33
   3.41999722              33
   3.42999721              31
   3.43999720              31
   3.44999719              31
   3.45999718              31
   3.46999717              29
   3.47999716              29
   3.48999715              28
   3.49999714              27
   3.50999713              26
   3.51999712              26
   3.52999711              26
   3.53999710              26
   3.54999709              26
   3.55999708              26
   3.56999707              26
   3.57999706              25
   3.58999705              25
   3.59999704              25
   3.60999703              24
   3.61999702              24
   3.62999701              23
   3.63999701              23
   3.64999700              22
   3.65999699              22
   3.66999698              22
   3.67999697              22
   3.68999696              22
   3.69999695              21
   3.70999694              21
   3.71999693              21
   3.72999692              21
   3.73999691              20
   3.74999690              19
   3.75999689              19
   3.76999688              19
   3.77999687              18
   3.78999686              18
   3.79999685              18
   3.80999684              18
   3.81999683              18
   3.82999682              18
   3.83999681              18
   3.84999681              18
   3.85999680              18
   3.86999679              18
   3.87999678              18
   3.88999677              18
   3.89999676              18
   3.90999675              18
   3.91999674              18
   3.92999673              18
   3.93999672              18
   3.94999671              18
   3.95999670              17
   3.96999669              17
   3.97999668              17
   3.98999667              16
   3.99999666              16
   4.00999689              16
   4.01999712              16
   4.02999735              16
   4.03999758              16
   4.04999781              16
   4.05999804              16
   4.06999826              16
   4.07999849              16
   4.08999872              15
   4.09999895              15
   4.10999918              15
   4.11999941              15
   4.12999964              15
   4.13999987              14
   4.15000010              14
   4.16000032              14
   4.17000055              13
   4.18000078              13
   4.19000101              13
   4.20000124              13
   4.21000147              13
   4.22000170              13
   4.23000193              13
   4.24000216              13
   4.25000238              13
   4.26000261              13
   4.27000284              13
   4.28000307              13
   4.29000330              13
   4.30000353              13
   4.31000376              13
   4.32000399              13
   4.33000422              12
   4.34000444              12
   4.35000467              12
   4.36000490              12
   4.37000513              12
   4.38000536              11
   4.39000559              11
   4.40000582              10
   4.41000605              10
   4.42000628              10
   4.43000650              10
   4.44000673              10
   4.45000696              10
   4.46000719              10
   4.47000742              10
   4.48000765              10
   4.49000788              10
   4.50000811              10
   4.51000834              10
   4.52000856              10
   4.53000879               9
   4.54000902               9
   4.55000925               9
   4.56000948               9
   4.57000971               9
   4.58000994               9
   4.59001017               9
   4.60001040               9
   4.61001062               9
   4.62001085               9
   4.63001108               9
   4.64001131               9
   4.65001154               9
   4.66001177               9
   4.67001200               9
   4.68001223               9
   4.69001245               9
   4.70001268               9
   4.71001291               8
   4.72001314               8
   4.73001337               8
   4.74001360               8
   4.75001383               8
   4.76001406               8
   4.77001429               7
   4.78001451               7
   4.79001474               7
   4.80001497               7
   4.81001520               7
   4.82001543               7
   4.83001566               7
   4.84001589               7
   4.85001612               7
   4.86001635               7
   4.87001657               7
   4.88001680               6
   4.89001703               6
   4.90001726               6
   4.91001749               6
   4.92001772               6
   4.93001795               6
   4.94001818               6
   4.95001841               6
   4.96001863               6
   4.97001886               6
   4.98001909               6
   4.99001932               6
   5.00001955               6
   5.01001978               6
   5.02002001               6
   5.03002024               5
   5.04002047               5
   5.05002069               5
   5.06002092               5
   5.07002115               5
   5.08002138               5
   5.09002161               5
   5.10002184               5
   5.11002207               5
   5.12002230               5
   5.13002253               5
   5.14002275               5
   5.15002298               5
   5.16002321               5
   5.17002344               5
   5.18002367               5
   5.19002390               5
   5.20002413               5
   5.21002436               4
   5.22002459               4
   5.23002481               4
   5.24002504               3
   5.25002527               3
   5.26002550               3
   5.27002573               3
   5.28002596               3
   5.29002619               3
   5.30002642               3
   5.31002665               3
   5.32002687               3
   5.33002710               3
   5.34002733               3
   5.35002756               3
   5.36002779               3
   5.37002802               2
   5.38002825               2
   5.39002848               2
   5.40002871               2
   5.41002893               2
   5.42002916               2
   5.43002939               2
   5.44002962               2
   5.45002985               2
   5.46003008               2
   5.47003031               2
   5.48003054               2
   5.49003077               2
   5.50003099               2
   5.51003122               2
   5.52003145               2
   5.53003168               2
   5.54003191               2
   5.55003214               2
   5.56003237               2
   5.57003260               2
   5.58003283               2
   5.59003305               2
   5.60003328               2
   5.61003351               2
   5.62003374               2
   5.63003397               2
   5.64003420               2
   5.65003443               2
   5.66003466               2
   5.67003489               2
   5.68003511               2
   5.69003534               2
   5.70003557               2
   5.71003580               2
   5.72003603               2
   5.73003626               2
   5.74003649               2
   5.75003672               2
   5.76003695               2
   5.77003717               2
   5.78003740               2
   5.79003763               2
   5.80003786               2
   5.81003809               2
   5.82003832               2
   5.83003855               2
   5.84003878               2
   5.85003901               2
   5.86003923               2
   5.87003946               2
   5.88003969               2
   5.89003992               2
   5.90004015               2
   5.91004038               2
   5.92004061               2
   5.93004084               2
   5.94004107               2
   5.95004129               2
   5.96004152               2
   5.97004175               2
   5.98004198               2
   5.99004221               2
   6.00004244               2
   6.01004267               2
   6.02004290               2
   6.03004313               2
   6.04004335               2
   6.05004358               2
   6.06004381               2
   6.07004404               2
   6.08004427               2
   6.09004450               2
   6.10004473               2
   6.11004496               2
   6.12004519               2
   6.13004541               2
   6.14004564               2
   6.15004587               2
   6.16004610               2
   6.17004633               2
   6.18004656               2
   6.19004679               2
   6.20004702               2
   6.21004725               1
   6.22004747               1
   6.23004770               1
   6.24004793               1
   6.25004816               1
   6.26004839               1
   6.27004862               1
   6.28004885               1
   6.29004908               1
   6.30004930               1
   6.31004953               1
   6.32004976               1
   6.33004999               1
   6.34005022               1
   6.35005045               1
   6.36005068               1
   6.37005091               1
   6.38005114               1
   6.39005136               1
   6.40005159               1
   6.41005182               1
   6.42005205               1
   6.43005228               1
   6.44005251               1
   6.45005274               1
   6.46005297               1
   6.47005320               1
   6.48005342               0
   6.49005365               0
   6.50005388               0
   6.51005411               0
   6.52005434               0
   6.53005457               0
   6.54005480               0
   6.55005503               0
   6.56005526               0
   6.57005548               0
   6.58005571               0
   6.59005594               0
   6.60005617               0
   6.61005640               0
   6.62005663               0
   6.63005686               0
   6.64005709               0
   6.65005732               0
   6.66005754               0
   6.67005777               0
   6.68005800               0
   6.69005823               0
   6.70005846               0
   6.71005869               0
   6.72005892               0
   6.73005915               0
   6.74005938               0
   6.75005960               0
   6.76005983               0
   6.77006006               0
   6.78006029               0
   6.79006052               0
   6.80006075               0
   6.81006098               0
   6.82006121               0
   6.83006144               0
   6.84006166               0
   6.85006189               0
   6.86006212               0
   6.87006235               0
   6.88006258               0
   6.89006281               0
   6.90006304               0
   6.91006327               0
   6.92006350               0
   6.93006372               0
   6.94006395               0
   6.95006418               0
   6.96006441               0
   6.97006464               0
   6.98006487               0
   6.99006510               0
   7.00006533               0
   7.01006556               0
   7.02006578               0
   7.03006601               0
   7.04006624               0
   7.05006647               0
   7.06006670               0
   7.07006693               0
   7.08006716               0
   7.09006739               0
   7.10006762               0
   7.11006784               0
   7.12006807               0
   7.13006830               0
   7.14006853               0
   7.15006876               0
   7.16006899               0
   7.17006922               0
   7.18006945               0
   7.19006968               0
   7.20006990               0
   7.21007013               0
   7.22007036               0
   7.23007059               0
   7.24007082               0
   7.25007105               0
   7.26007128               0
   7.27007151               0
   7.28007174               0
   7.29007196               0
   7.30007219               0
   7.31007242               0
   7.32007265               0
   7.33007288               0
   7.34007311               0
   7.35007334               0
   7.36007357               0
   7.37007380               0
   7.38007402               0
   7.39007425               0
   7.40007448               0
   7.41007471               0
   7.42007494               0
   7.43007517               0
   7.44007540               0
   7.45007563               0
   7.46007586               0
   7.47007608               0
   7.48007631               0
   7.49007654               0
   7.50007677               0
   7.51007700               0
   7.52007723               0
   7.53007746               0
   7.54007769               0
   7.55007792               0
   7.56007814               0
   7.57007837               0
   7.58007860               0
   7.59007883               0
   7.60007906               0
   7.61007929               0
   7.62007952               0
   7.63007975               0
   7.64007998               0
   7.65008020               0
   7.66008043               0
   7.67008066               0
   7.68008089               0
   7.69008112               0
   7.70008135               0
   7.71008158               0
   7.72008181               0
   7.73008204               0
   7.74008226               0
   7.75008249               0
   7.76008272               0
   7.77008295               0
   7.78008318               0
   7.79008341               0
   7.80008364               0
   7.81008387               0
   7.82008410               0
   7.83008432               0
   7.84008455               0
   7.85008478               0
   7.86008501               0
   7.87008524               0
   7.88008547               0
   7.89008570               0
   7.90008593               0
   7.91008615               0
   7.92008638               0
   7.93008661               0
   7.94008684               0
   7.95008707               0
   7.96008730               0
   7.97008753               0
   7.98008776               0
   7.99008799               0
   8.00008774               0
