   0.00000000             992
   9.99999978E-03         980
   1.99999996E-02         975
   2.99999993E-02         962
   3.99999991E-02         954
   4.99999970E-02         942
   5.99999949E-02         935
   6.99999928E-02         922
   7.99999908E-02         917
   8.99999887E-02         908
   9.99999866E-02         899
  0.109999985             892
  0.119999982             888
  0.129999980             871
  0.139999986             863
  0.149999991             849
  0.159999996             838
  0.170000002             829
  0.180000007             823
  0.190000013             816
  0.200000018             801
  0.210000023             791
  0.220000029             786
  0.230000034             777
  0.240000039             768
  0.250000030             759
  0.260000020             754
  0.270000011             747
  0.280000001             738
  0.289999992             733
  0.299999982             724
  0.309999973             720
  0.319999963             710
  0.329999954             701
  0.339999944             697
  0.349999934             689
  0.359999925             681
  0.369999915             676
  0.379999906             664
  0.389999896             660
  0.399999887             648
  0.409999877             641
  0.419999868             635
  0.429999858             629
  0.439999849             625
  0.449999839             624
  0.459999830             615
  0.469999820             610
  0.479999810             606
  0.489999801             600
  0.499999791             594
  0.509999812             588
  0.519999802             576
  0.529999793             570
  0.539999783             566
  0.549999774             556
  0.559999764             547
  0.569999754             538
  0.579999745             530
  0.589999735             525
  0.599999726             522
  0.609999716             518
  0.619999707             512
  0.629999697             510
  0.639999688             504
  0.649999678             501
  0.659999669             494
  0.669999659             487
  0.679999650             484
  0.689999640             479
  0.699999630             475
  0.709999621             472
  0.719999611             471
  0.729999602             467
  0.739999592             459
  0.749999583             456
  0.759999573             453
  0.769999564             451
  0.779999554             447
  0.789999545             440
  0.799999535             436
  0.809999526             433
  0.819999516             427
  0.829999506             423
  0.839999497             418
  0.849999487             412
  0.859999478             405
  0.869999468             401
  0.879999459             396
  0.889999449             393
  0.899999440             388
  0.909999430             387
  0.919999421             382
  0.929999411             376
  0.939999402             372
  0.949999392             369
  0.959999382             366
  0.969999373             360
  0.979999363             355
  0.989999354             351
  0.999999344             348
   1.00999939             343
   1.01999938             341
   1.02999938             336
   1.03999937             331
   1.04999936             330
   1.05999935             327
   1.06999934             323
   1.07999933             320
   1.08999932             320
   1.09999931             318
   1.10999930             318
   1.11999929             314
   1.12999928             310
   1.13999927             304
   1.14999926             302
   1.15999925             299
   1.16999924             294
   1.17999923             290
   1.18999922             288
   1.19999921             287
   1.20999920             284
   1.21999919             279
   1.22999918             276
   1.23999918             274
   1.24999917             269
   1.25999916             267
   1.26999915             264
   1.27999914             259
   1.28999913             257
   1.29999912             254
   1.30999911             253
   1.31999910             253
   1.32999909             251
   1.33999908             245
   1.34999907             244
   1.35999906             244
   1.36999905             242
   1.37999904             239
   1.38999903             238
   1.39999902             238
   1.40999901             236
   1.41999900             234
   1.42999899             231
   1.43999898             228
   1.44999897             222
   1.45999897             221
   1.46999896             216
   1.47999895             213
   1.48999894             209
   1.49999893             206
   1.50999892             206
   1.51999891             205
   1.52999890             203
   1.53999889             201
   1.54999888             198
   1.55999887             193
   1.56999886             191
   1.57999885             190
   1.58999884             190
   1.59999883             189
   1.60999882             186
   1.61999881             184
   1.62999880             179
   1.63999879             174
   1.64999878             172
   1.65999877             168
   1.66999876             166
   1.67999876             165
   1.68999875             163
   1.69999874             163
   1.70999873             162
   1.71999872             162
   1.72999871             161
   1.73999870             158
   1.74999869             157
   1.75999868             157
   1.76999867             156
   1.77999866             155
   1.78999865             151
   1.79999864             149
   1.80999863             147
   1.81999862             144
   1.82999861             144
   1.83999860             144
   1.84999859             144
   1.85999858             144
   1.86999857             142
   1.87999856             142
   1.88999856             141
   1.89999855             139
   1.90999854             139
   1.91999853             137
   1.92999852             134
   1.93999851             132
   1.94999850             129
   1.95999849             128
   1.96999848             125
   1.97999847             123
   1.98999846             123
   1.99999845             123
   2.00999856             122
   2.01999855             120
   2.02999854             118
   2.03999853             117
   2.04999852             116
   2.05999851             115
   2.06999850             113
   2.07999849             111
   2.08999848             109
   2.09999847             109
   2.10999846             107
   2.11999846             104
   2.12999845             101
   2.13999844              99
   2.14999843              98
   2.15999842              97
   2.16999841              96
   2.17999840              96
   2.18999839              95
   2.19999838              95
   2.20999837              94
   2.21999836              93
   2.22999835              92
   2.23999834              91
   2.24999833              89
   2.25999832              88
   2.26999831              87
   2.27999830              86
   2.28999829              86
   2.29999828              86
   2.30999827              85
   2.31999826              84
   2.32999825              84
   2.33999825              82
   2.34999824              81
   2.35999823              81
   2.36999822              80
   2.37999821              80
   2.38999820              80
   2.39999819              80
   2.40999818              80
   2.41999817              80
   2.42999816              80
   2.43999815              79
   2.44999814              79
   2.45999813              78
   2.46999812              77
   2.47999811              77
   2.48999810              77
   2.49999809              76
   2.50999808              76
   2.51999807              75
   2.52999806              73
   2.53999805              73
   2.54999804              73
   2.55999804              72
   2.56999803              71
   2.57999802              70
   2.58999801              69
   2.59999800              69
   2.60999799              67
   2.61999798              67
   2.62999797              65
   2.63999796              65
   2.64999795              65
   2.65999794              63
   2.66999793              63
   2.67999792              63
   2.68999791              62
   2.69999790              60
   2.70999789              59
   2.71999788              58
   2.72999787              58
   2.73999786              58
   2.74999785              57
   2.75999784              57
   2.76999784              57
   2.77999783              57
   2.78999782              57
   2.79999781              56
   2.80999780              56
   2.81999779              56
   2.82999778              55
   2.83999777              55
   2.84999776              55
   2.85999775              54
   2.86999774              54
   2.87999773              52
   2.88999772              52
   2.89999771              52
   2.90999770              50
   2.91999769              50
   2.92999768              50
   2.93999767              49
   2.94999766              49
   2.95999765              49
   2.96999764              47
   2.97999763              46
   2.98999763              45
   2.99999762              45
   3.00999761              45
   3.01999760              45
   3.02999759              45
   3.03999758              45
   3.04999757              45
   3.05999756              44
   3.06999755              44
   3.07999754              44
   3.08999753              44
   3.09999752              44
   3.10999751              44
   3.11999750              44
   3.12999749              43
   3.13999748              43
   3.14999747              43
   3.15999746              42
   3.16999745              41
   3.17999744              41
   3.18999743              41
   3.19999743              41
   3.20999742              41
   3.21999741              41
   3.22999740              41
   3.23999739              41
   3.24999738              41
   3.25999737              41
   3.26999736              40
   3.27999735              39
   3.28999734              38
   3.29999733              38
   3.30999732              38
   3.31999731              38
   3.32999730              38
   3.33999729              37
   3.34999728              36
   3.35999727              36
   3.36999726              35
   3.37999725              35
   3.38999724              35
   3.39999723              35
   3.40999722              34
   3.41999722              34
   3.42999721              34
   3.43999720              34
   3.44999719              34
   3.45999718              34
   3.46999717              34
   3.47999716              34
   3.48999715              32
   3.49999714              32
   3.50999713              32
   3.51999712              32
   3.52999711              31
   3.53999710              31
   3.54999709              31
   3.55999708              31
   3.56999707              30
   3.57999706              30
   3.58999705              30
   3.59999704              30
   3.60999703              29
   3.61999702              28
   3.62999701              28
   3.63999701              28
   3.64999700              28
   3.65999699              28
   3.66999698              28
   3.67999697              27
   3.68999696              26
   3.69999695              26
   3.70999694              26
   3.71999693              25
   3.72999692              24
   3.73999691              23
   3.74999690              23
   3.75999689              23
   3.76999688              23
   3.77999687              23
   3.78999686              23
   3.79999685              23
   3.80999684              23
   3.81999683              23
   3.82999682              23
   3.83999681              23
   3.84999681              23
   3.85999680              23
   3.86999679              22
   3.87999678              22
   3.88999677              22
   3.89999676              22
   3.90999675              22
   3.91999674              22
   3.92999673              22
   3.93999672              22
   3.94999671              22
   3.95999670              22
   3.96999669              22
   3.97999668              22
   3.98999667              22
   3.99999666              22
   4.00999689              22
   4.01999712              22
   4.02999735              22
   4.03999758              22
   4.04999781              22
   4.05999804              22
   4.06999826              21
   4.07999849              21
   4.08999872              21
   4.09999895              21
   4.10999918              20
   4.11999941              20
   4.12999964              20
   4.13999987              20
   4.15000010              20
   4.16000032              20
   4.17000055              20
   4.18000078              20
   4.19000101              20
   4.20000124              20
   4.21000147              20
   4.22000170              20
   4.23000193              18
   4.24000216              18
   4.25000238              18
   4.26000261              18
   4.27000284              18
   4.28000307              18
   4.29000330              18
   4.30000353              18
   4.31000376              18
   4.32000399              17
   4.33000422              17
   4.34000444              17
   4.35000467              16
   4.36000490              16
   4.37000513              16
   4.38000536              16
   4.39000559              15
   4.40000582              15
   4.41000605              15
   4.42000628              14
   4.43000650              13
   4.44000673              13
   4.45000696              12
   4.46000719              12
   4.47000742              11
   4.48000765              11
   4.49000788              11
   4.50000811              11
   4.51000834              11
   4.52000856              11
   4.53000879              11
   4.54000902              11
   4.55000925              11
   4.56000948              11
   4.57000971              11
   4.58000994              11
   4.59001017              10
   4.60001040              10
   4.61001062              10
   4.62001085              10
   4.63001108              10
   4.64001131              10
   4.65001154              10
   4.66001177               9
   4.67001200               8
   4.68001223               8
   4.69001245               8
   4.70001268               8
   4.71001291               8
   4.72001314               8
   4.73001337               8
   4.74001360               8
   4.75001383               8
   4.76001406               8
   4.77001429               8
   4.78001451               8
   4.79001474               8
   4.80001497               8
   4.81001520               8
   4.82001543               8
   4.83001566               8
   4.84001589               7
   4.85001612               7
   4.86001635               7
   4.87001657               7
   4.88001680               7
   4.89001703               7
   4.90001726               7
   4.91001749               7
   4.92001772               7
   4.93001795               7
   4.94001818               7
   4.95001841               6
   4.96001863               6
   4.97001886               6
   4.98001909               6
   4.99001932               6
   5.00001955               6
   5.01001978               6
   5.02002001               6
   5.03002024               5
   5.04002047               5
   5.05002069               5
   5.06002092               5
   5.07002115               4
   5.08002138               4
   5.09002161               4
   5.10002184               4
   5.11002207               4
   5.12002230               4
   5.13002253               4
   5.14002275               4
   5.15002298               4
   5.16002321               4
   5.17002344               4
   5.18002367               4
   5.19002390               4
   5.20002413               4
   5.21002436               4
   5.22002459               4
   5.23002481               4
   5.24002504               4
   5.25002527               4
   5.26002550               4
   5.27002573               4
   5.28002596               4
   5.29002619               4
   5.30002642               4
   5.31002665               4
   5.32002687               4
   5.33002710               4
   5.34002733               4
   5.35002756               4
   5.36002779               4
   5.37002802               4
   5.38002825               4
   5.39002848               4
   5.40002871               4
   5.41002893               4
   5.42002916               4
   5.43002939               4
   5.44002962               4
   5.45002985               4
   5.46003008               4
   5.47003031               4
   5.48003054               4
   5.49003077               4
   5.50003099               4
   5.51003122               4
   5.52003145               4
   5.53003168               4
   5.54003191               4
   5.55003214               4
   5.56003237               4
   5.57003260               4
   5.58003283               3
   5.59003305               3
   5.60003328               3
   5.61003351               3
   5.62003374               3
   5.63003397               3
   5.64003420               3
   5.65003443               3
   5.66003466               3
   5.67003489               3
   5.68003511               3
   5.69003534               3
   5.70003557               3
   5.71003580               3
   5.72003603               3
   5.73003626               3
   5.74003649               3
   5.75003672               3
   5.76003695               3
   5.77003717               3
   5.78003740               3
   5.79003763               3
   5.80003786               3
   5.81003809               3
   5.82003832               3
   5.83003855               3
   5.84003878               3
   5.85003901               3
   5.86003923               3
   5.87003946               3
   5.88003969               3
   5.89003992               3
   5.90004015               3
   5.91004038               3
   5.92004061               3
   5.93004084               3
   5.94004107               3
   5.95004129               2
   5.96004152               2
   5.97004175               2
   5.98004198               2
   5.99004221               2
   6.00004244               2
   6.01004267               2
   6.02004290               2
   6.03004313               2
   6.04004335               2
   6.05004358               2
   6.06004381               2
   6.07004404               2
   6.08004427               2
   6.09004450               2
   6.10004473               2
   6.11004496               2
   6.12004519               2
   6.13004541               2
   6.14004564               2
   6.15004587               1
   6.16004610               1
   6.17004633               1
   6.18004656               1
   6.19004679               1
   6.20004702               1
   6.21004725               1
   6.22004747               1
   6.23004770               1
   6.24004793               1
   6.25004816               1
   6.26004839               1
   6.27004862               1
   6.28004885               1
   6.29004908               1
   6.30004930               1
   6.31004953               1
   6.32004976               1
   6.33004999               1
   6.34005022               1
   6.35005045               1
   6.36005068               1
   6.37005091               1
   6.38005114               0
   6.39005136               0
   6.40005159               0
   6.41005182               0
   6.42005205               0
   6.43005228               0
   6.44005251               0
   6.45005274               0
   6.46005297               0
   6.47005320               0
   6.48005342               0
   6.49005365               0
   6.50005388               0
   6.51005411               0
   6.52005434               0
   6.53005457               0
   6.54005480               0
   6.55005503               0
   6.56005526               0
   6.57005548               0
   6.58005571               0
   6.59005594               0
   6.60005617               0
   6.61005640               0
   6.62005663               0
   6.63005686               0
   6.64005709               0
   6.65005732               0
   6.66005754               0
   6.67005777               0
   6.68005800               0
   6.69005823               0
   6.70005846               0
   6.71005869               0
   6.72005892               0
   6.73005915               0
   6.74005938               0
   6.75005960               0
   6.76005983               0
   6.77006006               0
   6.78006029               0
   6.79006052               0
   6.80006075               0
   6.81006098               0
   6.82006121               0
   6.83006144               0
   6.84006166               0
   6.85006189               0
   6.86006212               0
   6.87006235               0
   6.88006258               0
   6.89006281               0
   6.90006304               0
   6.91006327               0
   6.92006350               0
   6.93006372               0
   6.94006395               0
   6.95006418               0
   6.96006441               0
   6.97006464               0
   6.98006487               0
   6.99006510               0
   7.00006533               0
   7.01006556               0
   7.02006578               0
   7.03006601               0
   7.04006624               0
   7.05006647               0
   7.06006670               0
   7.07006693               0
   7.08006716               0
   7.09006739               0
   7.10006762               0
   7.11006784               0
   7.12006807               0
   7.13006830               0
   7.14006853               0
   7.15006876               0
   7.16006899               0
   7.17006922               0
   7.18006945               0
   7.19006968               0
   7.20006990               0
   7.21007013               0
   7.22007036               0
   7.23007059               0
   7.24007082               0
   7.25007105               0
   7.26007128               0
   7.27007151               0
   7.28007174               0
   7.29007196               0
   7.30007219               0
   7.31007242               0
   7.32007265               0
   7.33007288               0
   7.34007311               0
   7.35007334               0
   7.36007357               0
   7.37007380               0
   7.38007402               0
   7.39007425               0
   7.40007448               0
   7.41007471               0
   7.42007494               0
   7.43007517               0
   7.44007540               0
   7.45007563               0
   7.46007586               0
   7.47007608               0
   7.48007631               0
   7.49007654               0
   7.50007677               0
   7.51007700               0
   7.52007723               0
   7.53007746               0
   7.54007769               0
   7.55007792               0
   7.56007814               0
   7.57007837               0
   7.58007860               0
   7.59007883               0
   7.60007906               0
   7.61007929               0
   7.62007952               0
   7.63007975               0
   7.64007998               0
   7.65008020               0
   7.66008043               0
   7.67008066               0
   7.68008089               0
   7.69008112               0
   7.70008135               0
   7.71008158               0
   7.72008181               0
   7.73008204               0
   7.74008226               0
   7.75008249               0
   7.76008272               0
   7.77008295               0
   7.78008318               0
   7.79008341               0
   7.80008364               0
   7.81008387               0
   7.82008410               0
   7.83008432               0
   7.84008455               0
   7.85008478               0
   7.86008501               0
   7.87008524               0
   7.88008547               0
   7.89008570               0
   7.90008593               0
   7.91008615               0
   7.92008638               0
   7.93008661               0
   7.94008684               0
   7.95008707               0
   7.96008730               0
   7.97008753               0
   7.98008776               0
   7.99008799               0
   8.00008774               0
