   0.00000000             993
   9.99999978E-03         979
   1.99999996E-02         969
   2.99999993E-02         960
   3.99999991E-02         947
   4.99999970E-02         939
   5.99999949E-02         931
   6.99999928E-02         922
   7.99999908E-02         913
   8.99999887E-02         902
   9.99999866E-02         893
  0.109999985             884
  0.119999982             879
  0.129999980             871
  0.139999986             859
  0.149999991             852
  0.159999996             845
  0.170000002             835
  0.180000007             829
  0.190000013             817
  0.200000018             813
  0.210000023             804
  0.220000029             797
  0.230000034             794
  0.240000039             787
  0.250000030             781
  0.260000020             773
  0.270000011             769
  0.280000001             763
  0.289999992             755
  0.299999982             747
  0.309999973             738
  0.319999963             732
  0.329999954             727
  0.339999944             719
  0.349999934             711
  0.359999925             700
  0.369999915             693
  0.379999906             689
  0.389999896             684
  0.399999887             680
  0.409999877             669
  0.419999868             661
  0.429999858             651
  0.439999849             642
  0.449999839             636
  0.459999830             632
  0.469999820             622
  0.479999810             616
  0.489999801             609
  0.499999791             602
  0.509999812             594
  0.519999802             589
  0.529999793             585
  0.539999783             580
  0.549999774             571
  0.559999764             564
  0.569999754             557
  0.579999745             552
  0.589999735             543
  0.599999726             538
  0.609999716             533
  0.619999707             521
  0.629999697             515
  0.639999688             510
  0.649999678             503
  0.659999669             498
  0.669999659             495
  0.679999650             492
  0.689999640             485
  0.699999630             480
  0.709999621             475
  0.719999611             470
  0.729999602             469
  0.739999592             465
  0.749999583             460
  0.759999573             453
  0.769999564             446
  0.779999554             443
  0.789999545             440
  0.799999535             434
  0.809999526             428
  0.819999516             418
  0.829999506             410
  0.839999497             404
  0.849999487             401
  0.859999478             398
  0.869999468             389
  0.879999459             385
  0.889999449             380
  0.899999440             375
  0.909999430             370
  0.919999421             367
  0.929999411             365
  0.939999402             362
  0.949999392             359
  0.959999382             355
  0.969999373             352
  0.979999363             350
  0.989999354             347
  0.999999344             343
   1.00999939             337
   1.01999938             335
   1.02999938             333
   1.03999937             332
   1.04999936             325
   1.05999935             322
   1.06999934             317
   1.07999933             315
   1.08999932             313
   1.09999931             312
   1.10999930             307
   1.11999929             303
   1.12999928             301
   1.13999927             299
   1.14999926             298
   1.15999925             295
   1.16999924             290
   1.17999923             286
   1.18999922             281
   1.19999921             279
   1.20999920             274
   1.21999919             270
   1.22999918             267
   1.23999918             263
   1.24999917             260
   1.25999916             255
   1.26999915             252
   1.27999914             249
   1.28999913             247
   1.29999912             243
   1.30999911             242
   1.31999910             238
   1.32999909             234
   1.33999908             233
   1.34999907             230
   1.35999906             227
   1.36999905             222
   1.37999904             220
   1.38999903             216
   1.39999902             214
   1.40999901             213
   1.41999900             210
   1.42999899             210
   1.43999898             210
   1.44999897             209
   1.45999897             208
   1.46999896             206
   1.47999895             204
   1.48999894             203
   1.49999893             202
   1.50999892             200
   1.51999891             199
   1.52999890             198
   1.53999889             197
   1.54999888             193
   1.55999887             190
   1.56999886             187
   1.57999885             187
   1.58999884             186
   1.59999883             186
   1.60999882             185
   1.61999881             184
   1.62999880             182
   1.63999879             182
   1.64999878             180
   1.65999877             179
   1.66999876             179
   1.67999876             177
   1.68999875             175
   1.69999874             173
   1.70999873             171
   1.71999872             170
   1.72999871             164
   1.73999870             162
   1.74999869             160
   1.75999868             160
   1.76999867             157
   1.77999866             155
   1.78999865             152
   1.79999864             150
   1.80999863             149
   1.81999862             147
   1.82999861             145
   1.83999860             143
   1.84999859             142
   1.85999858             140
   1.86999857             138
   1.87999856             138
   1.88999856             137
   1.89999855             137
   1.90999854             134
   1.91999853             132
   1.92999852             131
   1.93999851             129
   1.94999850             128
   1.95999849             125
   1.96999848             123
   1.97999847             120
   1.98999846             120
   1.99999845             120
   2.00999856             119
   2.01999855             117
   2.02999854             116
   2.03999853             116
   2.04999852             115
   2.05999851             113
   2.06999850             111
   2.07999849             110
   2.08999848             108
   2.09999847             108
   2.10999846             107
   2.11999846             106
   2.12999845             103
   2.13999844             102
   2.14999843             102
   2.15999842             100
   2.16999841              96
   2.17999840              94
   2.18999839              93
   2.19999838              90
   2.20999837              90
   2.21999836              89
   2.22999835              87
   2.23999834              86
   2.24999833              85
   2.25999832              85
   2.26999831              84
   2.27999830              81
   2.28999829              79
   2.29999828              78
   2.30999827              78
   2.31999826              76
   2.32999825              75
   2.33999825              75
   2.34999824              74
   2.35999823              73
   2.36999822              73
   2.37999821              72
   2.38999820              72
   2.39999819              71
   2.40999818              70
   2.41999817              70
   2.42999816              70
   2.43999815              68
   2.44999814              68
   2.45999813              67
   2.46999812              67
   2.47999811              66
   2.48999810              66
   2.49999809              66
   2.50999808              66
   2.51999807              66
   2.52999806              66
   2.53999805              66
   2.54999804              65
   2.55999804              64
   2.56999803              64
   2.57999802              64
   2.58999801              63
   2.59999800              63
   2.60999799              62
   2.61999798              62
   2.62999797              60
   2.63999796              60
   2.64999795              59
   2.65999794              59
   2.66999793              59
   2.67999792              59
   2.68999791              58
   2.69999790              57
   2.70999789              56
   2.71999788              56
   2.72999787              56
   2.73999786              56
   2.74999785              56
   2.75999784              56
   2.76999784              55
   2.77999783              54
   2.78999782              54
   2.79999781              54
   2.80999780              53
   2.81999779              52
   2.82999778              51
   2.83999777              50
   2.84999776              49
   2.85999775              49
   2.86999774              48
   2.87999773              47
   2.88999772              45
   2.89999771              45
   2.90999770              45
   2.91999769              44
   2.92999768              43
   2.93999767              43
   2.94999766              42
   2.95999765              42
   2.96999764              42
   2.97999763              42
   2.98999763              41
   2.99999762              41
   3.00999761              41
   3.01999760              40
   3.02999759              40
   3.03999758              40
   3.04999757              40
   3.05999756              39
   3.06999755              39
   3.07999754              39
   3.08999753              38
   3.09999752              38
   3.10999751              38
   3.11999750              38
   3.12999749              38
   3.13999748              38
   3.14999747              38
   3.15999746              38
   3.16999745              38
   3.17999744              38
   3.18999743              37
   3.19999743              36
   3.20999742              36
   3.21999741              35
   3.22999740              34
   3.23999739              34
   3.24999738              34
   3.25999737              34
   3.26999736              34
   3.27999735              34
   3.28999734              33
   3.29999733              33
   3.30999732              32
   3.31999731              32
   3.32999730              32
   3.33999729              30
   3.34999728              29
   3.35999727              29
   3.36999726              29
   3.37999725              29
   3.38999724              29
   3.39999723              29
   3.40999722              29
   3.41999722              28
   3.42999721              28
   3.43999720              28
   3.44999719              28
   3.45999718              28
   3.46999717              28
   3.47999716              28
   3.48999715              28
   3.49999714              28
   3.50999713              28
   3.51999712              28
   3.52999711              26
   3.53999710              26
   3.54999709              26
   3.55999708              26
   3.56999707              26
   3.57999706              26
   3.58999705              26
   3.59999704              25
   3.60999703              25
   3.61999702              25
   3.62999701              25
   3.63999701              24
   3.64999700              23
   3.65999699              22
   3.66999698              22
   3.67999697              22
   3.68999696              22
   3.69999695              22
   3.70999694              21
   3.71999693              20
   3.72999692              19
   3.73999691              19
   3.74999690              19
   3.75999689              19
   3.76999688              18
   3.77999687              18
   3.78999686              18
   3.79999685              18
   3.80999684              18
   3.81999683              18
   3.82999682              18
   3.83999681              18
   3.84999681              18
   3.85999680              18
   3.86999679              18
   3.87999678              18
   3.88999677              18
   3.89999676              18
   3.90999675              18
   3.91999674              18
   3.92999673              17
   3.93999672              17
   3.94999671              17
   3.95999670              17
   3.96999669              17
   3.97999668              17
   3.98999667              17
   3.99999666              17
   4.00999689              17
   4.01999712              17
   4.02999735              17
   4.03999758              17
   4.04999781              17
   4.05999804              17
   4.06999826              17
   4.07999849              17
   4.08999872              17
   4.09999895              17
   4.10999918              17
   4.11999941              17
   4.12999964              17
   4.13999987              17
   4.15000010              17
   4.16000032              17
   4.17000055              17
   4.18000078              17
   4.19000101              17
   4.20000124              17
   4.21000147              17
   4.22000170              17
   4.23000193              17
   4.24000216              17
   4.25000238              17
   4.26000261              16
   4.27000284              16
   4.28000307              15
   4.29000330              15
   4.30000353              15
   4.31000376              15
   4.32000399              15
   4.33000422              15
   4.34000444              14
   4.35000467              13
   4.36000490              13
   4.37000513              13
   4.38000536              12
   4.39000559              12
   4.40000582              12
   4.41000605              12
   4.42000628              12
   4.43000650              12
   4.44000673              12
   4.45000696              12
   4.46000719              12
   4.47000742              12
   4.48000765              12
   4.49000788              12
   4.50000811              12
   4.51000834              12
   4.52000856              12
   4.53000879              12
   4.54000902              12
   4.55000925              12
   4.56000948              12
   4.57000971              12
   4.58000994              12
   4.59001017              12
   4.60001040              12
   4.61001062              12
   4.62001085              12
   4.63001108              12
   4.64001131              12
   4.65001154              12
   4.66001177              12
   4.67001200              12
   4.68001223              12
   4.69001245              12
   4.70001268              12
   4.71001291              12
   4.72001314              12
   4.73001337              12
   4.74001360              11
   4.75001383              11
   4.76001406              11
   4.77001429              11
   4.78001451              11
   4.79001474              11
   4.80001497              11
   4.81001520              11
   4.82001543              11
   4.83001566              11
   4.84001589              11
   4.85001612              11
   4.86001635              11
   4.87001657              11
   4.88001680              11
   4.89001703              11
   4.90001726              11
   4.91001749              11
   4.92001772              11
   4.93001795              11
   4.94001818              11
   4.95001841              11
   4.96001863              11
   4.97001886              10
   4.98001909              10
   4.99001932              10
   5.00001955              10
   5.01001978              10
   5.02002001               9
   5.03002024               9
   5.04002047               9
   5.05002069               9
   5.06002092               9
   5.07002115               9
   5.08002138               9
   5.09002161               9
   5.10002184               9
   5.11002207               9
   5.12002230               9
   5.13002253               9
   5.14002275               9
   5.15002298               9
   5.16002321               9
   5.17002344               9
   5.18002367               9
   5.19002390               9
   5.20002413               9
   5.21002436               9
   5.22002459               9
   5.23002481               8
   5.24002504               8
   5.25002527               8
   5.26002550               8
   5.27002573               8
   5.28002596               8
   5.29002619               8
   5.30002642               8
   5.31002665               7
   5.32002687               7
   5.33002710               7
   5.34002733               6
   5.35002756               6
   5.36002779               6
   5.37002802               5
   5.38002825               5
   5.39002848               5
   5.40002871               5
   5.41002893               4
   5.42002916               4
   5.43002939               4
   5.44002962               4
   5.45002985               4
   5.46003008               3
   5.47003031               3
   5.48003054               3
   5.49003077               3
   5.50003099               3
   5.51003122               3
   5.52003145               3
   5.53003168               3
   5.54003191               3
   5.55003214               3
   5.56003237               3
   5.57003260               3
   5.58003283               3
   5.59003305               3
   5.60003328               3
   5.61003351               3
   5.62003374               3
   5.63003397               2
   5.64003420               2
   5.65003443               2
   5.66003466               2
   5.67003489               2
   5.68003511               2
   5.69003534               2
   5.70003557               2
   5.71003580               2
   5.72003603               2
   5.73003626               2
   5.74003649               2
   5.75003672               2
   5.76003695               2
   5.77003717               2
   5.78003740               2
   5.79003763               2
   5.80003786               2
   5.81003809               2
   5.82003832               2
   5.83003855               2
   5.84003878               2
   5.85003901               2
   5.86003923               2
   5.87003946               2
   5.88003969               2
   5.89003992               2
   5.90004015               2
   5.91004038               2
   5.92004061               2
   5.93004084               2
   5.94004107               2
   5.95004129               2
   5.96004152               2
   5.97004175               2
   5.98004198               2
   5.99004221               2
   6.00004244               2
   6.01004267               2
   6.02004290               2
   6.03004313               2
   6.04004335               2
   6.05004358               2
   6.06004381               2
   6.07004404               2
   6.08004427               2
   6.09004450               2
   6.10004473               1
   6.11004496               1
   6.12004519               1
   6.13004541               1
   6.14004564               1
   6.15004587               1
   6.16004610               1
   6.17004633               1
   6.18004656               1
   6.19004679               1
   6.20004702               1
   6.21004725               1
   6.22004747               1
   6.23004770               1
   6.24004793               1
   6.25004816               1
   6.26004839               1
   6.27004862               1
   6.28004885               1
   6.29004908               1
   6.30004930               1
   6.31004953               1
   6.32004976               1
   6.33004999               1
   6.34005022               1
   6.35005045               1
   6.36005068               1
   6.37005091               1
   6.38005114               1
   6.39005136               1
   6.40005159               1
   6.41005182               1
   6.42005205               1
   6.43005228               1
   6.44005251               1
   6.45005274               1
   6.46005297               1
   6.47005320               1
   6.48005342               1
   6.49005365               1
   6.50005388               1
   6.51005411               1
   6.52005434               1
   6.53005457               1
   6.54005480               1
   6.55005503               1
   6.56005526               1
   6.57005548               1
   6.58005571               1
   6.59005594               1
   6.60005617               1
   6.61005640               1
   6.62005663               1
   6.63005686               1
   6.64005709               1
   6.65005732               1
   6.66005754               1
   6.67005777               1
   6.68005800               1
   6.69005823               1
   6.70005846               1
   6.71005869               1
   6.72005892               1
   6.73005915               1
   6.74005938               1
   6.75005960               1
   6.76005983               1
   6.77006006               1
   6.78006029               1
   6.79006052               1
   6.80006075               1
   6.81006098               1
   6.82006121               1
   6.83006144               1
   6.84006166               1
   6.85006189               1
   6.86006212               1
   6.87006235               1
   6.88006258               1
   6.89006281               1
   6.90006304               1
   6.91006327               1
   6.92006350               1
   6.93006372               1
   6.94006395               1
   6.95006418               1
   6.96006441               1
   6.97006464               1
   6.98006487               1
   6.99006510               1
   7.00006533               1
   7.01006556               1
   7.02006578               1
   7.03006601               1
   7.04006624               1
   7.05006647               1
   7.06006670               1
   7.07006693               1
   7.08006716               1
   7.09006739               1
   7.10006762               1
   7.11006784               1
   7.12006807               1
   7.13006830               1
   7.14006853               1
   7.15006876               1
   7.16006899               1
   7.17006922               1
   7.18006945               1
   7.19006968               1
   7.20006990               1
   7.21007013               1
   7.22007036               1
   7.23007059               1
   7.24007082               1
   7.25007105               1
   7.26007128               1
   7.27007151               1
   7.28007174               1
   7.29007196               1
   7.30007219               1
   7.31007242               1
   7.32007265               1
   7.33007288               1
   7.34007311               1
   7.35007334               1
   7.36007357               1
   7.37007380               1
   7.38007402               1
   7.39007425               1
   7.40007448               1
   7.41007471               1
   7.42007494               1
   7.43007517               1
   7.44007540               1
   7.45007563               1
   7.46007586               1
   7.47007608               1
   7.48007631               1
   7.49007654               1
   7.50007677               1
   7.51007700               1
   7.52007723               1
   7.53007746               1
   7.54007769               1
   7.55007792               1
   7.56007814               1
   7.57007837               1
   7.58007860               1
   7.59007883               1
   7.60007906               1
   7.61007929               1
   7.62007952               1
   7.63007975               1
   7.64007998               1
   7.65008020               1
   7.66008043               1
   7.67008066               1
   7.68008089               1
   7.69008112               1
   7.70008135               1
   7.71008158               1
   7.72008181               1
   7.73008204               1
   7.74008226               1
   7.75008249               1
   7.76008272               1
   7.77008295               1
   7.78008318               1
   7.79008341               1
   7.80008364               1
   7.81008387               1
   7.82008410               1
   7.83008432               1
   7.84008455               1
   7.85008478               1
   7.86008501               1
   7.87008524               1
   7.88008547               1
   7.89008570               1
   7.90008593               1
   7.91008615               1
   7.92008638               1
   7.93008661               1
   7.94008684               1
   7.95008707               1
   7.96008730               1
   7.97008753               1
   7.98008776               1
   7.99008799               1
   8.00008774               1
