   0.00000000             986
   9.99999978E-03         979
   1.99999996E-02         968
   2.99999993E-02         961
   3.99999991E-02         952
   4.99999970E-02         944
   5.99999949E-02         937
   6.99999928E-02         927
   7.99999908E-02         912
   8.99999887E-02         903
   9.99999866E-02         894
  0.109999985             885
  0.119999982             876
  0.129999980             870
  0.139999986             860
  0.149999991             850
  0.159999996             836
  0.170000002             825
  0.180000007             819
  0.190000013             805
  0.200000018             796
  0.210000023             783
  0.220000029             772
  0.230000034             763
  0.240000039             757
  0.250000030             751
  0.260000020             746
  0.270000011             738
  0.280000001             730
  0.289999992             724
  0.299999982             720
  0.309999973             715
  0.319999963             709
  0.329999954             698
  0.339999944             692
  0.349999934             684
  0.359999925             673
  0.369999915             667
  0.379999906             660
  0.389999896             649
  0.399999887             644
  0.409999877             634
  0.419999868             622
  0.429999858             616
  0.439999849             607
  0.449999839             601
  0.459999830             597
  0.469999820             588
  0.479999810             581
  0.489999801             578
  0.499999791             576
  0.509999812             572
  0.519999802             567
  0.529999793             561
  0.539999783             558
  0.549999774             556
  0.559999764             551
  0.569999754             548
  0.579999745             544
  0.589999735             540
  0.599999726             537
  0.609999716             531
  0.619999707             529
  0.629999697             524
  0.639999688             518
  0.649999678             511
  0.659999669             504
  0.669999659             497
  0.679999650             491
  0.689999640             484
  0.699999630             478
  0.709999621             474
  0.719999611             470
  0.729999602             467
  0.739999592             466
  0.749999583             458
  0.759999573             450
  0.769999564             447
  0.779999554             440
  0.789999545             437
  0.799999535             431
  0.809999526             426
  0.819999516             422
  0.829999506             416
  0.839999497             409
  0.849999487             407
  0.859999478             404
  0.869999468             402
  0.879999459             400
  0.889999449             395
  0.899999440             392
  0.909999430             389
  0.919999421             387
  0.929999411             384
  0.939999402             382
  0.949999392             377
  0.959999382             371
  0.969999373             367
  0.979999363             362
  0.989999354             357
  0.999999344             353
   1.00999939             352
   1.01999938             349
   1.02999938             342
   1.03999937             340
   1.04999936             334
   1.05999935             334
   1.06999934             334
   1.07999933             328
   1.08999932             325
   1.09999931             320
   1.10999930             316
   1.11999929             315
   1.12999928             314
   1.13999927             311
   1.14999926             307
   1.15999925             305
   1.16999924             302
   1.17999923             301
   1.18999922             296
   1.19999921             293
   1.20999920             292
   1.21999919             289
   1.22999918             286
   1.23999918             282
   1.24999917             281
   1.25999916             278
   1.26999915             273
   1.27999914             272
   1.28999913             269
   1.29999912             263
   1.30999911             260
   1.31999910             257
   1.32999909             255
   1.33999908             254
   1.34999907             251
   1.35999906             249
   1.36999905             248
   1.37999904             242
   1.38999903             241
   1.39999902             238
   1.40999901             235
   1.41999900             233
   1.42999899             229
   1.43999898             226
   1.44999897             225
   1.45999897             223
   1.46999896             220
   1.47999895             219
   1.48999894             219
   1.49999893             215
   1.50999892             211
   1.51999891             208
   1.52999890             207
   1.53999889             204
   1.54999888             203
   1.55999887             199
   1.56999886             197
   1.57999885             196
   1.58999884             195
   1.59999883             191
   1.60999882             190
   1.61999881             187
   1.62999880             186
   1.63999879             186
   1.64999878             184
   1.65999877             183
   1.66999876             182
   1.67999876             180
   1.68999875             177
   1.69999874             176
   1.70999873             174
   1.71999872             170
   1.72999871             169
   1.73999870             165
   1.74999869             163
   1.75999868             160
   1.76999867             157
   1.77999866             157
   1.78999865             154
   1.79999864             152
   1.80999863             151
   1.81999862             150
   1.82999861             150
   1.83999860             149
   1.84999859             146
   1.85999858             145
   1.86999857             141
   1.87999856             139
   1.88999856             137
   1.89999855             137
   1.90999854             135
   1.91999853             133
   1.92999852             131
   1.93999851             129
   1.94999850             127
   1.95999849             127
   1.96999848             123
   1.97999847             122
   1.98999846             122
   1.99999845             121
   2.00999856             119
   2.01999855             115
   2.02999854             114
   2.03999853             113
   2.04999852             112
   2.05999851             112
   2.06999850             108
   2.07999849             106
   2.08999848             105
   2.09999847             104
   2.10999846             101
   2.11999846              99
   2.12999845              98
   2.13999844              97
   2.14999843              97
   2.15999842              95
   2.16999841              94
   2.17999840              94
   2.18999839              94
   2.19999838              94
   2.20999837              93
   2.21999836              93
   2.22999835              92
   2.23999834              91
   2.24999833              89
   2.25999832              89
   2.26999831              89
   2.27999830              89
   2.28999829              88
   2.29999828              87
   2.30999827              86
   2.31999826              84
   2.32999825              84
   2.33999825              82
   2.34999824              80
   2.35999823              79
   2.36999822              78
   2.37999821              78
   2.38999820              78
   2.39999819              78
   2.40999818              78
   2.41999817              77
   2.42999816              77
   2.43999815              77
   2.44999814              76
   2.45999813              75
   2.46999812              74
   2.47999811              74
   2.48999810              74
   2.49999809              73
   2.50999808              72
   2.51999807              71
   2.52999806              71
   2.53999805              71
   2.54999804              71
   2.55999804              71
   2.56999803              70
   2.57999802              70
   2.58999801              70
   2.59999800              69
   2.60999799              69
   2.61999798              68
   2.62999797              65
   2.63999796              65
   2.64999795              65
   2.65999794              64
   2.66999793              63
   2.67999792              62
   2.68999791              62
   2.69999790              61
   2.70999789              60
   2.71999788              60
   2.72999787              60
   2.73999786              58
   2.74999785              57
   2.75999784              55
   2.76999784              55
   2.77999783              55
   2.78999782              55
   2.79999781              54
   2.80999780              54
   2.81999779              53
   2.82999778              53
   2.83999777              53
   2.84999776              52
   2.85999775              52
   2.86999774              51
   2.87999773              51
   2.88999772              51
   2.89999771              50
   2.90999770              50
   2.91999769              50
   2.92999768              49
   2.93999767              49
   2.94999766              49
   2.95999765              49
   2.96999764              49
   2.97999763              48
   2.98999763              47
   2.99999762              47
   3.00999761              46
   3.01999760              45
   3.02999759              44
   3.03999758              44
   3.04999757              42
   3.05999756              42
   3.06999755              40
   3.07999754              39
   3.08999753              39
   3.09999752              38
   3.10999751              37
   3.11999750              36
   3.12999749              36
   3.13999748              36
   3.14999747              36
   3.15999746              36
   3.16999745              36
   3.17999744              36
   3.18999743              35
   3.19999743              35
   3.20999742              35
   3.21999741              35
   3.22999740              35
   3.23999739              35
   3.24999738              35
   3.25999737              35
   3.26999736              35
   3.27999735              34
   3.28999734              34
   3.29999733              33
   3.30999732              33
   3.31999731              33
   3.32999730              33
   3.33999729              32
   3.34999728              32
   3.35999727              31
   3.36999726              31
   3.37999725              30
   3.38999724              30
   3.39999723              30
   3.40999722              30
   3.41999722              30
   3.42999721              30
   3.43999720              29
   3.44999719              29
   3.45999718              28
   3.46999717              28
   3.47999716              28
   3.48999715              28
   3.49999714              26
   3.50999713              26
   3.51999712              26
   3.52999711              26
   3.53999710              26
   3.54999709              26
   3.55999708              25
   3.56999707              24
   3.57999706              23
   3.58999705              23
   3.59999704              23
   3.60999703              23
   3.61999702              23
   3.62999701              23
   3.63999701              21
   3.64999700              21
   3.65999699              21
   3.66999698              21
   3.67999697              21
   3.68999696              21
   3.69999695              21
   3.70999694              21
   3.71999693              21
   3.72999692              21
   3.73999691              21
   3.74999690              21
   3.75999689              20
   3.76999688              20
   3.77999687              19
   3.78999686              19
   3.79999685              19
   3.80999684              18
   3.81999683              18
   3.82999682              17
   3.83999681              17
   3.84999681              17
   3.85999680              17
   3.86999679              17
   3.87999678              17
   3.88999677              17
   3.89999676              17
   3.90999675              17
   3.91999674              17
   3.92999673              17
   3.93999672              17
   3.94999671              17
   3.95999670              17
   3.96999669              17
   3.97999668              17
   3.98999667              17
   3.99999666              17
   4.00999689              17
   4.01999712              17
   4.02999735              16
   4.03999758              15
   4.04999781              15
   4.05999804              15
   4.06999826              15
   4.07999849              15
   4.08999872              15
   4.09999895              15
   4.10999918              15
   4.11999941              15
   4.12999964              15
   4.13999987              15
   4.15000010              15
   4.16000032              15
   4.17000055              15
   4.18000078              15
   4.19000101              15
   4.20000124              15
   4.21000147              15
   4.22000170              15
   4.23000193              15
   4.24000216              15
   4.25000238              15
   4.26000261              15
   4.27000284              14
   4.28000307              14
   4.29000330              14
   4.30000353              14
   4.31000376              14
   4.32000399              14
   4.33000422              14
   4.34000444              13
   4.35000467              12
   4.36000490              12
   4.37000513              12
   4.38000536              12
   4.39000559              12
   4.40000582              12
   4.41000605              12
   4.42000628              12
   4.43000650              12
   4.44000673              12
   4.45000696              12
   4.46000719              12
   4.47000742              12
   4.48000765              12
   4.49000788              12
   4.50000811              12
   4.51000834              12
   4.52000856              12
   4.53000879              12
   4.54000902              12
   4.55000925              12
   4.56000948              12
   4.57000971              12
   4.58000994              12
   4.59001017              11
   4.60001040              11
   4.61001062              11
   4.62001085              11
   4.63001108              11
   4.64001131              11
   4.65001154              11
   4.66001177              11
   4.67001200              11
   4.68001223              10
   4.69001245              10
   4.70001268              10
   4.71001291              10
   4.72001314              10
   4.73001337              10
   4.74001360              10
   4.75001383               9
   4.76001406               9
   4.77001429               9
   4.78001451               9
   4.79001474               9
   4.80001497               9
   4.81001520               8
   4.82001543               8
   4.83001566               8
   4.84001589               8
   4.85001612               8
   4.86001635               8
   4.87001657               8
   4.88001680               8
   4.89001703               8
   4.90001726               6
   4.91001749               6
   4.92001772               6
   4.93001795               6
   4.94001818               6
   4.95001841               6
   4.96001863               6
   4.97001886               6
   4.98001909               6
   4.99001932               6
   5.00001955               6
   5.01001978               6
   5.02002001               6
   5.03002024               6
   5.04002047               6
   5.05002069               6
   5.06002092               6
   5.07002115               6
   5.08002138               6
   5.09002161               6
   5.10002184               6
   5.11002207               6
   5.12002230               6
   5.13002253               6
   5.14002275               6
   5.15002298               6
   5.16002321               6
   5.17002344               6
   5.18002367               6
   5.19002390               6
   5.20002413               6
   5.21002436               6
   5.22002459               6
   5.23002481               6
   5.24002504               6
   5.25002527               6
   5.26002550               6
   5.27002573               6
   5.28002596               6
   5.29002619               6
   5.30002642               6
   5.31002665               6
   5.32002687               5
   5.33002710               5
   5.34002733               5
   5.35002756               5
   5.36002779               5
   5.37002802               4
   5.38002825               4
   5.39002848               4
   5.40002871               4
   5.41002893               4
   5.42002916               4
   5.43002939               4
   5.44002962               4
   5.45002985               4
   5.46003008               4
   5.47003031               4
   5.48003054               4
   5.49003077               4
   5.50003099               4
   5.51003122               4
   5.52003145               4
   5.53003168               4
   5.54003191               4
   5.55003214               4
   5.56003237               4
   5.57003260               4
   5.58003283               4
   5.59003305               4
   5.60003328               4
   5.61003351               4
   5.62003374               3
   5.63003397               3
   5.64003420               3
   5.65003443               3
   5.66003466               3
   5.67003489               3
   5.68003511               3
   5.69003534               2
   5.70003557               2
   5.71003580               2
   5.72003603               2
   5.73003626               2
   5.74003649               2
   5.75003672               2
   5.76003695               2
   5.77003717               2
   5.78003740               2
   5.79003763               2
   5.80003786               2
   5.81003809               2
   5.82003832               1
   5.83003855               0
   5.84003878               0
   5.85003901               0
   5.86003923               0
   5.87003946               0
   5.88003969               0
   5.89003992               0
   5.90004015               0
   5.91004038               0
   5.92004061               0
   5.93004084               0
   5.94004107               0
   5.95004129               0
   5.96004152               0
   5.97004175               0
   5.98004198               0
   5.99004221               0
   6.00004244               0
   6.01004267               0
   6.02004290               0
   6.03004313               0
   6.04004335               0
   6.05004358               0
   6.06004381               0
   6.07004404               0
   6.08004427               0
   6.09004450               0
   6.10004473               0
   6.11004496               0
   6.12004519               0
   6.13004541               0
   6.14004564               0
   6.15004587               0
   6.16004610               0
   6.17004633               0
   6.18004656               0
   6.19004679               0
   6.20004702               0
   6.21004725               0
   6.22004747               0
   6.23004770               0
   6.24004793               0
   6.25004816               0
   6.26004839               0
   6.27004862               0
   6.28004885               0
   6.29004908               0
   6.30004930               0
   6.31004953               0
   6.32004976               0
   6.33004999               0
   6.34005022               0
   6.35005045               0
   6.36005068               0
   6.37005091               0
   6.38005114               0
   6.39005136               0
   6.40005159               0
   6.41005182               0
   6.42005205               0
   6.43005228               0
   6.44005251               0
   6.45005274               0
   6.46005297               0
   6.47005320               0
   6.48005342               0
   6.49005365               0
   6.50005388               0
   6.51005411               0
   6.52005434               0
   6.53005457               0
   6.54005480               0
   6.55005503               0
   6.56005526               0
   6.57005548               0
   6.58005571               0
   6.59005594               0
   6.60005617               0
   6.61005640               0
   6.62005663               0
   6.63005686               0
   6.64005709               0
   6.65005732               0
   6.66005754               0
   6.67005777               0
   6.68005800               0
   6.69005823               0
   6.70005846               0
   6.71005869               0
   6.72005892               0
   6.73005915               0
   6.74005938               0
   6.75005960               0
   6.76005983               0
   6.77006006               0
   6.78006029               0
   6.79006052               0
   6.80006075               0
   6.81006098               0
   6.82006121               0
   6.83006144               0
   6.84006166               0
   6.85006189               0
   6.86006212               0
   6.87006235               0
   6.88006258               0
   6.89006281               0
   6.90006304               0
   6.91006327               0
   6.92006350               0
   6.93006372               0
   6.94006395               0
   6.95006418               0
   6.96006441               0
   6.97006464               0
   6.98006487               0
   6.99006510               0
   7.00006533               0
   7.01006556               0
   7.02006578               0
   7.03006601               0
   7.04006624               0
   7.05006647               0
   7.06006670               0
   7.07006693               0
   7.08006716               0
   7.09006739               0
   7.10006762               0
   7.11006784               0
   7.12006807               0
   7.13006830               0
   7.14006853               0
   7.15006876               0
   7.16006899               0
   7.17006922               0
   7.18006945               0
   7.19006968               0
   7.20006990               0
   7.21007013               0
   7.22007036               0
   7.23007059               0
   7.24007082               0
   7.25007105               0
   7.26007128               0
   7.27007151               0
   7.28007174               0
   7.29007196               0
   7.30007219               0
   7.31007242               0
   7.32007265               0
   7.33007288               0
   7.34007311               0
   7.35007334               0
   7.36007357               0
   7.37007380               0
   7.38007402               0
   7.39007425               0
   7.40007448               0
   7.41007471               0
   7.42007494               0
   7.43007517               0
   7.44007540               0
   7.45007563               0
   7.46007586               0
   7.47007608               0
   7.48007631               0
   7.49007654               0
   7.50007677               0
   7.51007700               0
   7.52007723               0
   7.53007746               0
   7.54007769               0
   7.55007792               0
   7.56007814               0
   7.57007837               0
   7.58007860               0
   7.59007883               0
   7.60007906               0
   7.61007929               0
   7.62007952               0
   7.63007975               0
   7.64007998               0
   7.65008020               0
   7.66008043               0
   7.67008066               0
   7.68008089               0
   7.69008112               0
   7.70008135               0
   7.71008158               0
   7.72008181               0
   7.73008204               0
   7.74008226               0
   7.75008249               0
   7.76008272               0
   7.77008295               0
   7.78008318               0
   7.79008341               0
   7.80008364               0
   7.81008387               0
   7.82008410               0
   7.83008432               0
   7.84008455               0
   7.85008478               0
   7.86008501               0
   7.87008524               0
   7.88008547               0
   7.89008570               0
   7.90008593               0
   7.91008615               0
   7.92008638               0
   7.93008661               0
   7.94008684               0
   7.95008707               0
   7.96008730               0
   7.97008753               0
   7.98008776               0
   7.99008799               0
   8.00008774               0
