   0.00000000             995
   9.99999978E-03         987
   1.99999996E-02         971
   2.99999993E-02         961
   3.99999991E-02         952
   4.99999970E-02         946
   5.99999949E-02         938
   6.99999928E-02         933
   7.99999908E-02         924
   8.99999887E-02         913
   9.99999866E-02         910
  0.109999985             903
  0.119999982             886
  0.129999980             874
  0.139999986             869
  0.149999991             863
  0.159999996             857
  0.170000002             848
  0.180000007             840
  0.190000013             834
  0.200000018             825
  0.210000023             814
  0.220000029             808
  0.230000034             800
  0.240000039             789
  0.250000030             781
  0.260000020             774
  0.270000011             769
  0.280000001             755
  0.289999992             750
  0.299999982             736
  0.309999973             724
  0.319999963             716
  0.329999954             703
  0.339999944             700
  0.349999934             692
  0.359999925             687
  0.369999915             679
  0.379999906             672
  0.389999896             667
  0.399999887             660
  0.409999877             656
  0.419999868             647
  0.429999858             640
  0.439999849             633
  0.449999839             625
  0.459999830             621
  0.469999820             616
  0.479999810             608
  0.489999801             602
  0.499999791             598
  0.509999812             592
  0.519999802             585
  0.529999793             578
  0.539999783             572
  0.549999774             571
  0.559999764             558
  0.569999754             557
  0.579999745             551
  0.589999735             547
  0.599999726             541
  0.609999716             535
  0.619999707             530
  0.629999697             527
  0.639999688             520
  0.649999678             515
  0.659999669             507
  0.669999659             503
  0.679999650             497
  0.689999640             492
  0.699999630             490
  0.709999621             488
  0.719999611             483
  0.729999602             478
  0.739999592             474
  0.749999583             469
  0.759999573             460
  0.769999564             459
  0.779999554             453
  0.789999545             446
  0.799999535             445
  0.809999526             440
  0.819999516             437
  0.829999506             434
  0.839999497             429
  0.849999487             427
  0.859999478             418
  0.869999468             413
  0.879999459             411
  0.889999449             407
  0.899999440             404
  0.909999430             401
  0.919999421             398
  0.929999411             396
  0.939999402             387
  0.949999392             383
  0.959999382             380
  0.969999373             379
  0.979999363             375
  0.989999354             371
  0.999999344             368
   1.00999939             365
   1.01999938             361
   1.02999938             356
   1.03999937             354
   1.04999936             352
   1.05999935             348
   1.06999934             343
   1.07999933             337
   1.08999932             330
   1.09999931             328
   1.10999930             323
   1.11999929             317
   1.12999928             315
   1.13999927             314
   1.14999926             311
   1.15999925             306
   1.16999924             304
   1.17999923             302
   1.18999922             301
   1.19999921             298
   1.20999920             294
   1.21999919             293
   1.22999918             290
   1.23999918             287
   1.24999917             284
   1.25999916             281
   1.26999915             278
   1.27999914             275
   1.28999913             273
   1.29999912             267
   1.30999911             266
   1.31999910             261
   1.32999909             260
   1.33999908             260
   1.34999907             257
   1.35999906             255
   1.36999905             255
   1.37999904             254
   1.38999903             252
   1.39999902             250
   1.40999901             247
   1.41999900             245
   1.42999899             243
   1.43999898             242
   1.44999897             241
   1.45999897             240
   1.46999896             239
   1.47999895             238
   1.48999894             235
   1.49999893             229
   1.50999892             226
   1.51999891             222
   1.52999890             220
   1.53999889             217
   1.54999888             216
   1.55999887             210
   1.56999886             206
   1.57999885             204
   1.58999884             200
   1.59999883             199
   1.60999882             196
   1.61999881             194
   1.62999880             192
   1.63999879             191
   1.64999878             191
   1.65999877             187
   1.66999876             186
   1.67999876             181
   1.68999875             179
   1.69999874             178
   1.70999873             178
   1.71999872             176
   1.72999871             176
   1.73999870             175
   1.74999869             173
   1.75999868             171
   1.76999867             170
   1.77999866             170
   1.78999865             167
   1.79999864             165
   1.80999863             163
   1.81999862             162
   1.82999861             161
   1.83999860             161
   1.84999859             160
   1.85999858             160
   1.86999857             159
   1.87999856             159
   1.88999856             154
   1.89999855             153
   1.90999854             151
   1.91999853             149
   1.92999852             149
   1.93999851             147
   1.94999850             144
   1.95999849             142
   1.96999848             140
   1.97999847             138
   1.98999846             138
   1.99999845             135
   2.00999856             134
   2.01999855             134
   2.02999854             130
   2.03999853             130
   2.04999852             126
   2.05999851             124
   2.06999850             123
   2.07999849             120
   2.08999848             120
   2.09999847             119
   2.10999846             118
   2.11999846             117
   2.12999845             114
   2.13999844             114
   2.14999843             112
   2.15999842             112
   2.16999841             111
   2.17999840             109
   2.18999839             109
   2.19999838             108
   2.20999837             106
   2.21999836             105
   2.22999835             105
   2.23999834             105
   2.24999833             105
   2.25999832             102
   2.26999831             100
   2.27999830             100
   2.28999829             100
   2.29999828             100
   2.30999827              98
   2.31999826              97
   2.32999825              97
   2.33999825              97
   2.34999824              97
   2.35999823              96
   2.36999822              94
   2.37999821              92
   2.38999820              91
   2.39999819              89
   2.40999818              89
   2.41999817              88
   2.42999816              87
   2.43999815              87
   2.44999814              84
   2.45999813              84
   2.46999812              84
   2.47999811              82
   2.48999810              80
   2.49999809              78
   2.50999808              78
   2.51999807              78
   2.52999806              77
   2.53999805              76
   2.54999804              73
   2.55999804              72
   2.56999803              71
   2.57999802              71
   2.58999801              70
   2.59999800              68
   2.60999799              68
   2.61999798              68
   2.62999797              67
   2.63999796              66
   2.64999795              66
   2.65999794              66
   2.66999793              65
   2.67999792              65
   2.68999791              64
   2.69999790              64
   2.70999789              64
   2.71999788              64
   2.72999787              64
   2.73999786              64
   2.74999785              64
   2.75999784              64
   2.76999784              64
   2.77999783              62
   2.78999782              61
   2.79999781              61
   2.80999780              61
   2.81999779              61
   2.82999778              60
   2.83999777              60
   2.84999776              60
   2.85999775              59
   2.86999774              59
   2.87999773              57
   2.88999772              56
   2.89999771              56
   2.90999770              55
   2.91999769              54
   2.92999768              54
   2.93999767              53
   2.94999766              53
   2.95999765              53
   2.96999764              52
   2.97999763              52
   2.98999763              52
   2.99999762              51
   3.00999761              51
   3.01999760              51
   3.02999759              51
   3.03999758              51
   3.04999757              51
   3.05999756              51
   3.06999755              51
   3.07999754              51
   3.08999753              50
   3.09999752              49
   3.10999751              48
   3.11999750              47
   3.12999749              47
   3.13999748              46
   3.14999747              45
   3.15999746              45
   3.16999745              43
   3.17999744              43
   3.18999743              41
   3.19999743              39
   3.20999742              39
   3.21999741              38
   3.22999740              38
   3.23999739              37
   3.24999738              37
   3.25999737              37
   3.26999736              36
   3.27999735              36
   3.28999734              36
   3.29999733              36
   3.30999732              36
   3.31999731              36
   3.32999730              36
   3.33999729              36
   3.34999728              33
   3.35999727              33
   3.36999726              32
   3.37999725              32
   3.38999724              32
   3.39999723              32
   3.40999722              32
   3.41999722              32
   3.42999721              32
   3.43999720              32
   3.44999719              32
   3.45999718              32
   3.46999717              32
   3.47999716              32
   3.48999715              32
   3.49999714              32
   3.50999713              30
   3.51999712              30
   3.52999711              28
   3.53999710              28
   3.54999709              27
   3.55999708              27
   3.56999707              27
   3.57999706              27
   3.58999705              27
   3.59999704              27
   3.60999703              26
   3.61999702              26
   3.62999701              26
   3.63999701              26
   3.64999700              26
   3.65999699              26
   3.66999698              26
   3.67999697              26
   3.68999696              26
   3.69999695              26
   3.70999694              26
   3.71999693              26
   3.72999692              26
   3.73999691              25
   3.74999690              25
   3.75999689              25
   3.76999688              25
   3.77999687              25
   3.78999686              25
   3.79999685              24
   3.80999684              24
   3.81999683              23
   3.82999682              22
   3.83999681              22
   3.84999681              22
   3.85999680              22
   3.86999679              22
   3.87999678              22
   3.88999677              22
   3.89999676              22
   3.90999675              22
   3.91999674              21
   3.92999673              21
   3.93999672              21
   3.94999671              21
   3.95999670              21
   3.96999669              21
   3.97999668              21
   3.98999667              21
   3.99999666              21
   4.00999689              21
   4.01999712              21
   4.02999735              20
   4.03999758              19
   4.04999781              17
   4.05999804              17
   4.06999826              17
   4.07999849              17
   4.08999872              17
   4.09999895              17
   4.10999918              17
   4.11999941              17
   4.12999964              17
   4.13999987              17
   4.15000010              17
   4.16000032              17
   4.17000055              17
   4.18000078              17
   4.19000101              17
   4.20000124              17
   4.21000147              17
   4.22000170              17
   4.23000193              17
   4.24000216              17
   4.25000238              17
   4.26000261              17
   4.27000284              16
   4.28000307              15
   4.29000330              15
   4.30000353              14
   4.31000376              14
   4.32000399              14
   4.33000422              14
   4.34000444              14
   4.35000467              14
   4.36000490              14
   4.37000513              14
   4.38000536              14
   4.39000559              14
   4.40000582              14
   4.41000605              14
   4.42000628              14
   4.43000650              14
   4.44000673              14
   4.45000696              14
   4.46000719              14
   4.47000742              13
   4.48000765              13
   4.49000788              13
   4.50000811              13
   4.51000834              13
   4.52000856              13
   4.53000879              13
   4.54000902              13
   4.55000925              13
   4.56000948              13
   4.57000971              13
   4.58000994              13
   4.59001017              13
   4.60001040              13
   4.61001062              12
   4.62001085              12
   4.63001108              12
   4.64001131              12
   4.65001154              11
   4.66001177              11
   4.67001200              11
   4.68001223              10
   4.69001245               9
   4.70001268               9
   4.71001291               8
   4.72001314               8
   4.73001337               8
   4.74001360               8
   4.75001383               8
   4.76001406               8
   4.77001429               8
   4.78001451               8
   4.79001474               8
   4.80001497               8
   4.81001520               8
   4.82001543               8
   4.83001566               8
   4.84001589               8
   4.85001612               8
   4.86001635               8
   4.87001657               8
   4.88001680               7
   4.89001703               7
   4.90001726               7
   4.91001749               7
   4.92001772               7
   4.93001795               7
   4.94001818               7
   4.95001841               7
   4.96001863               7
   4.97001886               7
   4.98001909               7
   4.99001932               7
   5.00001955               7
   5.01001978               7
   5.02002001               7
   5.03002024               7
   5.04002047               7
   5.05002069               7
   5.06002092               7
   5.07002115               7
   5.08002138               6
   5.09002161               6
   5.10002184               6
   5.11002207               6
   5.12002230               6
   5.13002253               6
   5.14002275               5
   5.15002298               5
   5.16002321               5
   5.17002344               5
   5.18002367               4
   5.19002390               4
   5.20002413               4
   5.21002436               4
   5.22002459               3
   5.23002481               3
   5.24002504               3
   5.25002527               3
   5.26002550               3
   5.27002573               3
   5.28002596               3
   5.29002619               3
   5.30002642               3
   5.31002665               3
   5.32002687               3
   5.33002710               3
   5.34002733               3
   5.35002756               2
   5.36002779               2
   5.37002802               2
   5.38002825               2
   5.39002848               2
   5.40002871               2
   5.41002893               2
   5.42002916               2
   5.43002939               2
   5.44002962               2
   5.45002985               2
   5.46003008               2
   5.47003031               2
   5.48003054               1
   5.49003077               1
   5.50003099               1
   5.51003122               1
   5.52003145               1
   5.53003168               0
   5.54003191               0
   5.55003214               0
   5.56003237               0
   5.57003260               0
   5.58003283               0
   5.59003305               0
   5.60003328               0
   5.61003351               0
   5.62003374               0
   5.63003397               0
   5.64003420               0
   5.65003443               0
   5.66003466               0
   5.67003489               0
   5.68003511               0
   5.69003534               0
   5.70003557               0
   5.71003580               0
   5.72003603               0
   5.73003626               0
   5.74003649               0
   5.75003672               0
   5.76003695               0
   5.77003717               0
   5.78003740               0
   5.79003763               0
   5.80003786               0
   5.81003809               0
   5.82003832               0
   5.83003855               0
   5.84003878               0
   5.85003901               0
   5.86003923               0
   5.87003946               0
   5.88003969               0
   5.89003992               0
   5.90004015               0
   5.91004038               0
   5.92004061               0
   5.93004084               0
   5.94004107               0
   5.95004129               0
   5.96004152               0
   5.97004175               0
   5.98004198               0
   5.99004221               0
   6.00004244               0
   6.01004267               0
   6.02004290               0
   6.03004313               0
   6.04004335               0
   6.05004358               0
   6.06004381               0
   6.07004404               0
   6.08004427               0
   6.09004450               0
   6.10004473               0
   6.11004496               0
   6.12004519               0
   6.13004541               0
   6.14004564               0
   6.15004587               0
   6.16004610               0
   6.17004633               0
   6.18004656               0
   6.19004679               0
   6.20004702               0
   6.21004725               0
   6.22004747               0
   6.23004770               0
   6.24004793               0
   6.25004816               0
   6.26004839               0
   6.27004862               0
   6.28004885               0
   6.29004908               0
   6.30004930               0
   6.31004953               0
   6.32004976               0
   6.33004999               0
   6.34005022               0
   6.35005045               0
   6.36005068               0
   6.37005091               0
   6.38005114               0
   6.39005136               0
   6.40005159               0
   6.41005182               0
   6.42005205               0
   6.43005228               0
   6.44005251               0
   6.45005274               0
   6.46005297               0
   6.47005320               0
   6.48005342               0
   6.49005365               0
   6.50005388               0
   6.51005411               0
   6.52005434               0
   6.53005457               0
   6.54005480               0
   6.55005503               0
   6.56005526               0
   6.57005548               0
   6.58005571               0
   6.59005594               0
   6.60005617               0
   6.61005640               0
   6.62005663               0
   6.63005686               0
   6.64005709               0
   6.65005732               0
   6.66005754               0
   6.67005777               0
   6.68005800               0
   6.69005823               0
   6.70005846               0
   6.71005869               0
   6.72005892               0
   6.73005915               0
   6.74005938               0
   6.75005960               0
   6.76005983               0
   6.77006006               0
   6.78006029               0
   6.79006052               0
   6.80006075               0
   6.81006098               0
   6.82006121               0
   6.83006144               0
   6.84006166               0
   6.85006189               0
   6.86006212               0
   6.87006235               0
   6.88006258               0
   6.89006281               0
   6.90006304               0
   6.91006327               0
   6.92006350               0
   6.93006372               0
   6.94006395               0
   6.95006418               0
   6.96006441               0
   6.97006464               0
   6.98006487               0
   6.99006510               0
   7.00006533               0
   7.01006556               0
   7.02006578               0
   7.03006601               0
   7.04006624               0
   7.05006647               0
   7.06006670               0
   7.07006693               0
   7.08006716               0
   7.09006739               0
   7.10006762               0
   7.11006784               0
   7.12006807               0
   7.13006830               0
   7.14006853               0
   7.15006876               0
   7.16006899               0
   7.17006922               0
   7.18006945               0
   7.19006968               0
   7.20006990               0
   7.21007013               0
   7.22007036               0
   7.23007059               0
   7.24007082               0
   7.25007105               0
   7.26007128               0
   7.27007151               0
   7.28007174               0
   7.29007196               0
   7.30007219               0
   7.31007242               0
   7.32007265               0
   7.33007288               0
   7.34007311               0
   7.35007334               0
   7.36007357               0
   7.37007380               0
   7.38007402               0
   7.39007425               0
   7.40007448               0
   7.41007471               0
   7.42007494               0
   7.43007517               0
   7.44007540               0
   7.45007563               0
   7.46007586               0
   7.47007608               0
   7.48007631               0
   7.49007654               0
   7.50007677               0
   7.51007700               0
   7.52007723               0
   7.53007746               0
   7.54007769               0
   7.55007792               0
   7.56007814               0
   7.57007837               0
   7.58007860               0
   7.59007883               0
   7.60007906               0
   7.61007929               0
   7.62007952               0
   7.63007975               0
   7.64007998               0
   7.65008020               0
   7.66008043               0
   7.67008066               0
   7.68008089               0
   7.69008112               0
   7.70008135               0
   7.71008158               0
   7.72008181               0
   7.73008204               0
   7.74008226               0
   7.75008249               0
   7.76008272               0
   7.77008295               0
   7.78008318               0
   7.79008341               0
   7.80008364               0
   7.81008387               0
   7.82008410               0
   7.83008432               0
   7.84008455               0
   7.85008478               0
   7.86008501               0
   7.87008524               0
   7.88008547               0
   7.89008570               0
   7.90008593               0
   7.91008615               0
   7.92008638               0
   7.93008661               0
   7.94008684               0
   7.95008707               0
   7.96008730               0
   7.97008753               0
   7.98008776               0
   7.99008799               0
   8.00008774               0
