   0.00000000             991
   9.99999978E-03         983
   1.99999996E-02         968
   2.99999993E-02         961
   3.99999991E-02         951
   4.99999970E-02         943
   5.99999949E-02         932
   6.99999928E-02         925
   7.99999908E-02         919
   8.99999887E-02         903
   9.99999866E-02         892
  0.109999985             883
  0.119999982             874
  0.129999980             865
  0.139999986             858
  0.149999991             850
  0.159999996             844
  0.170000002             835
  0.180000007             824
  0.190000013             812
  0.200000018             806
  0.210000023             794
  0.220000029             782
  0.230000034             780
  0.240000039             771
  0.250000030             761
  0.260000020             755
  0.270000011             747
  0.280000001             734
  0.289999992             728
  0.299999982             723
  0.309999973             714
  0.319999963             709
  0.329999954             702
  0.339999944             696
  0.349999934             685
  0.359999925             676
  0.369999915             670
  0.379999906             667
  0.389999896             663
  0.399999887             656
  0.409999877             650
  0.419999868             644
  0.429999858             633
  0.439999849             625
  0.449999839             615
  0.459999830             610
  0.469999820             605
  0.479999810             600
  0.489999801             589
  0.499999791             582
  0.509999812             572
  0.519999802             566
  0.529999793             557
  0.539999783             552
  0.549999774             545
  0.559999764             541
  0.569999754             536
  0.579999745             534
  0.589999735             531
  0.599999726             529
  0.609999716             523
  0.619999707             518
  0.629999697             512
  0.639999688             507
  0.649999678             505
  0.659999669             498
  0.669999659             492
  0.679999650             486
  0.689999640             482
  0.699999630             478
  0.709999621             473
  0.719999611             466
  0.729999602             462
  0.739999592             459
  0.749999583             458
  0.759999573             453
  0.769999564             447
  0.779999554             442
  0.789999545             437
  0.799999535             426
  0.809999526             420
  0.819999516             416
  0.829999506             412
  0.839999497             405
  0.849999487             401
  0.859999478             396
  0.869999468             395
  0.879999459             390
  0.889999449             386
  0.899999440             381
  0.909999430             379
  0.919999421             376
  0.929999411             373
  0.939999402             371
  0.949999392             368
  0.959999382             363
  0.969999373             358
  0.979999363             352
  0.989999354             348
  0.999999344             344
   1.00999939             343
   1.01999938             340
   1.02999938             334
   1.03999937             331
   1.04999936             328
   1.05999935             324
   1.06999934             320
   1.07999933             317
   1.08999932             316
   1.09999931             313
   1.10999930             310
   1.11999929             307
   1.12999928             304
   1.13999927             300
   1.14999926             297
   1.15999925             296
   1.16999924             292
   1.17999923             288
   1.18999922             286
   1.19999921             283
   1.20999920             281
   1.21999919             279
   1.22999918             277
   1.23999918             271
   1.24999917             267
   1.25999916             265
   1.26999915             262
   1.27999914             261
   1.28999913             258
   1.29999912             255
   1.30999911             254
   1.31999910             251
   1.32999909             249
   1.33999908             245
   1.34999907             243
   1.35999906             238
   1.36999905             237
   1.37999904             235
   1.38999903             235
   1.39999902             232
   1.40999901             231
   1.41999900             227
   1.42999899             227
   1.43999898             225
   1.44999897             222
   1.45999897             221
   1.46999896             218
   1.47999895             217
   1.48999894             216
   1.49999893             216
   1.50999892             214
   1.51999891             214
   1.52999890             211
   1.53999889             210
   1.54999888             207
   1.55999887             206
   1.56999886             203
   1.57999885             201
   1.58999884             201
   1.59999883             198
   1.60999882             197
   1.61999881             192
   1.62999880             190
   1.63999879             188
   1.64999878             185
   1.65999877             185
   1.66999876             182
   1.67999876             180
   1.68999875             179
   1.69999874             176
   1.70999873             175
   1.71999872             174
   1.72999871             171
   1.73999870             167
   1.74999869             163
   1.75999868             159
   1.76999867             156
   1.77999866             155
   1.78999865             155
   1.79999864             154
   1.80999863             152
   1.81999862             148
   1.82999861             148
   1.83999860             145
   1.84999859             144
   1.85999858             144
   1.86999857             142
   1.87999856             141
   1.88999856             137
   1.89999855             136
   1.90999854             136
   1.91999853             134
   1.92999852             134
   1.93999851             131
   1.94999850             130
   1.95999849             125
   1.96999848             125
   1.97999847             124
   1.98999846             123
   1.99999845             119
   2.00999856             118
   2.01999855             116
   2.02999854             116
   2.03999853             115
   2.04999852             115
   2.05999851             112
   2.06999850             111
   2.07999849             110
   2.08999848             107
   2.09999847             106
   2.10999846             105
   2.11999846             105
   2.12999845             103
   2.13999844             101
   2.14999843              99
   2.15999842              96
   2.16999841              93
   2.17999840              90
   2.18999839              90
   2.19999838              90
   2.20999837              89
   2.21999836              89
   2.22999835              88
   2.23999834              88
   2.24999833              88
   2.25999832              86
   2.26999831              85
   2.27999830              84
   2.28999829              84
   2.29999828              84
   2.30999827              82
   2.31999826              81
   2.32999825              80
   2.33999825              79
   2.34999824              79
   2.35999823              76
   2.36999822              75
   2.37999821              75
   2.38999820              75
   2.39999819              75
   2.40999818              74
   2.41999817              73
   2.42999816              73
   2.43999815              72
   2.44999814              71
   2.45999813              70
   2.46999812              69
   2.47999811              68
   2.48999810              68
   2.49999809              68
   2.50999808              68
   2.51999807              68
   2.52999806              67
   2.53999805              66
   2.54999804              65
   2.55999804              65
   2.56999803              65
   2.57999802              65
   2.58999801              64
   2.59999800              63
   2.60999799              63
   2.61999798              63
   2.62999797              63
   2.63999796              63
   2.64999795              59
   2.65999794              59
   2.66999793              58
   2.67999792              58
   2.68999791              58
   2.69999790              57
   2.70999789              54
   2.71999788              54
   2.72999787              53
   2.73999786              53
   2.74999785              53
   2.75999784              53
   2.76999784              53
   2.77999783              53
   2.78999782              52
   2.79999781              51
   2.80999780              49
   2.81999779              49
   2.82999778              48
   2.83999777              48
   2.84999776              48
   2.85999775              48
   2.86999774              48
   2.87999773              46
   2.88999772              46
   2.89999771              44
   2.90999770              42
   2.91999769              42
   2.92999768              42
   2.93999767              41
   2.94999766              41
   2.95999765              40
   2.96999764              40
   2.97999763              39
   2.98999763              36
   2.99999762              35
   3.00999761              35
   3.01999760              35
   3.02999759              35
   3.03999758              34
   3.04999757              33
   3.05999756              33
   3.06999755              33
   3.07999754              33
   3.08999753              33
   3.09999752              32
   3.10999751              32
   3.11999750              30
   3.12999749              29
   3.13999748              29
   3.14999747              29
   3.15999746              29
   3.16999745              29
   3.17999744              29
   3.18999743              28
   3.19999743              28
   3.20999742              28
   3.21999741              28
   3.22999740              28
   3.23999739              28
   3.24999738              28
   3.25999737              28
   3.26999736              27
   3.27999735              25
   3.28999734              25
   3.29999733              25
   3.30999732              25
   3.31999731              24
   3.32999730              24
   3.33999729              24
   3.34999728              23
   3.35999727              23
   3.36999726              23
   3.37999725              23
   3.38999724              22
   3.39999723              22
   3.40999722              22
   3.41999722              22
   3.42999721              22
   3.43999720              22
   3.44999719              21
   3.45999718              21
   3.46999717              21
   3.47999716              21
   3.48999715              20
   3.49999714              20
   3.50999713              20
   3.51999712              20
   3.52999711              20
   3.53999710              20
   3.54999709              20
   3.55999708              20
   3.56999707              20
   3.57999706              20
   3.58999705              20
   3.59999704              20
   3.60999703              20
   3.61999702              19
   3.62999701              19
   3.63999701              19
   3.64999700              18
   3.65999699              18
   3.66999698              18
   3.67999697              18
   3.68999696              18
   3.69999695              18
   3.70999694              17
   3.71999693              17
   3.72999692              17
   3.73999691              17
   3.74999690              16
   3.75999689              16
   3.76999688              16
   3.77999687              16
   3.78999686              16
   3.79999685              16
   3.80999684              16
   3.81999683              16
   3.82999682              16
   3.83999681              16
   3.84999681              16
   3.85999680              16
   3.86999679              16
   3.87999678              16
   3.88999677              16
   3.89999676              16
   3.90999675              16
   3.91999674              16
   3.92999673              16
   3.93999672              16
   3.94999671              16
   3.95999670              16
   3.96999669              16
   3.97999668              16
   3.98999667              15
   3.99999666              14
   4.00999689              13
   4.01999712              13
   4.02999735              13
   4.03999758              13
   4.04999781              13
   4.05999804              13
   4.06999826              13
   4.07999849              13
   4.08999872              13
   4.09999895              13
   4.10999918              13
   4.11999941              13
   4.12999964              13
   4.13999987              13
   4.15000010              13
   4.16000032              13
   4.17000055              13
   4.18000078              12
   4.19000101              12
   4.20000124              12
   4.21000147              12
   4.22000170              12
   4.23000193              12
   4.24000216              12
   4.25000238              12
   4.26000261              11
   4.27000284              10
   4.28000307              10
   4.29000330              10
   4.30000353              10
   4.31000376              10
   4.32000399              10
   4.33000422               9
   4.34000444               9
   4.35000467               9
   4.36000490               9
   4.37000513               9
   4.38000536               9
   4.39000559               9
   4.40000582               9
   4.41000605               9
   4.42000628               9
   4.43000650               9
   4.44000673               9
   4.45000696               9
   4.46000719               9
   4.47000742               9
   4.48000765               9
   4.49000788               9
   4.50000811               9
   4.51000834               9
   4.52000856               9
   4.53000879               9
   4.54000902               9
   4.55000925               9
   4.56000948               9
   4.57000971               9
   4.58000994               9
   4.59001017               9
   4.60001040               9
   4.61001062               9
   4.62001085               9
   4.63001108               9
   4.64001131               9
   4.65001154               9
   4.66001177               9
   4.67001200               9
   4.68001223               9
   4.69001245               9
   4.70001268               8
   4.71001291               8
   4.72001314               8
   4.73001337               7
   4.74001360               7
   4.75001383               7
   4.76001406               7
   4.77001429               7
   4.78001451               7
   4.79001474               7
   4.80001497               7
   4.81001520               6
   4.82001543               6
   4.83001566               6
   4.84001589               6
   4.85001612               6
   4.86001635               6
   4.87001657               6
   4.88001680               5
   4.89001703               5
   4.90001726               5
   4.91001749               5
   4.92001772               5
   4.93001795               5
   4.94001818               5
   4.95001841               5
   4.96001863               5
   4.97001886               5
   4.98001909               5
   4.99001932               5
   5.00001955               5
   5.01001978               5
   5.02002001               5
   5.03002024               5
   5.04002047               5
   5.05002069               5
   5.06002092               5
   5.07002115               5
   5.08002138               5
   5.09002161               5
   5.10002184               5
   5.11002207               5
   5.12002230               5
   5.13002253               5
   5.14002275               5
   5.15002298               5
   5.16002321               5
   5.17002344               5
   5.18002367               5
   5.19002390               5
   5.20002413               5
   5.21002436               5
   5.22002459               4
   5.23002481               4
   5.24002504               4
   5.25002527               4
   5.26002550               4
   5.27002573               4
   5.28002596               4
   5.29002619               4
   5.30002642               4
   5.31002665               4
   5.32002687               4
   5.33002710               4
   5.34002733               4
   5.35002756               4
   5.36002779               4
   5.37002802               4
   5.38002825               4
   5.39002848               4
   5.40002871               4
   5.41002893               4
   5.42002916               4
   5.43002939               4
   5.44002962               3
   5.45002985               3
   5.46003008               3
   5.47003031               3
   5.48003054               3
   5.49003077               3
   5.50003099               3
   5.51003122               3
   5.52003145               3
   5.53003168               3
   5.54003191               3
   5.55003214               3
   5.56003237               3
   5.57003260               3
   5.58003283               3
   5.59003305               3
   5.60003328               3
   5.61003351               3
   5.62003374               3
   5.63003397               3
   5.64003420               3
   5.65003443               3
   5.66003466               3
   5.67003489               3
   5.68003511               3
   5.69003534               3
   5.70003557               3
   5.71003580               3
   5.72003603               3
   5.73003626               3
   5.74003649               3
   5.75003672               3
   5.76003695               3
   5.77003717               3
   5.78003740               3
   5.79003763               3
   5.80003786               3
   5.81003809               3
   5.82003832               3
   5.83003855               3
   5.84003878               3
   5.85003901               3
   5.86003923               3
   5.87003946               3
   5.88003969               3
   5.89003992               3
   5.90004015               3
   5.91004038               3
   5.92004061               3
   5.93004084               3
   5.94004107               3
   5.95004129               3
   5.96004152               3
   5.97004175               3
   5.98004198               3
   5.99004221               3
   6.00004244               3
   6.01004267               3
   6.02004290               3
   6.03004313               3
   6.04004335               3
   6.05004358               3
   6.06004381               3
   6.07004404               3
   6.08004427               3
   6.09004450               3
   6.10004473               3
   6.11004496               3
   6.12004519               3
   6.13004541               3
   6.14004564               3
   6.15004587               3
   6.16004610               3
   6.17004633               3
   6.18004656               3
   6.19004679               3
   6.20004702               3
   6.21004725               3
   6.22004747               3
   6.23004770               3
   6.24004793               3
   6.25004816               3
   6.26004839               3
   6.27004862               3
   6.28004885               3
   6.29004908               3
   6.30004930               3
   6.31004953               3
   6.32004976               3
   6.33004999               3
   6.34005022               3
   6.35005045               3
   6.36005068               3
   6.37005091               3
   6.38005114               3
   6.39005136               3
   6.40005159               3
   6.41005182               3
   6.42005205               3
   6.43005228               3
   6.44005251               3
   6.45005274               3
   6.46005297               3
   6.47005320               3
   6.48005342               3
   6.49005365               3
   6.50005388               3
   6.51005411               3
   6.52005434               3
   6.53005457               3
   6.54005480               3
   6.55005503               3
   6.56005526               3
   6.57005548               3
   6.58005571               3
   6.59005594               3
   6.60005617               3
   6.61005640               3
   6.62005663               3
   6.63005686               3
   6.64005709               3
   6.65005732               3
   6.66005754               3
   6.67005777               3
   6.68005800               3
   6.69005823               3
   6.70005846               3
   6.71005869               3
   6.72005892               3
   6.73005915               3
   6.74005938               3
   6.75005960               3
   6.76005983               3
   6.77006006               3
   6.78006029               3
   6.79006052               3
   6.80006075               3
   6.81006098               3
   6.82006121               3
   6.83006144               3
   6.84006166               3
   6.85006189               3
   6.86006212               3
   6.87006235               3
   6.88006258               3
   6.89006281               3
   6.90006304               3
   6.91006327               3
   6.92006350               3
   6.93006372               3
   6.94006395               3
   6.95006418               3
   6.96006441               3
   6.97006464               3
   6.98006487               3
   6.99006510               3
   7.00006533               3
   7.01006556               3
   7.02006578               3
   7.03006601               3
   7.04006624               3
   7.05006647               3
   7.06006670               3
   7.07006693               3
   7.08006716               3
   7.09006739               3
   7.10006762               3
   7.11006784               3
   7.12006807               3
   7.13006830               3
   7.14006853               3
   7.15006876               3
   7.16006899               2
   7.17006922               2
   7.18006945               2
   7.19006968               2
   7.20006990               2
   7.21007013               2
   7.22007036               2
   7.23007059               2
   7.24007082               2
   7.25007105               2
   7.26007128               2
   7.27007151               2
   7.28007174               2
   7.29007196               2
   7.30007219               2
   7.31007242               2
   7.32007265               2
   7.33007288               2
   7.34007311               2
   7.35007334               2
   7.36007357               2
   7.37007380               2
   7.38007402               2
   7.39007425               2
   7.40007448               2
   7.41007471               2
   7.42007494               2
   7.43007517               1
   7.44007540               1
   7.45007563               1
   7.46007586               1
   7.47007608               1
   7.48007631               1
   7.49007654               1
   7.50007677               1
   7.51007700               1
   7.52007723               1
   7.53007746               0
   7.54007769               0
   7.55007792               0
   7.56007814               0
   7.57007837               0
   7.58007860               0
   7.59007883               0
   7.60007906               0
   7.61007929               0
   7.62007952               0
   7.63007975               0
   7.64007998               0
   7.65008020               0
   7.66008043               0
   7.67008066               0
   7.68008089               0
   7.69008112               0
   7.70008135               0
   7.71008158               0
   7.72008181               0
   7.73008204               0
   7.74008226               0
   7.75008249               0
   7.76008272               0
   7.77008295               0
   7.78008318               0
   7.79008341               0
   7.80008364               0
   7.81008387               0
   7.82008410               0
   7.83008432               0
   7.84008455               0
   7.85008478               0
   7.86008501               0
   7.87008524               0
   7.88008547               0
   7.89008570               0
   7.90008593               0
   7.91008615               0
   7.92008638               0
   7.93008661               0
   7.94008684               0
   7.95008707               0
   7.96008730               0
   7.97008753               0
   7.98008776               0
   7.99008799               0
   8.00008774               0
