   0.00000000             991
   9.99999978E-03         981
   1.99999996E-02         968
   2.99999993E-02         960
   3.99999991E-02         950
   4.99999970E-02         939
   5.99999949E-02         928
   6.99999928E-02         919
   7.99999908E-02         912
   8.99999887E-02         902
   9.99999866E-02         890
  0.109999985             877
  0.119999982             866
  0.129999980             854
  0.139999986             849
  0.149999991             842
  0.159999996             836
  0.170000002             833
  0.180000007             823
  0.190000013             819
  0.200000018             817
  0.210000023             812
  0.220000029             801
  0.230000034             796
  0.240000039             786
  0.250000030             776
  0.260000020             765
  0.270000011             755
  0.280000001             747
  0.289999992             741
  0.299999982             731
  0.309999973             722
  0.319999963             715
  0.329999954             707
  0.339999944             700
  0.349999934             691
  0.359999925             681
  0.369999915             673
  0.379999906             670
  0.389999896             664
  0.399999887             656
  0.409999877             649
  0.419999868             641
  0.429999858             636
  0.439999849             628
  0.449999839             621
  0.459999830             613
  0.469999820             609
  0.479999810             602
  0.489999801             598
  0.499999791             593
  0.509999812             586
  0.519999802             582
  0.529999793             575
  0.539999783             566
  0.549999774             555
  0.559999764             548
  0.569999754             541
  0.579999745             536
  0.589999735             532
  0.599999726             527
  0.609999716             522
  0.619999707             516
  0.629999697             512
  0.639999688             507
  0.649999678             502
  0.659999669             501
  0.669999659             498
  0.679999650             493
  0.689999640             488
  0.699999630             482
  0.709999621             475
  0.719999611             473
  0.729999602             466
  0.739999592             463
  0.749999583             460
  0.759999573             460
  0.769999564             459
  0.779999554             453
  0.789999545             451
  0.799999535             448
  0.809999526             446
  0.819999516             443
  0.829999506             440
  0.839999497             434
  0.849999487             429
  0.859999478             427
  0.869999468             421
  0.879999459             419
  0.889999449             413
  0.899999440             409
  0.909999430             404
  0.919999421             402
  0.929999411             396
  0.939999402             391
  0.949999392             383
  0.959999382             381
  0.969999373             378
  0.979999363             375
  0.989999354             374
  0.999999344             370
   1.00999939             367
   1.01999938             358
   1.02999938             355
   1.03999937             351
   1.04999936             348
   1.05999935             347
   1.06999934             347
   1.07999933             343
   1.08999932             340
   1.09999931             337
   1.10999930             335
   1.11999929             329
   1.12999928             324
   1.13999927             322
   1.14999926             319
   1.15999925             317
   1.16999924             312
   1.17999923             312
   1.18999922             308
   1.19999921             304
   1.20999920             302
   1.21999919             298
   1.22999918             292
   1.23999918             287
   1.24999917             283
   1.25999916             279
   1.26999915             277
   1.27999914             273
   1.28999913             273
   1.29999912             273
   1.30999911             272
   1.31999910             270
   1.32999909             269
   1.33999908             268
   1.34999907             263
   1.35999906             261
   1.36999905             259
   1.37999904             257
   1.38999903             253
   1.39999902             251
   1.40999901             248
   1.41999900             246
   1.42999899             244
   1.43999898             240
   1.44999897             236
   1.45999897             234
   1.46999896             230
   1.47999895             230
   1.48999894             229
   1.49999893             229
   1.50999892             227
   1.51999891             223
   1.52999890             221
   1.53999889             220
   1.54999888             219
   1.55999887             216
   1.56999886             215
   1.57999885             212
   1.58999884             212
   1.59999883             207
   1.60999882             207
   1.61999881             204
   1.62999880             200
   1.63999879             198
   1.64999878             197
   1.65999877             196
   1.66999876             193
   1.67999876             192
   1.68999875             192
   1.69999874             192
   1.70999873             192
   1.71999872             189
   1.72999871             186
   1.73999870             186
   1.74999869             186
   1.75999868             185
   1.76999867             183
   1.77999866             182
   1.78999865             179
   1.79999864             175
   1.80999863             173
   1.81999862             171
   1.82999861             170
   1.83999860             169
   1.84999859             168
   1.85999858             167
   1.86999857             165
   1.87999856             164
   1.88999856             164
   1.89999855             161
   1.90999854             160
   1.91999853             157
   1.92999852             152
   1.93999851             152
   1.94999850             152
   1.95999849             151
   1.96999848             149
   1.97999847             147
   1.98999846             146
   1.99999845             145
   2.00999856             144
   2.01999855             142
   2.02999854             142
   2.03999853             142
   2.04999852             140
   2.05999851             138
   2.06999850             137
   2.07999849             135
   2.08999848             134
   2.09999847             134
   2.10999846             132
   2.11999846             130
   2.12999845             130
   2.13999844             130
   2.14999843             130
   2.15999842             130
   2.16999841             125
   2.17999840             124
   2.18999839             124
   2.19999838             123
   2.20999837             121
   2.21999836             121
   2.22999835             120
   2.23999834             119
   2.24999833             119
   2.25999832             118
   2.26999831             117
   2.27999830             117
   2.28999829             117
   2.29999828             114
   2.30999827             113
   2.31999826             111
   2.32999825             110
   2.33999825             109
   2.34999824             109
   2.35999823             107
   2.36999822             106
   2.37999821             105
   2.38999820             105
   2.39999819             105
   2.40999818             102
   2.41999817             102
   2.42999816             101
   2.43999815             100
   2.44999814              96
   2.45999813              96
   2.46999812              96
   2.47999811              96
   2.48999810              95
   2.49999809              93
   2.50999808              92
   2.51999807              91
   2.52999806              87
   2.53999805              87
   2.54999804              86
   2.55999804              85
   2.56999803              85
   2.57999802              83
   2.58999801              83
   2.59999800              82
   2.60999799              82
   2.61999798              81
   2.62999797              79
   2.63999796              77
   2.64999795              77
   2.65999794              77
   2.66999793              77
   2.67999792              76
   2.68999791              75
   2.69999790              75
   2.70999789              74
   2.71999788              74
   2.72999787              73
   2.73999786              70
   2.74999785              69
   2.75999784              69
   2.76999784              69
   2.77999783              68
   2.78999782              68
   2.79999781              67
   2.80999780              67
   2.81999779              67
   2.82999778              66
   2.83999777              66
   2.84999776              64
   2.85999775              64
   2.86999774              63
   2.87999773              63
   2.88999772              63
   2.89999771              63
   2.90999770              63
   2.91999769              63
   2.92999768              62
   2.93999767              61
   2.94999766              60
   2.95999765              60
   2.96999764              60
   2.97999763              60
   2.98999763              59
   2.99999762              59
   3.00999761              59
   3.01999760              58
   3.02999759              58
   3.03999758              56
   3.04999757              56
   3.05999756              55
   3.06999755              55
   3.07999754              54
   3.08999753              54
   3.09999752              53
   3.10999751              53
   3.11999750              52
   3.12999749              49
   3.13999748              48
   3.14999747              48
   3.15999746              48
   3.16999745              48
   3.17999744              48
   3.18999743              47
   3.19999743              46
   3.20999742              45
   3.21999741              44
   3.22999740              42
   3.23999739              42
   3.24999738              41
   3.25999737              41
   3.26999736              40
   3.27999735              39
   3.28999734              39
   3.29999733              39
   3.30999732              38
   3.31999731              38
   3.32999730              37
   3.33999729              37
   3.34999728              37
   3.35999727              37
   3.36999726              37
   3.37999725              37
   3.38999724              37
   3.39999723              37
   3.40999722              36
   3.41999722              36
   3.42999721              36
   3.43999720              36
   3.44999719              36
   3.45999718              36
   3.46999717              35
   3.47999716              34
   3.48999715              34
   3.49999714              34
   3.50999713              34
   3.51999712              34
   3.52999711              33
   3.53999710              33
   3.54999709              33
   3.55999708              33
   3.56999707              33
   3.57999706              33
   3.58999705              33
   3.59999704              32
   3.60999703              32
   3.61999702              32
   3.62999701              31
   3.63999701              30
   3.64999700              28
   3.65999699              27
   3.66999698              26
   3.67999697              26
   3.68999696              25
   3.69999695              25
   3.70999694              25
   3.71999693              25
   3.72999692              25
   3.73999691              25
   3.74999690              25
   3.75999689              24
   3.76999688              24
   3.77999687              24
   3.78999686              24
   3.79999685              24
   3.80999684              24
   3.81999683              24
   3.82999682              23
   3.83999681              22
   3.84999681              22
   3.85999680              22
   3.86999679              21
   3.87999678              20
   3.88999677              19
   3.89999676              19
   3.90999675              19
   3.91999674              19
   3.92999673              18
   3.93999672              18
   3.94999671              18
   3.95999670              18
   3.96999669              18
   3.97999668              18
   3.98999667              18
   3.99999666              18
   4.00999689              18
   4.01999712              18
   4.02999735              18
   4.03999758              18
   4.04999781              17
   4.05999804              17
   4.06999826              17
   4.07999849              17
   4.08999872              16
   4.09999895              16
   4.10999918              16
   4.11999941              16
   4.12999964              15
   4.13999987              14
   4.15000010              14
   4.16000032              14
   4.17000055              13
   4.18000078              13
   4.19000101              13
   4.20000124              13
   4.21000147              13
   4.22000170              13
   4.23000193              13
   4.24000216              13
   4.25000238              13
   4.26000261              13
   4.27000284              13
   4.28000307              12
   4.29000330              12
   4.30000353              12
   4.31000376              12
   4.32000399              12
   4.33000422              12
   4.34000444              12
   4.35000467              12
   4.36000490              12
   4.37000513              12
   4.38000536              12
   4.39000559              12
   4.40000582              12
   4.41000605              12
   4.42000628              12
   4.43000650              12
   4.44000673              12
   4.45000696              12
   4.46000719              12
   4.47000742              11
   4.48000765              11
   4.49000788              10
   4.50000811              10
   4.51000834              10
   4.52000856              10
   4.53000879              10
   4.54000902              10
   4.55000925              10
   4.56000948              10
   4.57000971               9
   4.58000994               9
   4.59001017               9
   4.60001040               9
   4.61001062               9
   4.62001085               8
   4.63001108               8
   4.64001131               8
   4.65001154               8
   4.66001177               8
   4.67001200               8
   4.68001223               8
   4.69001245               8
   4.70001268               8
   4.71001291               8
   4.72001314               8
   4.73001337               8
   4.74001360               8
   4.75001383               7
   4.76001406               7
   4.77001429               7
   4.78001451               6
   4.79001474               6
   4.80001497               6
   4.81001520               6
   4.82001543               6
   4.83001566               5
   4.84001589               5
   4.85001612               5
   4.86001635               5
   4.87001657               5
   4.88001680               5
   4.89001703               5
   4.90001726               5
   4.91001749               5
   4.92001772               5
   4.93001795               5
   4.94001818               5
   4.95001841               5
   4.96001863               5
   4.97001886               5
   4.98001909               5
   4.99001932               5
   5.00001955               5
   5.01001978               5
   5.02002001               5
   5.03002024               5
   5.04002047               5
   5.05002069               5
   5.06002092               5
   5.07002115               5
   5.08002138               5
   5.09002161               5
   5.10002184               5
   5.11002207               4
   5.12002230               4
   5.13002253               4
   5.14002275               4
   5.15002298               4
   5.16002321               4
   5.17002344               4
   5.18002367               4
   5.19002390               3
   5.20002413               3
   5.21002436               3
   5.22002459               3
   5.23002481               3
   5.24002504               3
   5.25002527               3
   5.26002550               3
   5.27002573               3
   5.28002596               3
   5.29002619               3
   5.30002642               3
   5.31002665               3
   5.32002687               3
   5.33002710               3
   5.34002733               3
   5.35002756               3
   5.36002779               3
   5.37002802               2
   5.38002825               2
   5.39002848               2
   5.40002871               2
   5.41002893               2
   5.42002916               1
   5.43002939               1
   5.44002962               1
   5.45002985               1
   5.46003008               1
   5.47003031               1
   5.48003054               1
   5.49003077               1
   5.50003099               1
   5.51003122               1
   5.52003145               1
   5.53003168               1
   5.54003191               1
   5.55003214               1
   5.56003237               1
   5.57003260               1
   5.58003283               1
   5.59003305               1
   5.60003328               1
   5.61003351               1
   5.62003374               1
   5.63003397               1
   5.64003420               1
   5.65003443               1
   5.66003466               1
   5.67003489               1
   5.68003511               1
   5.69003534               1
   5.70003557               1
   5.71003580               1
   5.72003603               1
   5.73003626               1
   5.74003649               0
   5.75003672               0
   5.76003695               0
   5.77003717               0
   5.78003740               0
   5.79003763               0
   5.80003786               0
   5.81003809               0
   5.82003832               0
   5.83003855               0
   5.84003878               0
   5.85003901               0
   5.86003923               0
   5.87003946               0
   5.88003969               0
   5.89003992               0
   5.90004015               0
   5.91004038               0
   5.92004061               0
   5.93004084               0
   5.94004107               0
   5.95004129               0
   5.96004152               0
   5.97004175               0
   5.98004198               0
   5.99004221               0
   6.00004244               0
   6.01004267               0
   6.02004290               0
   6.03004313               0
   6.04004335               0
   6.05004358               0
   6.06004381               0
   6.07004404               0
   6.08004427               0
   6.09004450               0
   6.10004473               0
   6.11004496               0
   6.12004519               0
   6.13004541               0
   6.14004564               0
   6.15004587               0
   6.16004610               0
   6.17004633               0
   6.18004656               0
   6.19004679               0
   6.20004702               0
   6.21004725               0
   6.22004747               0
   6.23004770               0
   6.24004793               0
   6.25004816               0
   6.26004839               0
   6.27004862               0
   6.28004885               0
   6.29004908               0
   6.30004930               0
   6.31004953               0
   6.32004976               0
   6.33004999               0
   6.34005022               0
   6.35005045               0
   6.36005068               0
   6.37005091               0
   6.38005114               0
   6.39005136               0
   6.40005159               0
   6.41005182               0
   6.42005205               0
   6.43005228               0
   6.44005251               0
   6.45005274               0
   6.46005297               0
   6.47005320               0
   6.48005342               0
   6.49005365               0
   6.50005388               0
   6.51005411               0
   6.52005434               0
   6.53005457               0
   6.54005480               0
   6.55005503               0
   6.56005526               0
   6.57005548               0
   6.58005571               0
   6.59005594               0
   6.60005617               0
   6.61005640               0
   6.62005663               0
   6.63005686               0
   6.64005709               0
   6.65005732               0
   6.66005754               0
   6.67005777               0
   6.68005800               0
   6.69005823               0
   6.70005846               0
   6.71005869               0
   6.72005892               0
   6.73005915               0
   6.74005938               0
   6.75005960               0
   6.76005983               0
   6.77006006               0
   6.78006029               0
   6.79006052               0
   6.80006075               0
   6.81006098               0
   6.82006121               0
   6.83006144               0
   6.84006166               0
   6.85006189               0
   6.86006212               0
   6.87006235               0
   6.88006258               0
   6.89006281               0
   6.90006304               0
   6.91006327               0
   6.92006350               0
   6.93006372               0
   6.94006395               0
   6.95006418               0
   6.96006441               0
   6.97006464               0
   6.98006487               0
   6.99006510               0
   7.00006533               0
   7.01006556               0
   7.02006578               0
   7.03006601               0
   7.04006624               0
   7.05006647               0
   7.06006670               0
   7.07006693               0
   7.08006716               0
   7.09006739               0
   7.10006762               0
   7.11006784               0
   7.12006807               0
   7.13006830               0
   7.14006853               0
   7.15006876               0
   7.16006899               0
   7.17006922               0
   7.18006945               0
   7.19006968               0
   7.20006990               0
   7.21007013               0
   7.22007036               0
   7.23007059               0
   7.24007082               0
   7.25007105               0
   7.26007128               0
   7.27007151               0
   7.28007174               0
   7.29007196               0
   7.30007219               0
   7.31007242               0
   7.32007265               0
   7.33007288               0
   7.34007311               0
   7.35007334               0
   7.36007357               0
   7.37007380               0
   7.38007402               0
   7.39007425               0
   7.40007448               0
   7.41007471               0
   7.42007494               0
   7.43007517               0
   7.44007540               0
   7.45007563               0
   7.46007586               0
   7.47007608               0
   7.48007631               0
   7.49007654               0
   7.50007677               0
   7.51007700               0
   7.52007723               0
   7.53007746               0
   7.54007769               0
   7.55007792               0
   7.56007814               0
   7.57007837               0
   7.58007860               0
   7.59007883               0
   7.60007906               0
   7.61007929               0
   7.62007952               0
   7.63007975               0
   7.64007998               0
   7.65008020               0
   7.66008043               0
   7.67008066               0
   7.68008089               0
   7.69008112               0
   7.70008135               0
   7.71008158               0
   7.72008181               0
   7.73008204               0
   7.74008226               0
   7.75008249               0
   7.76008272               0
   7.77008295               0
   7.78008318               0
   7.79008341               0
   7.80008364               0
   7.81008387               0
   7.82008410               0
   7.83008432               0
   7.84008455               0
   7.85008478               0
   7.86008501               0
   7.87008524               0
   7.88008547               0
   7.89008570               0
   7.90008593               0
   7.91008615               0
   7.92008638               0
   7.93008661               0
   7.94008684               0
   7.95008707               0
   7.96008730               0
   7.97008753               0
   7.98008776               0
   7.99008799               0
   8.00008774               0
