   0.00000000             992
   9.99999978E-03         981
   1.99999996E-02         976
   2.99999993E-02         970
   3.99999991E-02         954
   4.99999970E-02         942
   5.99999949E-02         933
   6.99999928E-02         929
   7.99999908E-02         920
   8.99999887E-02         913
   9.99999866E-02         902
  0.109999985             893
  0.119999982             886
  0.129999980             877
  0.139999986             870
  0.149999991             861
  0.159999996             853
  0.170000002             850
  0.180000007             839
  0.190000013             831
  0.200000018             823
  0.210000023             811
  0.220000029             801
  0.230000034             794
  0.240000039             786
  0.250000030             779
  0.260000020             771
  0.270000011             768
  0.280000001             759
  0.289999992             750
  0.299999982             745
  0.309999973             739
  0.319999963             735
  0.329999954             726
  0.339999944             721
  0.349999934             716
  0.359999925             714
  0.369999915             708
  0.379999906             702
  0.389999896             697
  0.399999887             692
  0.409999877             687
  0.419999868             679
  0.429999858             674
  0.439999849             665
  0.449999839             657
  0.459999830             653
  0.469999820             651
  0.479999810             644
  0.489999801             641
  0.499999791             635
  0.509999812             629
  0.519999802             627
  0.529999793             620
  0.539999783             612
  0.549999774             606
  0.559999764             600
  0.569999754             595
  0.579999745             588
  0.589999735             582
  0.599999726             574
  0.609999716             566
  0.619999707             563
  0.629999697             560
  0.639999688             555
  0.649999678             549
  0.659999669             543
  0.669999659             539
  0.679999650             532
  0.689999640             522
  0.699999630             517
  0.709999621             515
  0.719999611             511
  0.729999602             510
  0.739999592             504
  0.749999583             502
  0.759999573             498
  0.769999564             496
  0.779999554             492
  0.789999545             484
  0.799999535             474
  0.809999526             468
  0.819999516             464
  0.829999506             462
  0.839999497             457
  0.849999487             456
  0.859999478             450
  0.869999468             445
  0.879999459             440
  0.889999449             435
  0.899999440             427
  0.909999430             420
  0.919999421             417
  0.929999411             413
  0.939999402             408
  0.949999392             403
  0.959999382             401
  0.969999373             397
  0.979999363             391
  0.989999354             390
  0.999999344             387
   1.00999939             387
   1.01999938             380
   1.02999938             379
   1.03999937             374
   1.04999936             368
   1.05999935             366
   1.06999934             360
   1.07999933             359
   1.08999932             356
   1.09999931             349
   1.10999930             343
   1.11999929             340
   1.12999928             336
   1.13999927             332
   1.14999926             331
   1.15999925             330
   1.16999924             324
   1.17999923             321
   1.18999922             315
   1.19999921             314
   1.20999920             311
   1.21999919             306
   1.22999918             302
   1.23999918             301
   1.24999917             297
   1.25999916             292
   1.26999915             289
   1.27999914             286
   1.28999913             284
   1.29999912             282
   1.30999911             279
   1.31999910             277
   1.32999909             275
   1.33999908             274
   1.34999907             274
   1.35999906             272
   1.36999905             270
   1.37999904             267
   1.38999903             262
   1.39999902             257
   1.40999901             254
   1.41999900             251
   1.42999899             249
   1.43999898             243
   1.44999897             242
   1.45999897             241
   1.46999896             236
   1.47999895             235
   1.48999894             233
   1.49999893             232
   1.50999892             231
   1.51999891             231
   1.52999890             226
   1.53999889             223
   1.54999888             223
   1.55999887             221
   1.56999886             221
   1.57999885             216
   1.58999884             212
   1.59999883             211
   1.60999882             209
   1.61999881             208
   1.62999880             207
   1.63999879             204
   1.64999878             202
   1.65999877             198
   1.66999876             197
   1.67999876             195
   1.68999875             191
   1.69999874             190
   1.70999873             189
   1.71999872             188
   1.72999871             188
   1.73999870             184
   1.74999869             183
   1.75999868             181
   1.76999867             180
   1.77999866             177
   1.78999865             174
   1.79999864             174
   1.80999863             171
   1.81999862             171
   1.82999861             170
   1.83999860             170
   1.84999859             168
   1.85999858             168
   1.86999857             164
   1.87999856             163
   1.88999856             162
   1.89999855             160
   1.90999854             155
   1.91999853             152
   1.92999852             151
   1.93999851             148
   1.94999850             147
   1.95999849             146
   1.96999848             146
   1.97999847             145
   1.98999846             143
   1.99999845             140
   2.00999856             139
   2.01999855             134
   2.02999854             132
   2.03999853             131
   2.04999852             131
   2.05999851             130
   2.06999850             128
   2.07999849             128
   2.08999848             128
   2.09999847             127
   2.10999846             127
   2.11999846             126
   2.12999845             125
   2.13999844             124
   2.14999843             123
   2.15999842             122
   2.16999841             121
   2.17999840             118
   2.18999839             117
   2.19999838             117
   2.20999837             116
   2.21999836             116
   2.22999835             116
   2.23999834             116
   2.24999833             115
   2.25999832             115
   2.26999831             114
   2.27999830             113
   2.28999829             110
   2.29999828             110
   2.30999827             109
   2.31999826             108
   2.32999825             105
   2.33999825             105
   2.34999824             105
   2.35999823             105
   2.36999822             105
   2.37999821             105
   2.38999820             105
   2.39999819             105
   2.40999818             104
   2.41999817             104
   2.42999816             103
   2.43999815              99
   2.44999814              96
   2.45999813              96
   2.46999812              96
   2.47999811              95
   2.48999810              92
   2.49999809              91
   2.50999808              90
   2.51999807              89
   2.52999806              89
   2.53999805              88
   2.54999804              87
   2.55999804              87
   2.56999803              87
   2.57999802              86
   2.58999801              86
   2.59999800              86
   2.60999799              86
   2.61999798              86
   2.62999797              86
   2.63999796              86
   2.64999795              86
   2.65999794              85
   2.66999793              85
   2.67999792              83
   2.68999791              83
   2.69999790              80
   2.70999789              80
   2.71999788              80
   2.72999787              79
   2.73999786              78
   2.74999785              78
   2.75999784              78
   2.76999784              78
   2.77999783              77
   2.78999782              76
   2.79999781              74
   2.80999780              74
   2.81999779              74
   2.82999778              74
   2.83999777              73
   2.84999776              73
   2.85999775              73
   2.86999774              72
   2.87999773              70
   2.88999772              69
   2.89999771              68
   2.90999770              68
   2.91999769              65
   2.92999768              65
   2.93999767              65
   2.94999766              65
   2.95999765              64
   2.96999764              62
   2.97999763              62
   2.98999763              62
   2.99999762              61
   3.00999761              60
   3.01999760              59
   3.02999759              58
   3.03999758              58
   3.04999757              56
   3.05999756              56
   3.06999755              56
   3.07999754              55
   3.08999753              54
   3.09999752              54
   3.10999751              52
   3.11999750              52
   3.12999749              51
   3.13999748              51
   3.14999747              50
   3.15999746              50
   3.16999745              49
   3.17999744              49
   3.18999743              49
   3.19999743              49
   3.20999742              48
   3.21999741              47
   3.22999740              47
   3.23999739              47
   3.24999738              46
   3.25999737              46
   3.26999736              46
   3.27999735              46
   3.28999734              45
   3.29999733              45
   3.30999732              44
   3.31999731              44
   3.32999730              44
   3.33999729              44
   3.34999728              44
   3.35999727              42
   3.36999726              42
   3.37999725              42
   3.38999724              42
   3.39999723              42
   3.40999722              41
   3.41999722              41
   3.42999721              40
   3.43999720              39
   3.44999719              38
   3.45999718              38
   3.46999717              37
   3.47999716              37
   3.48999715              37
   3.49999714              37
   3.50999713              37
   3.51999712              37
   3.52999711              37
   3.53999710              37
   3.54999709              37
   3.55999708              37
   3.56999707              36
   3.57999706              36
   3.58999705              36
   3.59999704              36
   3.60999703              36
   3.61999702              36
   3.62999701              36
   3.63999701              36
   3.64999700              36
   3.65999699              35
   3.66999698              34
   3.67999697              34
   3.68999696              34
   3.69999695              34
   3.70999694              31
   3.71999693              31
   3.72999692              31
   3.73999691              31
   3.74999690              30
   3.75999689              30
   3.76999688              29
   3.77999687              29
   3.78999686              29
   3.79999685              28
   3.80999684              27
   3.81999683              27
   3.82999682              27
   3.83999681              27
   3.84999681              27
   3.85999680              27
   3.86999679              27
   3.87999678              25
   3.88999677              25
   3.89999676              24
   3.90999675              23
   3.91999674              23
   3.92999673              23
   3.93999672              23
   3.94999671              23
   3.95999670              22
   3.96999669              21
   3.97999668              21
   3.98999667              21
   3.99999666              21
   4.00999689              21
   4.01999712              21
   4.02999735              21
   4.03999758              21
   4.04999781              21
   4.05999804              21
   4.06999826              20
   4.07999849              20
   4.08999872              20
   4.09999895              20
   4.10999918              20
   4.11999941              20
   4.12999964              20
   4.13999987              20
   4.15000010              20
   4.16000032              20
   4.17000055              20
   4.18000078              20
   4.19000101              19
   4.20000124              19
   4.21000147              19
   4.22000170              19
   4.23000193              19
   4.24000216              19
   4.25000238              19
   4.26000261              19
   4.27000284              19
   4.28000307              19
   4.29000330              18
   4.30000353              18
   4.31000376              18
   4.32000399              18
   4.33000422              18
   4.34000444              18
   4.35000467              18
   4.36000490              18
   4.37000513              18
   4.38000536              18
   4.39000559              18
   4.40000582              18
   4.41000605              18
   4.42000628              18
   4.43000650              18
   4.44000673              18
   4.45000696              17
   4.46000719              17
   4.47000742              17
   4.48000765              16
   4.49000788              15
   4.50000811              15
   4.51000834              15
   4.52000856              15
   4.53000879              15
   4.54000902              14
   4.55000925              14
   4.56000948              14
   4.57000971              14
   4.58000994              14
   4.59001017              14
   4.60001040              14
   4.61001062              14
   4.62001085              14
   4.63001108              13
   4.64001131              13
   4.65001154              13
   4.66001177              13
   4.67001200              13
   4.68001223              13
   4.69001245              12
   4.70001268              12
   4.71001291              12
   4.72001314              12
   4.73001337              12
   4.74001360              10
   4.75001383              10
   4.76001406              10
   4.77001429              10
   4.78001451              10
   4.79001474              10
   4.80001497              10
   4.81001520              10
   4.82001543              10
   4.83001566              10
   4.84001589               9
   4.85001612               9
   4.86001635               9
   4.87001657               9
   4.88001680               9
   4.89001703               9
   4.90001726               8
   4.91001749               8
   4.92001772               8
   4.93001795               8
   4.94001818               8
   4.95001841               8
   4.96001863               8
   4.97001886               8
   4.98001909               8
   4.99001932               8
   5.00001955               8
   5.01001978               8
   5.02002001               8
   5.03002024               8
   5.04002047               8
   5.05002069               7
   5.06002092               7
   5.07002115               7
   5.08002138               6
   5.09002161               6
   5.10002184               6
   5.11002207               6
   5.12002230               6
   5.13002253               6
   5.14002275               6
   5.15002298               6
   5.16002321               6
   5.17002344               6
   5.18002367               6
   5.19002390               6
   5.20002413               6
   5.21002436               6
   5.22002459               6
   5.23002481               6
   5.24002504               6
   5.25002527               6
   5.26002550               6
   5.27002573               6
   5.28002596               6
   5.29002619               5
   5.30002642               5
   5.31002665               5
   5.32002687               5
   5.33002710               5
   5.34002733               5
   5.35002756               5
   5.36002779               5
   5.37002802               5
   5.38002825               5
   5.39002848               4
   5.40002871               4
   5.41002893               4
   5.42002916               4
   5.43002939               4
   5.44002962               4
   5.45002985               4
   5.46003008               4
   5.47003031               4
   5.48003054               4
   5.49003077               4
   5.50003099               4
   5.51003122               4
   5.52003145               4
   5.53003168               4
   5.54003191               4
   5.55003214               4
   5.56003237               4
   5.57003260               4
   5.58003283               4
   5.59003305               4
   5.60003328               4
   5.61003351               4
   5.62003374               4
   5.63003397               4
   5.64003420               4
   5.65003443               4
   5.66003466               4
   5.67003489               4
   5.68003511               4
   5.69003534               4
   5.70003557               4
   5.71003580               4
   5.72003603               4
   5.73003626               4
   5.74003649               4
   5.75003672               4
   5.76003695               4
   5.77003717               4
   5.78003740               4
   5.79003763               4
   5.80003786               4
   5.81003809               4
   5.82003832               3
   5.83003855               3
   5.84003878               3
   5.85003901               3
   5.86003923               3
   5.87003946               3
   5.88003969               3
   5.89003992               3
   5.90004015               3
   5.91004038               3
   5.92004061               3
   5.93004084               3
   5.94004107               3
   5.95004129               3
   5.96004152               3
   5.97004175               3
   5.98004198               3
   5.99004221               3
   6.00004244               3
   6.01004267               3
   6.02004290               3
   6.03004313               3
   6.04004335               3
   6.05004358               3
   6.06004381               3
   6.07004404               3
   6.08004427               3
   6.09004450               3
   6.10004473               3
   6.11004496               3
   6.12004519               3
   6.13004541               3
   6.14004564               3
   6.15004587               3
   6.16004610               3
   6.17004633               3
   6.18004656               3
   6.19004679               3
   6.20004702               3
   6.21004725               3
   6.22004747               3
   6.23004770               3
   6.24004793               3
   6.25004816               3
   6.26004839               3
   6.27004862               3
   6.28004885               3
   6.29004908               3
   6.30004930               3
   6.31004953               2
   6.32004976               2
   6.33004999               2
   6.34005022               2
   6.35005045               2
   6.36005068               2
   6.37005091               2
   6.38005114               2
   6.39005136               2
   6.40005159               2
   6.41005182               2
   6.42005205               2
   6.43005228               2
   6.44005251               2
   6.45005274               2
   6.46005297               2
   6.47005320               2
   6.48005342               2
   6.49005365               2
   6.50005388               2
   6.51005411               1
   6.52005434               1
   6.53005457               1
   6.54005480               1
   6.55005503               1
   6.56005526               1
   6.57005548               1
   6.58005571               1
   6.59005594               1
   6.60005617               1
   6.61005640               1
   6.62005663               1
   6.63005686               1
   6.64005709               1
   6.65005732               1
   6.66005754               1
   6.67005777               1
   6.68005800               1
   6.69005823               1
   6.70005846               1
   6.71005869               1
   6.72005892               1
   6.73005915               1
   6.74005938               1
   6.75005960               1
   6.76005983               1
   6.77006006               1
   6.78006029               1
   6.79006052               1
   6.80006075               1
   6.81006098               1
   6.82006121               1
   6.83006144               1
   6.84006166               1
   6.85006189               1
   6.86006212               1
   6.87006235               1
   6.88006258               1
   6.89006281               1
   6.90006304               1
   6.91006327               1
   6.92006350               1
   6.93006372               1
   6.94006395               1
   6.95006418               1
   6.96006441               1
   6.97006464               1
   6.98006487               1
   6.99006510               1
   7.00006533               1
   7.01006556               1
   7.02006578               1
   7.03006601               1
   7.04006624               1
   7.05006647               1
   7.06006670               1
   7.07006693               1
   7.08006716               1
   7.09006739               1
   7.10006762               1
   7.11006784               1
   7.12006807               1
   7.13006830               1
   7.14006853               1
   7.15006876               1
   7.16006899               1
   7.17006922               1
   7.18006945               1
   7.19006968               1
   7.20006990               1
   7.21007013               1
   7.22007036               1
   7.23007059               1
   7.24007082               1
   7.25007105               1
   7.26007128               1
   7.27007151               1
   7.28007174               1
   7.29007196               1
   7.30007219               1
   7.31007242               1
   7.32007265               1
   7.33007288               1
   7.34007311               1
   7.35007334               1
   7.36007357               1
   7.37007380               1
   7.38007402               1
   7.39007425               1
   7.40007448               1
   7.41007471               1
   7.42007494               1
   7.43007517               1
   7.44007540               1
   7.45007563               1
   7.46007586               1
   7.47007608               1
   7.48007631               1
   7.49007654               1
   7.50007677               1
   7.51007700               1
   7.52007723               1
   7.53007746               1
   7.54007769               1
   7.55007792               1
   7.56007814               1
   7.57007837               1
   7.58007860               1
   7.59007883               1
   7.60007906               1
   7.61007929               1
   7.62007952               1
   7.63007975               1
   7.64007998               1
   7.65008020               1
   7.66008043               1
   7.67008066               1
   7.68008089               1
   7.69008112               1
   7.70008135               1
   7.71008158               1
   7.72008181               1
   7.73008204               1
   7.74008226               1
   7.75008249               1
   7.76008272               1
   7.77008295               1
   7.78008318               1
   7.79008341               1
   7.80008364               1
   7.81008387               1
   7.82008410               1
   7.83008432               1
   7.84008455               1
   7.85008478               1
   7.86008501               1
   7.87008524               1
   7.88008547               1
   7.89008570               1
   7.90008593               1
   7.91008615               1
   7.92008638               1
   7.93008661               1
   7.94008684               1
   7.95008707               1
   7.96008730               1
   7.97008753               1
   7.98008776               1
   7.99008799               1
   8.00008774               1
