   0.00000000             988
   9.99999978E-03         976
   1.99999996E-02         968
   2.99999993E-02         959
   3.99999991E-02         945
   4.99999970E-02         932
   5.99999949E-02         921
   6.99999928E-02         913
   7.99999908E-02         903
   8.99999887E-02         888
   9.99999866E-02         886
  0.109999985             881
  0.119999982             872
  0.129999980             861
  0.139999986             847
  0.149999991             835
  0.159999996             829
  0.170000002             823
  0.180000007             809
  0.190000013             800
  0.200000018             786
  0.210000023             775
  0.220000029             767
  0.230000034             760
  0.240000039             754
  0.250000030             748
  0.260000020             735
  0.270000011             732
  0.280000001             720
  0.289999992             712
  0.299999982             703
  0.309999973             694
  0.319999963             686
  0.329999954             680
  0.339999944             676
  0.349999934             671
  0.359999925             661
  0.369999915             653
  0.379999906             646
  0.389999896             641
  0.399999887             636
  0.409999877             634
  0.419999868             627
  0.429999858             619
  0.439999849             607
  0.449999839             604
  0.459999830             599
  0.469999820             595
  0.479999810             592
  0.489999801             588
  0.499999791             582
  0.509999812             576
  0.519999802             572
  0.529999793             564
  0.539999783             560
  0.549999774             558
  0.559999764             553
  0.569999754             549
  0.579999745             544
  0.589999735             541
  0.599999726             535
  0.609999716             531
  0.619999707             524
  0.629999697             515
  0.639999688             509
  0.649999678             505
  0.659999669             494
  0.669999659             492
  0.679999650             488
  0.689999640             479
  0.699999630             477
  0.709999621             471
  0.719999611             467
  0.729999602             459
  0.739999592             454
  0.749999583             450
  0.759999573             441
  0.769999564             441
  0.779999554             441
  0.789999545             438
  0.799999535             431
  0.809999526             426
  0.819999516             419
  0.829999506             416
  0.839999497             413
  0.849999487             411
  0.859999478             404
  0.869999468             402
  0.879999459             399
  0.889999449             396
  0.899999440             396
  0.909999430             392
  0.919999421             391
  0.929999411             388
  0.939999402             385
  0.949999392             380
  0.959999382             379
  0.969999373             374
  0.979999363             370
  0.989999354             366
  0.999999344             362
   1.00999939             359
   1.01999938             353
   1.02999938             348
   1.03999937             344
   1.04999936             338
   1.05999935             335
   1.06999934             334
   1.07999933             332
   1.08999932             327
   1.09999931             321
   1.10999930             319
   1.11999929             315
   1.12999928             311
   1.13999927             311
   1.14999926             307
   1.15999925             304
   1.16999924             301
   1.17999923             296
   1.18999922             296
   1.19999921             294
   1.20999920             289
   1.21999919             286
   1.22999918             280
   1.23999918             277
   1.24999917             273
   1.25999916             269
   1.26999915             267
   1.27999914             261
   1.28999913             259
   1.29999912             257
   1.30999911             253
   1.31999910             252
   1.32999909             251
   1.33999908             250
   1.34999907             247
   1.35999906             246
   1.36999905             242
   1.37999904             238
   1.38999903             238
   1.39999902             235
   1.40999901             231
   1.41999900             230
   1.42999899             230
   1.43999898             229
   1.44999897             224
   1.45999897             221
   1.46999896             217
   1.47999895             214
   1.48999894             211
   1.49999893             209
   1.50999892             208
   1.51999891             205
   1.52999890             203
   1.53999889             200
   1.54999888             198
   1.55999887             198
   1.56999886             196
   1.57999885             195
   1.58999884             192
   1.59999883             191
   1.60999882             189
   1.61999881             187
   1.62999880             184
   1.63999879             183
   1.64999878             179
   1.65999877             173
   1.66999876             172
   1.67999876             172
   1.68999875             170
   1.69999874             167
   1.70999873             165
   1.71999872             162
   1.72999871             161
   1.73999870             159
   1.74999869             157
   1.75999868             155
   1.76999867             152
   1.77999866             152
   1.78999865             152
   1.79999864             152
   1.80999863             151
   1.81999862             151
   1.82999861             150
   1.83999860             149
   1.84999859             147
   1.85999858             144
   1.86999857             143
   1.87999856             141
   1.88999856             141
   1.89999855             140
   1.90999854             140
   1.91999853             137
   1.92999852             136
   1.93999851             134
   1.94999850             132
   1.95999849             132
   1.96999848             131
   1.97999847             130
   1.98999846             129
   1.99999845             129
   2.00999856             125
   2.01999855             123
   2.02999854             122
   2.03999853             121
   2.04999852             121
   2.05999851             121
   2.06999850             120
   2.07999849             120
   2.08999848             119
   2.09999847             117
   2.10999846             116
   2.11999846             116
   2.12999845             115
   2.13999844             113
   2.14999843             113
   2.15999842             113
   2.16999841             111
   2.17999840             111
   2.18999839             111
   2.19999838             111
   2.20999837             110
   2.21999836             109
   2.22999835             109
   2.23999834             107
   2.24999833             107
   2.25999832             107
   2.26999831             107
   2.27999830             106
   2.28999829             102
   2.29999828             101
   2.30999827             100
   2.31999826              98
   2.32999825              97
   2.33999825              96
   2.34999824              95
   2.35999823              91
   2.36999822              89
   2.37999821              89
   2.38999820              87
   2.39999819              86
   2.40999818              85
   2.41999817              85
   2.42999816              85
   2.43999815              85
   2.44999814              84
   2.45999813              83
   2.46999812              83
   2.47999811              83
   2.48999810              83
   2.49999809              83
   2.50999808              83
   2.51999807              83
   2.52999806              83
   2.53999805              82
   2.54999804              82
   2.55999804              80
   2.56999803              80
   2.57999802              79
   2.58999801              77
   2.59999800              76
   2.60999799              76
   2.61999798              75
   2.62999797              75
   2.63999796              74
   2.64999795              73
   2.65999794              73
   2.66999793              73
   2.67999792              72
   2.68999791              72
   2.69999790              72
   2.70999789              67
   2.71999788              67
   2.72999787              67
   2.73999786              67
   2.74999785              67
   2.75999784              66
   2.76999784              64
   2.77999783              64
   2.78999782              64
   2.79999781              64
   2.80999780              62
   2.81999779              62
   2.82999778              62
   2.83999777              59
   2.84999776              58
   2.85999775              58
   2.86999774              58
   2.87999773              58
   2.88999772              56
   2.89999771              56
   2.90999770              56
   2.91999769              56
   2.92999768              56
   2.93999767              56
   2.94999766              56
   2.95999765              56
   2.96999764              55
   2.97999763              54
   2.98999763              54
   2.99999762              52
   3.00999761              52
   3.01999760              50
   3.02999759              50
   3.03999758              50
   3.04999757              50
   3.05999756              50
   3.06999755              50
   3.07999754              50
   3.08999753              49
   3.09999752              49
   3.10999751              47
   3.11999750              47
   3.12999749              46
   3.13999748              46
   3.14999747              46
   3.15999746              46
   3.16999745              46
   3.17999744              45
   3.18999743              45
   3.19999743              45
   3.20999742              44
   3.21999741              44
   3.22999740              43
   3.23999739              43
   3.24999738              42
   3.25999737              41
   3.26999736              39
   3.27999735              39
   3.28999734              38
   3.29999733              37
   3.30999732              37
   3.31999731              37
   3.32999730              36
   3.33999729              36
   3.34999728              36
   3.35999727              35
   3.36999726              35
   3.37999725              35
   3.38999724              33
   3.39999723              33
   3.40999722              32
   3.41999722              32
   3.42999721              32
   3.43999720              32
   3.44999719              32
   3.45999718              32
   3.46999717              32
   3.47999716              32
   3.48999715              32
   3.49999714              29
   3.50999713              29
   3.51999712              29
   3.52999711              27
   3.53999710              27
   3.54999709              27
   3.55999708              27
   3.56999707              26
   3.57999706              26
   3.58999705              25
   3.59999704              24
   3.60999703              24
   3.61999702              24
   3.62999701              24
   3.63999701              24
   3.64999700              24
   3.65999699              24
   3.66999698              23
   3.67999697              23
   3.68999696              23
   3.69999695              22
   3.70999694              21
   3.71999693              21
   3.72999692              21
   3.73999691              20
   3.74999690              20
   3.75999689              20
   3.76999688              20
   3.77999687              20
   3.78999686              20
   3.79999685              20
   3.80999684              20
   3.81999683              19
   3.82999682              19
   3.83999681              18
   3.84999681              18
   3.85999680              18
   3.86999679              18
   3.87999678              18
   3.88999677              18
   3.89999676              18
   3.90999675              18
   3.91999674              18
   3.92999673              18
   3.93999672              18
   3.94999671              18
   3.95999670              18
   3.96999669              18
   3.97999668              18
   3.98999667              18
   3.99999666              18
   4.00999689              18
   4.01999712              18
   4.02999735              18
   4.03999758              18
   4.04999781              18
   4.05999804              18
   4.06999826              18
   4.07999849              18
   4.08999872              18
   4.09999895              18
   4.10999918              17
   4.11999941              17
   4.12999964              16
   4.13999987              15
   4.15000010              15
   4.16000032              15
   4.17000055              15
   4.18000078              15
   4.19000101              15
   4.20000124              15
   4.21000147              14
   4.22000170              14
   4.23000193              14
   4.24000216              14
   4.25000238              14
   4.26000261              14
   4.27000284              14
   4.28000307              14
   4.29000330              14
   4.30000353              14
   4.31000376              14
   4.32000399              14
   4.33000422              14
   4.34000444              14
   4.35000467              14
   4.36000490              14
   4.37000513              14
   4.38000536              14
   4.39000559              14
   4.40000582              14
   4.41000605              14
   4.42000628              14
   4.43000650              14
   4.44000673              13
   4.45000696              13
   4.46000719              13
   4.47000742              13
   4.48000765              13
   4.49000788              13
   4.50000811              13
   4.51000834              13
   4.52000856              12
   4.53000879              12
   4.54000902              12
   4.55000925              12
   4.56000948              12
   4.57000971              11
   4.58000994              11
   4.59001017              11
   4.60001040              11
   4.61001062              11
   4.62001085              11
   4.63001108              11
   4.64001131              11
   4.65001154              11
   4.66001177              11
   4.67001200              11
   4.68001223              11
   4.69001245              11
   4.70001268              11
   4.71001291              11
   4.72001314              11
   4.73001337              11
   4.74001360              11
   4.75001383              11
   4.76001406              10
   4.77001429              10
   4.78001451               9
   4.79001474               9
   4.80001497               9
   4.81001520               9
   4.82001543               9
   4.83001566               9
   4.84001589               9
   4.85001612               9
   4.86001635               9
   4.87001657               9
   4.88001680               9
   4.89001703               9
   4.90001726               9
   4.91001749               9
   4.92001772               9
   4.93001795               9
   4.94001818               9
   4.95001841               9
   4.96001863               9
   4.97001886               9
   4.98001909               8
   4.99001932               8
   5.00001955               8
   5.01001978               8
   5.02002001               8
   5.03002024               8
   5.04002047               8
   5.05002069               7
   5.06002092               7
   5.07002115               7
   5.08002138               7
   5.09002161               7
   5.10002184               7
   5.11002207               7
   5.12002230               6
   5.13002253               6
   5.14002275               6
   5.15002298               6
   5.16002321               6
   5.17002344               6
   5.18002367               6
   5.19002390               6
   5.20002413               6
   5.21002436               6
   5.22002459               6
   5.23002481               6
   5.24002504               6
   5.25002527               6
   5.26002550               6
   5.27002573               6
   5.28002596               6
   5.29002619               6
   5.30002642               6
   5.31002665               6
   5.32002687               6
   5.33002710               6
   5.34002733               6
   5.35002756               6
   5.36002779               6
   5.37002802               6
   5.38002825               6
   5.39002848               6
   5.40002871               6
   5.41002893               6
   5.42002916               6
   5.43002939               6
   5.44002962               6
   5.45002985               6
   5.46003008               6
   5.47003031               6
   5.48003054               6
   5.49003077               6
   5.50003099               6
   5.51003122               6
   5.52003145               6
   5.53003168               6
   5.54003191               6
   5.55003214               6
   5.56003237               6
   5.57003260               6
   5.58003283               6
   5.59003305               6
   5.60003328               6
   5.61003351               6
   5.62003374               5
   5.63003397               5
   5.64003420               5
   5.65003443               5
   5.66003466               5
   5.67003489               5
   5.68003511               5
   5.69003534               5
   5.70003557               5
   5.71003580               5
   5.72003603               5
   5.73003626               5
   5.74003649               5
   5.75003672               5
   5.76003695               5
   5.77003717               5
   5.78003740               5
   5.79003763               5
   5.80003786               5
   5.81003809               4
   5.82003832               4
   5.83003855               4
   5.84003878               4
   5.85003901               4
   5.86003923               4
   5.87003946               4
   5.88003969               4
   5.89003992               4
   5.90004015               4
   5.91004038               4
   5.92004061               4
   5.93004084               4
   5.94004107               4
   5.95004129               4
   5.96004152               4
   5.97004175               4
   5.98004198               4
   5.99004221               4
   6.00004244               4
   6.01004267               4
   6.02004290               4
   6.03004313               4
   6.04004335               4
   6.05004358               4
   6.06004381               4
   6.07004404               4
   6.08004427               4
   6.09004450               4
   6.10004473               4
   6.11004496               4
   6.12004519               4
   6.13004541               4
   6.14004564               3
   6.15004587               3
   6.16004610               3
   6.17004633               2
   6.18004656               2
   6.19004679               2
   6.20004702               2
   6.21004725               2
   6.22004747               2
   6.23004770               2
   6.24004793               2
   6.25004816               2
   6.26004839               2
   6.27004862               2
   6.28004885               2
   6.29004908               2
   6.30004930               2
   6.31004953               2
   6.32004976               2
   6.33004999               2
   6.34005022               2
   6.35005045               2
   6.36005068               2
   6.37005091               2
   6.38005114               2
   6.39005136               2
   6.40005159               2
   6.41005182               2
   6.42005205               2
   6.43005228               2
   6.44005251               2
   6.45005274               2
   6.46005297               2
   6.47005320               2
   6.48005342               2
   6.49005365               2
   6.50005388               2
   6.51005411               2
   6.52005434               2
   6.53005457               2
   6.54005480               2
   6.55005503               2
   6.56005526               2
   6.57005548               2
   6.58005571               2
   6.59005594               2
   6.60005617               2
   6.61005640               2
   6.62005663               1
   6.63005686               1
   6.64005709               1
   6.65005732               1
   6.66005754               1
   6.67005777               1
   6.68005800               1
   6.69005823               1
   6.70005846               1
   6.71005869               1
   6.72005892               1
   6.73005915               1
   6.74005938               1
   6.75005960               1
   6.76005983               1
   6.77006006               1
   6.78006029               1
   6.79006052               1
   6.80006075               1
   6.81006098               1
   6.82006121               1
   6.83006144               1
   6.84006166               1
   6.85006189               1
   6.86006212               1
   6.87006235               1
   6.88006258               1
   6.89006281               1
   6.90006304               1
   6.91006327               1
   6.92006350               1
   6.93006372               1
   6.94006395               1
   6.95006418               1
   6.96006441               1
   6.97006464               1
   6.98006487               1
   6.99006510               1
   7.00006533               1
   7.01006556               1
   7.02006578               1
   7.03006601               1
   7.04006624               1
   7.05006647               1
   7.06006670               1
   7.07006693               1
   7.08006716               1
   7.09006739               1
   7.10006762               1
   7.11006784               1
   7.12006807               1
   7.13006830               1
   7.14006853               1
   7.15006876               1
   7.16006899               1
   7.17006922               1
   7.18006945               1
   7.19006968               1
   7.20006990               1
   7.21007013               1
   7.22007036               1
   7.23007059               1
   7.24007082               1
   7.25007105               1
   7.26007128               1
   7.27007151               1
   7.28007174               1
   7.29007196               1
   7.30007219               1
   7.31007242               1
   7.32007265               1
   7.33007288               1
   7.34007311               1
   7.35007334               1
   7.36007357               1
   7.37007380               1
   7.38007402               1
   7.39007425               1
   7.40007448               1
   7.41007471               1
   7.42007494               1
   7.43007517               1
   7.44007540               1
   7.45007563               1
   7.46007586               1
   7.47007608               1
   7.48007631               1
   7.49007654               1
   7.50007677               1
   7.51007700               1
   7.52007723               1
   7.53007746               1
   7.54007769               1
   7.55007792               1
   7.56007814               1
   7.57007837               1
   7.58007860               1
   7.59007883               1
   7.60007906               1
   7.61007929               1
   7.62007952               1
   7.63007975               1
   7.64007998               1
   7.65008020               1
   7.66008043               1
   7.67008066               1
   7.68008089               1
   7.69008112               1
   7.70008135               1
   7.71008158               1
   7.72008181               1
   7.73008204               1
   7.74008226               1
   7.75008249               1
   7.76008272               1
   7.77008295               1
   7.78008318               1
   7.79008341               1
   7.80008364               1
   7.81008387               1
   7.82008410               1
   7.83008432               1
   7.84008455               1
   7.85008478               1
   7.86008501               1
   7.87008524               1
   7.88008547               1
   7.89008570               1
   7.90008593               1
   7.91008615               1
   7.92008638               1
   7.93008661               1
   7.94008684               1
   7.95008707               1
   7.96008730               1
   7.97008753               1
   7.98008776               1
   7.99008799               1
   8.00008774               1
