   0.00000000             989
   9.99999978E-03         981
   1.99999996E-02         974
   2.99999993E-02         967
   3.99999991E-02         958
   4.99999970E-02         952
   5.99999949E-02         946
   6.99999928E-02         937
   7.99999908E-02         929
   8.99999887E-02         915
   9.99999866E-02         908
  0.109999985             897
  0.119999982             887
  0.129999980             879
  0.139999986             873
  0.149999991             863
  0.159999996             855
  0.170000002             848
  0.180000007             838
  0.190000013             834
  0.200000018             832
  0.210000023             822
  0.220000029             815
  0.230000034             800
  0.240000039             798
  0.250000030             790
  0.260000020             780
  0.270000011             773
  0.280000001             768
  0.289999992             755
  0.299999982             746
  0.309999973             737
  0.319999963             731
  0.329999954             725
  0.339999944             721
  0.349999934             712
  0.359999925             709
  0.369999915             693
  0.379999906             688
  0.389999896             684
  0.399999887             679
  0.409999877             670
  0.419999868             662
  0.429999858             660
  0.439999849             650
  0.449999839             647
  0.459999830             640
  0.469999820             636
  0.479999810             635
  0.489999801             625
  0.499999791             617
  0.509999812             612
  0.519999802             605
  0.529999793             600
  0.539999783             593
  0.549999774             586
  0.559999764             578
  0.569999754             574
  0.579999745             563
  0.589999735             559
  0.599999726             555
  0.609999716             547
  0.619999707             541
  0.629999697             536
  0.639999688             528
  0.649999678             525
  0.659999669             520
  0.669999659             515
  0.679999650             511
  0.689999640             509
  0.699999630             506
  0.709999621             495
  0.719999611             490
  0.729999602             486
  0.739999592             476
  0.749999583             468
  0.759999573             462
  0.769999564             461
  0.779999554             459
  0.789999545             453
  0.799999535             451
  0.809999526             447
  0.819999516             441
  0.829999506             439
  0.839999497             435
  0.849999487             433
  0.859999478             427
  0.869999468             427
  0.879999459             423
  0.889999449             420
  0.899999440             418
  0.909999430             417
  0.919999421             416
  0.929999411             408
  0.939999402             402
  0.949999392             398
  0.959999382             394
  0.969999373             390
  0.979999363             387
  0.989999354             384
  0.999999344             381
   1.00999939             379
   1.01999938             373
   1.02999938             369
   1.03999937             364
   1.04999936             364
   1.05999935             360
   1.06999934             359
   1.07999933             351
   1.08999932             349
   1.09999931             344
   1.10999930             339
   1.11999929             337
   1.12999928             333
   1.13999927             328
   1.14999926             326
   1.15999925             322
   1.16999924             319
   1.17999923             318
   1.18999922             317
   1.19999921             316
   1.20999920             315
   1.21999919             309
   1.22999918             306
   1.23999918             303
   1.24999917             302
   1.25999916             298
   1.26999915             296
   1.27999914             291
   1.28999913             287
   1.29999912             284
   1.30999911             284
   1.31999910             280
   1.32999909             277
   1.33999908             276
   1.34999907             275
   1.35999906             274
   1.36999905             270
   1.37999904             270
   1.38999903             268
   1.39999902             264
   1.40999901             262
   1.41999900             260
   1.42999899             257
   1.43999898             254
   1.44999897             250
   1.45999897             247
   1.46999896             246
   1.47999895             243
   1.48999894             241
   1.49999893             241
   1.50999892             237
   1.51999891             234
   1.52999890             234
   1.53999889             234
   1.54999888             230
   1.55999887             225
   1.56999886             222
   1.57999885             218
   1.58999884             213
   1.59999883             210
   1.60999882             207
   1.61999881             203
   1.62999880             202
   1.63999879             199
   1.64999878             197
   1.65999877             195
   1.66999876             190
   1.67999876             189
   1.68999875             186
   1.69999874             186
   1.70999873             184
   1.71999872             182
   1.72999871             176
   1.73999870             173
   1.74999869             173
   1.75999868             172
   1.76999867             167
   1.77999866             163
   1.78999865             160
   1.79999864             157
   1.80999863             156
   1.81999862             156
   1.82999861             154
   1.83999860             152
   1.84999859             150
   1.85999858             149
   1.86999857             149
   1.87999856             148
   1.88999856             147
   1.89999855             146
   1.90999854             142
   1.91999853             141
   1.92999852             140
   1.93999851             139
   1.94999850             139
   1.95999849             136
   1.96999848             135
   1.97999847             133
   1.98999846             130
   1.99999845             129
   2.00999856             128
   2.01999855             126
   2.02999854             123
   2.03999853             120
   2.04999852             119
   2.05999851             119
   2.06999850             117
   2.07999849             116
   2.08999848             116
   2.09999847             115
   2.10999846             114
   2.11999846             113
   2.12999845             113
   2.13999844             113
   2.14999843             113
   2.15999842             110
   2.16999841             110
   2.17999840             109
   2.18999839             106
   2.19999838             106
   2.20999837             105
   2.21999836             104
   2.22999835             102
   2.23999834             102
   2.24999833             100
   2.25999832              99
   2.26999831              98
   2.27999830              98
   2.28999829              96
   2.29999828              96
   2.30999827              96
   2.31999826              94
   2.32999825              94
   2.33999825              92
   2.34999824              92
   2.35999823              89
   2.36999822              89
   2.37999821              88
   2.38999820              87
   2.39999819              86
   2.40999818              85
   2.41999817              84
   2.42999816              83
   2.43999815              82
   2.44999814              82
   2.45999813              81
   2.46999812              79
   2.47999811              79
   2.48999810              79
   2.49999809              79
   2.50999808              79
   2.51999807              78
   2.52999806              78
   2.53999805              77
   2.54999804              77
   2.55999804              77
   2.56999803              77
   2.57999802              77
   2.58999801              76
   2.59999800              75
   2.60999799              74
   2.61999798              74
   2.62999797              73
   2.63999796              73
   2.64999795              72
   2.65999794              71
   2.66999793              69
   2.67999792              69
   2.68999791              68
   2.69999790              68
   2.70999789              66
   2.71999788              66
   2.72999787              64
   2.73999786              63
   2.74999785              62
   2.75999784              61
   2.76999784              61
   2.77999783              60
   2.78999782              60
   2.79999781              60
   2.80999780              60
   2.81999779              60
   2.82999778              60
   2.83999777              60
   2.84999776              60
   2.85999775              60
   2.86999774              60
   2.87999773              60
   2.88999772              60
   2.89999771              59
   2.90999770              59
   2.91999769              59
   2.92999768              59
   2.93999767              59
   2.94999766              59
   2.95999765              59
   2.96999764              59
   2.97999763              58
   2.98999763              58
   2.99999762              58
   3.00999761              58
   3.01999760              57
   3.02999759              56
   3.03999758              54
   3.04999757              53
   3.05999756              52
   3.06999755              51
   3.07999754              51
   3.08999753              51
   3.09999752              50
   3.10999751              50
   3.11999750              50
   3.12999749              50
   3.13999748              50
   3.14999747              50
   3.15999746              50
   3.16999745              49
   3.17999744              49
   3.18999743              48
   3.19999743              48
   3.20999742              47
   3.21999741              45
   3.22999740              45
   3.23999739              43
   3.24999738              43
   3.25999737              43
   3.26999736              43
   3.27999735              43
   3.28999734              42
   3.29999733              42
   3.30999732              42
   3.31999731              41
   3.32999730              40
   3.33999729              40
   3.34999728              39
   3.35999727              39
   3.36999726              39
   3.37999725              38
   3.38999724              38
   3.39999723              38
   3.40999722              38
   3.41999722              38
   3.42999721              38
   3.43999720              38
   3.44999719              38
   3.45999718              38
   3.46999717              38
   3.47999716              38
   3.48999715              36
   3.49999714              35
   3.50999713              35
   3.51999712              35
   3.52999711              34
   3.53999710              33
   3.54999709              32
   3.55999708              32
   3.56999707              32
   3.57999706              32
   3.58999705              32
   3.59999704              31
   3.60999703              29
   3.61999702              28
   3.62999701              28
   3.63999701              28
   3.64999700              28
   3.65999699              28
   3.66999698              26
   3.67999697              26
   3.68999696              25
   3.69999695              24
   3.70999694              23
   3.71999693              22
   3.72999692              22
   3.73999691              22
   3.74999690              22
   3.75999689              22
   3.76999688              21
   3.77999687              21
   3.78999686              21
   3.79999685              21
   3.80999684              20
   3.81999683              20
   3.82999682              20
   3.83999681              20
   3.84999681              20
   3.85999680              20
   3.86999679              20
   3.87999678              20
   3.88999677              20
   3.89999676              20
   3.90999675              20
   3.91999674              20
   3.92999673              20
   3.93999672              20
   3.94999671              20
   3.95999670              20
   3.96999669              20
   3.97999668              20
   3.98999667              20
   3.99999666              19
   4.00999689              19
   4.01999712              18
   4.02999735              18
   4.03999758              18
   4.04999781              18
   4.05999804              18
   4.06999826              18
   4.07999849              18
   4.08999872              18
   4.09999895              18
   4.10999918              18
   4.11999941              17
   4.12999964              17
   4.13999987              17
   4.15000010              17
   4.16000032              17
   4.17000055              17
   4.18000078              17
   4.19000101              17
   4.20000124              17
   4.21000147              17
   4.22000170              17
   4.23000193              17
   4.24000216              17
   4.25000238              17
   4.26000261              16
   4.27000284              16
   4.28000307              16
   4.29000330              15
   4.30000353              15
   4.31000376              14
   4.32000399              14
   4.33000422              14
   4.34000444              13
   4.35000467              13
   4.36000490              13
   4.37000513              13
   4.38000536              13
   4.39000559              13
   4.40000582              13
   4.41000605              13
   4.42000628              13
   4.43000650              13
   4.44000673              13
   4.45000696              13
   4.46000719              13
   4.47000742              13
   4.48000765              13
   4.49000788              13
   4.50000811              13
   4.51000834              13
   4.52000856              13
   4.53000879              13
   4.54000902              12
   4.55000925              12
   4.56000948              12
   4.57000971              12
   4.58000994              12
   4.59001017              12
   4.60001040              11
   4.61001062              11
   4.62001085              11
   4.63001108              11
   4.64001131              10
   4.65001154              10
   4.66001177              10
   4.67001200              10
   4.68001223              10
   4.69001245              10
   4.70001268               9
   4.71001291               9
   4.72001314               9
   4.73001337               9
   4.74001360               9
   4.75001383               9
   4.76001406               9
   4.77001429               9
   4.78001451               8
   4.79001474               8
   4.80001497               8
   4.81001520               8
   4.82001543               8
   4.83001566               8
   4.84001589               8
   4.85001612               8
   4.86001635               8
   4.87001657               7
   4.88001680               7
   4.89001703               7
   4.90001726               7
   4.91001749               7
   4.92001772               7
   4.93001795               7
   4.94001818               7
   4.95001841               6
   4.96001863               6
   4.97001886               6
   4.98001909               6
   4.99001932               6
   5.00001955               5
   5.01001978               5
   5.02002001               4
   5.03002024               4
   5.04002047               4
   5.05002069               4
   5.06002092               4
   5.07002115               4
   5.08002138               4
   5.09002161               4
   5.10002184               4
   5.11002207               4
   5.12002230               4
   5.13002253               4
   5.14002275               4
   5.15002298               4
   5.16002321               4
   5.17002344               4
   5.18002367               4
   5.19002390               4
   5.20002413               4
   5.21002436               4
   5.22002459               4
   5.23002481               4
   5.24002504               4
   5.25002527               4
   5.26002550               4
   5.27002573               4
   5.28002596               4
   5.29002619               4
   5.30002642               4
   5.31002665               4
   5.32002687               4
   5.33002710               4
   5.34002733               4
   5.35002756               4
   5.36002779               4
   5.37002802               4
   5.38002825               4
   5.39002848               4
   5.40002871               4
   5.41002893               4
   5.42002916               4
   5.43002939               4
   5.44002962               4
   5.45002985               4
   5.46003008               4
   5.47003031               4
   5.48003054               4
   5.49003077               4
   5.50003099               4
   5.51003122               4
   5.52003145               4
   5.53003168               4
   5.54003191               4
   5.55003214               4
   5.56003237               4
   5.57003260               4
   5.58003283               4
   5.59003305               4
   5.60003328               4
   5.61003351               4
   5.62003374               4
   5.63003397               4
   5.64003420               4
   5.65003443               4
   5.66003466               3
   5.67003489               3
   5.68003511               3
   5.69003534               3
   5.70003557               3
   5.71003580               3
   5.72003603               3
   5.73003626               3
   5.74003649               3
   5.75003672               3
   5.76003695               3
   5.77003717               3
   5.78003740               3
   5.79003763               3
   5.80003786               3
   5.81003809               3
   5.82003832               3
   5.83003855               3
   5.84003878               3
   5.85003901               3
   5.86003923               3
   5.87003946               3
   5.88003969               3
   5.89003992               3
   5.90004015               3
   5.91004038               3
   5.92004061               3
   5.93004084               3
   5.94004107               3
   5.95004129               3
   5.96004152               3
   5.97004175               3
   5.98004198               3
   5.99004221               3
   6.00004244               3
   6.01004267               3
   6.02004290               3
   6.03004313               3
   6.04004335               3
   6.05004358               3
   6.06004381               3
   6.07004404               3
   6.08004427               3
   6.09004450               3
   6.10004473               3
   6.11004496               3
   6.12004519               2
   6.13004541               2
   6.14004564               1
   6.15004587               1
   6.16004610               1
   6.17004633               1
   6.18004656               1
   6.19004679               1
   6.20004702               1
   6.21004725               1
   6.22004747               1
   6.23004770               1
   6.24004793               1
   6.25004816               1
   6.26004839               1
   6.27004862               1
   6.28004885               1
   6.29004908               1
   6.30004930               1
   6.31004953               1
   6.32004976               1
   6.33004999               1
   6.34005022               1
   6.35005045               1
   6.36005068               1
   6.37005091               1
   6.38005114               1
   6.39005136               1
   6.40005159               1
   6.41005182               1
   6.42005205               1
   6.43005228               1
   6.44005251               1
   6.45005274               1
   6.46005297               1
   6.47005320               1
   6.48005342               1
   6.49005365               1
   6.50005388               1
   6.51005411               1
   6.52005434               1
   6.53005457               1
   6.54005480               1
   6.55005503               1
   6.56005526               1
   6.57005548               1
   6.58005571               1
   6.59005594               1
   6.60005617               1
   6.61005640               1
   6.62005663               1
   6.63005686               1
   6.64005709               1
   6.65005732               1
   6.66005754               1
   6.67005777               1
   6.68005800               1
   6.69005823               1
   6.70005846               1
   6.71005869               1
   6.72005892               1
   6.73005915               1
   6.74005938               1
   6.75005960               1
   6.76005983               1
   6.77006006               1
   6.78006029               1
   6.79006052               1
   6.80006075               1
   6.81006098               1
   6.82006121               1
   6.83006144               1
   6.84006166               1
   6.85006189               1
   6.86006212               1
   6.87006235               1
   6.88006258               1
   6.89006281               1
   6.90006304               1
   6.91006327               1
   6.92006350               1
   6.93006372               1
   6.94006395               1
   6.95006418               1
   6.96006441               1
   6.97006464               1
   6.98006487               1
   6.99006510               1
   7.00006533               1
   7.01006556               1
   7.02006578               1
   7.03006601               1
   7.04006624               1
   7.05006647               1
   7.06006670               1
   7.07006693               1
   7.08006716               1
   7.09006739               1
   7.10006762               1
   7.11006784               1
   7.12006807               1
   7.13006830               1
   7.14006853               1
   7.15006876               1
   7.16006899               1
   7.17006922               1
   7.18006945               1
   7.19006968               1
   7.20006990               1
   7.21007013               1
   7.22007036               1
   7.23007059               1
   7.24007082               1
   7.25007105               1
   7.26007128               1
   7.27007151               1
   7.28007174               1
   7.29007196               1
   7.30007219               1
   7.31007242               1
   7.32007265               1
   7.33007288               1
   7.34007311               1
   7.35007334               1
   7.36007357               1
   7.37007380               1
   7.38007402               1
   7.39007425               1
   7.40007448               1
   7.41007471               1
   7.42007494               1
   7.43007517               1
   7.44007540               1
   7.45007563               1
   7.46007586               1
   7.47007608               1
   7.48007631               1
   7.49007654               1
   7.50007677               1
   7.51007700               1
   7.52007723               1
   7.53007746               1
   7.54007769               1
   7.55007792               1
   7.56007814               1
   7.57007837               1
   7.58007860               1
   7.59007883               1
   7.60007906               1
   7.61007929               1
   7.62007952               1
   7.63007975               1
   7.64007998               1
   7.65008020               1
   7.66008043               1
   7.67008066               1
   7.68008089               1
   7.69008112               1
   7.70008135               1
   7.71008158               1
   7.72008181               1
   7.73008204               1
   7.74008226               1
   7.75008249               1
   7.76008272               1
   7.77008295               1
   7.78008318               1
   7.79008341               1
   7.80008364               1
   7.81008387               1
   7.82008410               1
   7.83008432               1
   7.84008455               1
   7.85008478               1
   7.86008501               1
   7.87008524               1
   7.88008547               1
   7.89008570               1
   7.90008593               1
   7.91008615               1
   7.92008638               1
   7.93008661               1
   7.94008684               1
   7.95008707               1
   7.96008730               1
   7.97008753               1
   7.98008776               1
   7.99008799               1
   8.00008774               1
