   0.00000000             988
   9.99999978E-03         974
   1.99999996E-02         963
   2.99999993E-02         954
   3.99999991E-02         949
   4.99999970E-02         940
   5.99999949E-02         925
   6.99999928E-02         916
   7.99999908E-02         911
   8.99999887E-02         901
   9.99999866E-02         893
  0.109999985             883
  0.119999982             868
  0.129999980             859
  0.139999986             853
  0.149999991             852
  0.159999996             843
  0.170000002             835
  0.180000007             825
  0.190000013             821
  0.200000018             813
  0.210000023             807
  0.220000029             798
  0.230000034             794
  0.240000039             785
  0.250000030             779
  0.260000020             772
  0.270000011             766
  0.280000001             757
  0.289999992             747
  0.299999982             737
  0.309999973             728
  0.319999963             724
  0.329999954             721
  0.339999944             713
  0.349999934             711
  0.359999925             705
  0.369999915             701
  0.379999906             693
  0.389999896             685
  0.399999887             678
  0.409999877             674
  0.419999868             668
  0.429999858             661
  0.439999849             655
  0.449999839             645
  0.459999830             638
  0.469999820             632
  0.479999810             627
  0.489999801             622
  0.499999791             615
  0.509999812             609
  0.519999802             599
  0.529999793             588
  0.539999783             574
  0.549999774             571
  0.559999764             567
  0.569999754             564
  0.579999745             559
  0.589999735             556
  0.599999726             548
  0.609999716             543
  0.619999707             539
  0.629999697             532
  0.639999688             526
  0.649999678             518
  0.659999669             515
  0.669999659             511
  0.679999650             508
  0.689999640             502
  0.699999630             499
  0.709999621             493
  0.719999611             485
  0.729999602             482
  0.739999592             477
  0.749999583             472
  0.759999573             466
  0.769999564             460
  0.779999554             456
  0.789999545             452
  0.799999535             444
  0.809999526             439
  0.819999516             432
  0.829999506             428
  0.839999497             420
  0.849999487             414
  0.859999478             412
  0.869999468             409
  0.879999459             400
  0.889999449             394
  0.899999440             393
  0.909999430             389
  0.919999421             383
  0.929999411             380
  0.939999402             376
  0.949999392             374
  0.959999382             368
  0.969999373             366
  0.979999363             362
  0.989999354             360
  0.999999344             355
   1.00999939             355
   1.01999938             352
   1.02999938             350
   1.03999937             346
   1.04999936             340
   1.05999935             335
   1.06999934             332
   1.07999933             330
   1.08999932             326
   1.09999931             323
   1.10999930             321
   1.11999929             318
   1.12999928             315
   1.13999927             311
   1.14999926             306
   1.15999925             306
   1.16999924             305
   1.17999923             300
   1.18999922             298
   1.19999921             294
   1.20999920             290
   1.21999919             285
   1.22999918             278
   1.23999918             276
   1.24999917             273
   1.25999916             269
   1.26999915             266
   1.27999914             264
   1.28999913             264
   1.29999912             262
   1.30999911             262
   1.31999910             259
   1.32999909             255
   1.33999908             255
   1.34999907             255
   1.35999906             253
   1.36999905             248
   1.37999904             242
   1.38999903             241
   1.39999902             238
   1.40999901             236
   1.41999900             236
   1.42999899             236
   1.43999898             234
   1.44999897             232
   1.45999897             230
   1.46999896             228
   1.47999895             226
   1.48999894             225
   1.49999893             221
   1.50999892             219
   1.51999891             217
   1.52999890             215
   1.53999889             209
   1.54999888             208
   1.55999887             205
   1.56999886             205
   1.57999885             205
   1.58999884             200
   1.59999883             195
   1.60999882             195
   1.61999881             191
   1.62999880             189
   1.63999879             187
   1.64999878             184
   1.65999877             183
   1.66999876             182
   1.67999876             179
   1.68999875             177
   1.69999874             176
   1.70999873             172
   1.71999872             168
   1.72999871             165
   1.73999870             162
   1.74999869             159
   1.75999868             159
   1.76999867             158
   1.77999866             156
   1.78999865             155
   1.79999864             154
   1.80999863             154
   1.81999862             150
   1.82999861             149
   1.83999860             147
   1.84999859             147
   1.85999858             144
   1.86999857             144
   1.87999856             142
   1.88999856             140
   1.89999855             140
   1.90999854             138
   1.91999853             136
   1.92999852             135
   1.93999851             132
   1.94999850             130
   1.95999849             130
   1.96999848             130
   1.97999847             129
   1.98999846             127
   1.99999845             127
   2.00999856             126
   2.01999855             126
   2.02999854             124
   2.03999853             122
   2.04999852             121
   2.05999851             121
   2.06999850             120
   2.07999849             119
   2.08999848             119
   2.09999847             119
   2.10999846             119
   2.11999846             118
   2.12999845             116
   2.13999844             114
   2.14999843             114
   2.15999842             114
   2.16999841             110
   2.17999840             108
   2.18999839             106
   2.19999838             106
   2.20999837             104
   2.21999836             104
   2.22999835             103
   2.23999834             103
   2.24999833             102
   2.25999832              99
   2.26999831              97
   2.27999830              96
   2.28999829              95
   2.29999828              95
   2.30999827              90
   2.31999826              90
   2.32999825              88
   2.33999825              88
   2.34999824              87
   2.35999823              87
   2.36999822              87
   2.37999821              84
   2.38999820              83
   2.39999819              83
   2.40999818              82
   2.41999817              80
   2.42999816              79
   2.43999815              77
   2.44999814              75
   2.45999813              73
   2.46999812              73
   2.47999811              71
   2.48999810              69
   2.49999809              69
   2.50999808              69
   2.51999807              69
   2.52999806              69
   2.53999805              68
   2.54999804              67
   2.55999804              67
   2.56999803              67
   2.57999802              66
   2.58999801              66
   2.59999800              63
   2.60999799              63
   2.61999798              63
   2.62999797              61
   2.63999796              60
   2.64999795              59
   2.65999794              59
   2.66999793              59
   2.67999792              58
   2.68999791              58
   2.69999790              57
   2.70999789              57
   2.71999788              56
   2.72999787              54
   2.73999786              53
   2.74999785              53
   2.75999784              53
   2.76999784              52
   2.77999783              52
   2.78999782              52
   2.79999781              49
   2.80999780              49
   2.81999779              49
   2.82999778              49
   2.83999777              48
   2.84999776              48
   2.85999775              48
   2.86999774              48
   2.87999773              47
   2.88999772              47
   2.89999771              46
   2.90999770              46
   2.91999769              44
   2.92999768              44
   2.93999767              44
   2.94999766              43
   2.95999765              42
   2.96999764              41
   2.97999763              41
   2.98999763              41
   2.99999762              40
   3.00999761              38
   3.01999760              37
   3.02999759              37
   3.03999758              37
   3.04999757              37
   3.05999756              36
   3.06999755              36
   3.07999754              36
   3.08999753              36
   3.09999752              36
   3.10999751              36
   3.11999750              36
   3.12999749              34
   3.13999748              34
   3.14999747              34
   3.15999746              33
   3.16999745              33
   3.17999744              33
   3.18999743              32
   3.19999743              32
   3.20999742              32
   3.21999741              32
   3.22999740              32
   3.23999739              32
   3.24999738              31
   3.25999737              29
   3.26999736              29
   3.27999735              29
   3.28999734              29
   3.29999733              28
   3.30999732              28
   3.31999731              27
   3.32999730              27
   3.33999729              27
   3.34999728              27
   3.35999727              26
   3.36999726              26
   3.37999725              26
   3.38999724              26
   3.39999723              24
   3.40999722              24
   3.41999722              24
   3.42999721              23
   3.43999720              21
   3.44999719              20
   3.45999718              20
   3.46999717              19
   3.47999716              19
   3.48999715              19
   3.49999714              19
   3.50999713              18
   3.51999712              16
   3.52999711              15
   3.53999710              14
   3.54999709              14
   3.55999708              14
   3.56999707              14
   3.57999706              14
   3.58999705              14
   3.59999704              14
   3.60999703              14
   3.61999702              13
   3.62999701              13
   3.63999701              12
   3.64999700              12
   3.65999699              12
   3.66999698              12
   3.67999697              12
   3.68999696              12
   3.69999695              12
   3.70999694              12
   3.71999693              12
   3.72999692              12
   3.73999691              12
   3.74999690              12
   3.75999689              12
   3.76999688              12
   3.77999687              12
   3.78999686              12
   3.79999685              11
   3.80999684              11
   3.81999683              11
   3.82999682              11
   3.83999681              11
   3.84999681              11
   3.85999680              10
   3.86999679              10
   3.87999678               9
   3.88999677               9
   3.89999676               9
   3.90999675               9
   3.91999674               9
   3.92999673               9
   3.93999672               9
   3.94999671               9
   3.95999670               9
   3.96999669               7
   3.97999668               7
   3.98999667               7
   3.99999666               7
   4.00999689               7
   4.01999712               7
   4.02999735               7
   4.03999758               7
   4.04999781               7
   4.05999804               7
   4.06999826               7
   4.07999849               6
   4.08999872               6
   4.09999895               6
   4.10999918               6
   4.11999941               6
   4.12999964               6
   4.13999987               6
   4.15000010               6
   4.16000032               6
   4.17000055               6
   4.18000078               6
   4.19000101               5
   4.20000124               5
   4.21000147               5
   4.22000170               4
   4.23000193               3
   4.24000216               3
   4.25000238               3
   4.26000261               3
   4.27000284               3
   4.28000307               3
   4.29000330               3
   4.30000353               3
   4.31000376               3
   4.32000399               3
   4.33000422               3
   4.34000444               3
   4.35000467               3
   4.36000490               3
   4.37000513               3
   4.38000536               3
   4.39000559               3
   4.40000582               3
   4.41000605               3
   4.42000628               3
   4.43000650               3
   4.44000673               3
   4.45000696               3
   4.46000719               3
   4.47000742               3
   4.48000765               3
   4.49000788               3
   4.50000811               3
   4.51000834               3
   4.52000856               3
   4.53000879               3
   4.54000902               3
   4.55000925               3
   4.56000948               3
   4.57000971               3
   4.58000994               3
   4.59001017               3
   4.60001040               3
   4.61001062               3
   4.62001085               3
   4.63001108               3
   4.64001131               3
   4.65001154               3
   4.66001177               3
   4.67001200               3
   4.68001223               3
   4.69001245               3
   4.70001268               3
   4.71001291               3
   4.72001314               3
   4.73001337               3
   4.74001360               3
   4.75001383               3
   4.76001406               3
   4.77001429               3
   4.78001451               3
   4.79001474               3
   4.80001497               3
   4.81001520               2
   4.82001543               2
   4.83001566               2
   4.84001589               2
   4.85001612               2
   4.86001635               2
   4.87001657               2
   4.88001680               2
   4.89001703               2
   4.90001726               2
   4.91001749               2
   4.92001772               2
   4.93001795               2
   4.94001818               2
   4.95001841               2
   4.96001863               2
   4.97001886               2
   4.98001909               2
   4.99001932               2
   5.00001955               2
   5.01001978               1
   5.02002001               1
   5.03002024               1
   5.04002047               1
   5.05002069               1
   5.06002092               1
   5.07002115               1
   5.08002138               1
   5.09002161               1
   5.10002184               1
   5.11002207               1
   5.12002230               1
   5.13002253               1
   5.14002275               1
   5.15002298               1
   5.16002321               1
   5.17002344               1
   5.18002367               1
   5.19002390               1
   5.20002413               1
   5.21002436               1
   5.22002459               1
   5.23002481               1
   5.24002504               1
   5.25002527               1
   5.26002550               1
   5.27002573               1
   5.28002596               1
   5.29002619               1
   5.30002642               1
   5.31002665               1
   5.32002687               1
   5.33002710               1
   5.34002733               1
   5.35002756               1
   5.36002779               1
   5.37002802               1
   5.38002825               1
   5.39002848               1
   5.40002871               1
   5.41002893               1
   5.42002916               1
   5.43002939               1
   5.44002962               1
   5.45002985               1
   5.46003008               1
   5.47003031               1
   5.48003054               1
   5.49003077               1
   5.50003099               1
   5.51003122               1
   5.52003145               1
   5.53003168               1
   5.54003191               1
   5.55003214               1
   5.56003237               1
   5.57003260               1
   5.58003283               1
   5.59003305               1
   5.60003328               1
   5.61003351               1
   5.62003374               1
   5.63003397               1
   5.64003420               1
   5.65003443               1
   5.66003466               1
   5.67003489               1
   5.68003511               1
   5.69003534               1
   5.70003557               1
   5.71003580               1
   5.72003603               1
   5.73003626               1
   5.74003649               1
   5.75003672               1
   5.76003695               1
   5.77003717               1
   5.78003740               1
   5.79003763               1
   5.80003786               1
   5.81003809               1
   5.82003832               1
   5.83003855               1
   5.84003878               1
   5.85003901               1
   5.86003923               1
   5.87003946               1
   5.88003969               1
   5.89003992               1
   5.90004015               1
   5.91004038               1
   5.92004061               1
   5.93004084               1
   5.94004107               1
   5.95004129               1
   5.96004152               1
   5.97004175               1
   5.98004198               1
   5.99004221               1
   6.00004244               1
   6.01004267               1
   6.02004290               1
   6.03004313               1
   6.04004335               1
   6.05004358               1
   6.06004381               1
   6.07004404               1
   6.08004427               1
   6.09004450               1
   6.10004473               1
   6.11004496               1
   6.12004519               1
   6.13004541               1
   6.14004564               1
   6.15004587               1
   6.16004610               1
   6.17004633               1
   6.18004656               1
   6.19004679               1
   6.20004702               1
   6.21004725               1
   6.22004747               1
   6.23004770               1
   6.24004793               1
   6.25004816               0
   6.26004839               0
   6.27004862               0
   6.28004885               0
   6.29004908               0
   6.30004930               0
   6.31004953               0
   6.32004976               0
   6.33004999               0
   6.34005022               0
   6.35005045               0
   6.36005068               0
   6.37005091               0
   6.38005114               0
   6.39005136               0
   6.40005159               0
   6.41005182               0
   6.42005205               0
   6.43005228               0
   6.44005251               0
   6.45005274               0
   6.46005297               0
   6.47005320               0
   6.48005342               0
   6.49005365               0
   6.50005388               0
   6.51005411               0
   6.52005434               0
   6.53005457               0
   6.54005480               0
   6.55005503               0
   6.56005526               0
   6.57005548               0
   6.58005571               0
   6.59005594               0
   6.60005617               0
   6.61005640               0
   6.62005663               0
   6.63005686               0
   6.64005709               0
   6.65005732               0
   6.66005754               0
   6.67005777               0
   6.68005800               0
   6.69005823               0
   6.70005846               0
   6.71005869               0
   6.72005892               0
   6.73005915               0
   6.74005938               0
   6.75005960               0
   6.76005983               0
   6.77006006               0
   6.78006029               0
   6.79006052               0
   6.80006075               0
   6.81006098               0
   6.82006121               0
   6.83006144               0
   6.84006166               0
   6.85006189               0
   6.86006212               0
   6.87006235               0
   6.88006258               0
   6.89006281               0
   6.90006304               0
   6.91006327               0
   6.92006350               0
   6.93006372               0
   6.94006395               0
   6.95006418               0
   6.96006441               0
   6.97006464               0
   6.98006487               0
   6.99006510               0
   7.00006533               0
   7.01006556               0
   7.02006578               0
   7.03006601               0
   7.04006624               0
   7.05006647               0
   7.06006670               0
   7.07006693               0
   7.08006716               0
   7.09006739               0
   7.10006762               0
   7.11006784               0
   7.12006807               0
   7.13006830               0
   7.14006853               0
   7.15006876               0
   7.16006899               0
   7.17006922               0
   7.18006945               0
   7.19006968               0
   7.20006990               0
   7.21007013               0
   7.22007036               0
   7.23007059               0
   7.24007082               0
   7.25007105               0
   7.26007128               0
   7.27007151               0
   7.28007174               0
   7.29007196               0
   7.30007219               0
   7.31007242               0
   7.32007265               0
   7.33007288               0
   7.34007311               0
   7.35007334               0
   7.36007357               0
   7.37007380               0
   7.38007402               0
   7.39007425               0
   7.40007448               0
   7.41007471               0
   7.42007494               0
   7.43007517               0
   7.44007540               0
   7.45007563               0
   7.46007586               0
   7.47007608               0
   7.48007631               0
   7.49007654               0
   7.50007677               0
   7.51007700               0
   7.52007723               0
   7.53007746               0
   7.54007769               0
   7.55007792               0
   7.56007814               0
   7.57007837               0
   7.58007860               0
   7.59007883               0
   7.60007906               0
   7.61007929               0
   7.62007952               0
   7.63007975               0
   7.64007998               0
   7.65008020               0
   7.66008043               0
   7.67008066               0
   7.68008089               0
   7.69008112               0
   7.70008135               0
   7.71008158               0
   7.72008181               0
   7.73008204               0
   7.74008226               0
   7.75008249               0
   7.76008272               0
   7.77008295               0
   7.78008318               0
   7.79008341               0
   7.80008364               0
   7.81008387               0
   7.82008410               0
   7.83008432               0
   7.84008455               0
   7.85008478               0
   7.86008501               0
   7.87008524               0
   7.88008547               0
   7.89008570               0
   7.90008593               0
   7.91008615               0
   7.92008638               0
   7.93008661               0
   7.94008684               0
   7.95008707               0
   7.96008730               0
   7.97008753               0
   7.98008776               0
   7.99008799               0
   8.00008774               0
