   0.00000000             994
   9.99999978E-03         978
   1.99999996E-02         972
   2.99999993E-02         954
   3.99999991E-02         949
   4.99999970E-02         939
   5.99999949E-02         931
   6.99999928E-02         922
   7.99999908E-02         904
   8.99999887E-02         897
   9.99999866E-02         893
  0.109999985             887
  0.119999982             881
  0.129999980             872
  0.139999986             862
  0.149999991             855
  0.159999996             846
  0.170000002             836
  0.180000007             829
  0.190000013             820
  0.200000018             811
  0.210000023             803
  0.220000029             798
  0.230000034             795
  0.240000039             791
  0.250000030             784
  0.260000020             778
  0.270000011             771
  0.280000001             767
  0.289999992             760
  0.299999982             757
  0.309999973             754
  0.319999963             745
  0.329999954             735
  0.339999944             730
  0.349999934             721
  0.359999925             716
  0.369999915             710
  0.379999906             702
  0.389999896             699
  0.399999887             691
  0.409999877             683
  0.419999868             676
  0.429999858             670
  0.439999849             661
  0.449999839             649
  0.459999830             642
  0.469999820             637
  0.479999810             631
  0.489999801             627
  0.499999791             619
  0.509999812             615
  0.519999802             606
  0.529999793             603
  0.539999783             596
  0.549999774             591
  0.559999764             583
  0.569999754             582
  0.579999745             576
  0.589999735             571
  0.599999726             569
  0.609999716             560
  0.619999707             551
  0.629999697             543
  0.639999688             538
  0.649999678             532
  0.659999669             525
  0.669999659             517
  0.679999650             513
  0.689999640             512
  0.699999630             508
  0.709999621             504
  0.719999611             495
  0.729999602             489
  0.739999592             487
  0.749999583             481
  0.759999573             477
  0.769999564             471
  0.779999554             464
  0.789999545             460
  0.799999535             456
  0.809999526             445
  0.819999516             444
  0.829999506             439
  0.839999497             431
  0.849999487             427
  0.859999478             425
  0.869999468             419
  0.879999459             414
  0.889999449             407
  0.899999440             404
  0.909999430             400
  0.919999421             397
  0.929999411             395
  0.939999402             391
  0.949999392             386
  0.959999382             385
  0.969999373             381
  0.979999363             379
  0.989999354             377
  0.999999344             376
   1.00999939             373
   1.01999938             369
   1.02999938             366
   1.03999937             361
   1.04999936             361
   1.05999935             359
   1.06999934             357
   1.07999933             353
   1.08999932             348
   1.09999931             346
   1.10999930             342
   1.11999929             340
   1.12999928             338
   1.13999927             335
   1.14999926             331
   1.15999925             328
   1.16999924             326
   1.17999923             322
   1.18999922             318
   1.19999921             317
   1.20999920             316
   1.21999919             314
   1.22999918             312
   1.23999918             310
   1.24999917             306
   1.25999916             305
   1.26999915             303
   1.27999914             300
   1.28999913             299
   1.29999912             296
   1.30999911             293
   1.31999910             286
   1.32999909             283
   1.33999908             282
   1.34999907             281
   1.35999906             279
   1.36999905             277
   1.37999904             275
   1.38999903             271
   1.39999902             268
   1.40999901             264
   1.41999900             258
   1.42999899             254
   1.43999898             252
   1.44999897             249
   1.45999897             246
   1.46999896             240
   1.47999895             237
   1.48999894             234
   1.49999893             230
   1.50999892             227
   1.51999891             225
   1.52999890             224
   1.53999889             223
   1.54999888             221
   1.55999887             219
   1.56999886             216
   1.57999885             210
   1.58999884             209
   1.59999883             207
   1.60999882             204
   1.61999881             204
   1.62999880             203
   1.63999879             198
   1.64999878             195
   1.65999877             195
   1.66999876             195
   1.67999876             194
   1.68999875             192
   1.69999874             187
   1.70999873             186
   1.71999872             186
   1.72999871             184
   1.73999870             182
   1.74999869             181
   1.75999868             180
   1.76999867             178
   1.77999866             176
   1.78999865             176
   1.79999864             174
   1.80999863             171
   1.81999862             170
   1.82999861             168
   1.83999860             168
   1.84999859             167
   1.85999858             166
   1.86999857             163
   1.87999856             162
   1.88999856             162
   1.89999855             162
   1.90999854             161
   1.91999853             160
   1.92999852             154
   1.93999851             153
   1.94999850             149
   1.95999849             147
   1.96999848             147
   1.97999847             145
   1.98999846             143
   1.99999845             142
   2.00999856             141
   2.01999855             139
   2.02999854             136
   2.03999853             136
   2.04999852             133
   2.05999851             131
   2.06999850             128
   2.07999849             128
   2.08999848             127
   2.09999847             127
   2.10999846             127
   2.11999846             127
   2.12999845             126
   2.13999844             123
   2.14999843             122
   2.15999842             121
   2.16999841             120
   2.17999840             119
   2.18999839             118
   2.19999838             115
   2.20999837             114
   2.21999836             112
   2.22999835             111
   2.23999834             111
   2.24999833             111
   2.25999832             110
   2.26999831             110
   2.27999830             110
   2.28999829             110
   2.29999828             109
   2.30999827             108
   2.31999826             106
   2.32999825             105
   2.33999825             105
   2.34999824             104
   2.35999823             104
   2.36999822             104
   2.37999821             103
   2.38999820             101
   2.39999819             101
   2.40999818             100
   2.41999817             100
   2.42999816             100
   2.43999815              99
   2.44999814              98
   2.45999813              96
   2.46999812              95
   2.47999811              92
   2.48999810              92
   2.49999809              89
   2.50999808              88
   2.51999807              88
   2.52999806              87
   2.53999805              86
   2.54999804              86
   2.55999804              82
   2.56999803              81
   2.57999802              79
   2.58999801              77
   2.59999800              77
   2.60999799              74
   2.61999798              74
   2.62999797              74
   2.63999796              73
   2.64999795              70
   2.65999794              69
   2.66999793              69
   2.67999792              69
   2.68999791              69
   2.69999790              69
   2.70999789              69
   2.71999788              68
   2.72999787              67
   2.73999786              67
   2.74999785              67
   2.75999784              67
   2.76999784              66
   2.77999783              66
   2.78999782              66
   2.79999781              66
   2.80999780              65
   2.81999779              65
   2.82999778              65
   2.83999777              64
   2.84999776              63
   2.85999775              60
   2.86999774              59
   2.87999773              57
   2.88999772              57
   2.89999771              55
   2.90999770              54
   2.91999769              54
   2.92999768              54
   2.93999767              54
   2.94999766              53
   2.95999765              51
   2.96999764              49
   2.97999763              49
   2.98999763              49
   2.99999762              47
   3.00999761              47
   3.01999760              47
   3.02999759              47
   3.03999758              46
   3.04999757              45
   3.05999756              45
   3.06999755              45
   3.07999754              45
   3.08999753              42
   3.09999752              41
   3.10999751              39
   3.11999750              39
   3.12999749              39
   3.13999748              39
   3.14999747              38
   3.15999746              38
   3.16999745              38
   3.17999744              38
   3.18999743              38
   3.19999743              38
   3.20999742              38
   3.21999741              38
   3.22999740              36
   3.23999739              35
   3.24999738              34
   3.25999737              34
   3.26999736              33
   3.27999735              33
   3.28999734              33
   3.29999733              32
   3.30999732              32
   3.31999731              31
   3.32999730              31
   3.33999729              31
   3.34999728              31
   3.35999727              31
   3.36999726              31
   3.37999725              29
   3.38999724              29
   3.39999723              27
   3.40999722              27
   3.41999722              26
   3.42999721              26
   3.43999720              26
   3.44999719              26
   3.45999718              26
   3.46999717              26
   3.47999716              26
   3.48999715              26
   3.49999714              26
   3.50999713              26
   3.51999712              26
   3.52999711              25
   3.53999710              24
   3.54999709              24
   3.55999708              23
   3.56999707              23
   3.57999706              23
   3.58999705              23
   3.59999704              23
   3.60999703              22
   3.61999702              22
   3.62999701              22
   3.63999701              21
   3.64999700              21
   3.65999699              20
   3.66999698              20
   3.67999697              19
   3.68999696              19
   3.69999695              18
   3.70999694              18
   3.71999693              18
   3.72999692              18
   3.73999691              18
   3.74999690              18
   3.75999689              18
   3.76999688              18
   3.77999687              18
   3.78999686              18
   3.79999685              18
   3.80999684              18
   3.81999683              18
   3.82999682              17
   3.83999681              17
   3.84999681              17
   3.85999680              17
   3.86999679              17
   3.87999678              16
   3.88999677              16
   3.89999676              16
   3.90999675              16
   3.91999674              15
   3.92999673              14
   3.93999672              14
   3.94999671              14
   3.95999670              14
   3.96999669              13
   3.97999668              13
   3.98999667              13
   3.99999666              12
   4.00999689              12
   4.01999712              12
   4.02999735              12
   4.03999758              11
   4.04999781              11
   4.05999804              11
   4.06999826              11
   4.07999849              11
   4.08999872              11
   4.09999895              11
   4.10999918              11
   4.11999941              11
   4.12999964              11
   4.13999987              11
   4.15000010              11
   4.16000032              11
   4.17000055              11
   4.18000078              11
   4.19000101              11
   4.20000124              11
   4.21000147              11
   4.22000170              11
   4.23000193              11
   4.24000216              11
   4.25000238              10
   4.26000261              10
   4.27000284              10
   4.28000307               9
   4.29000330               9
   4.30000353               9
   4.31000376               9
   4.32000399               9
   4.33000422               9
   4.34000444               9
   4.35000467               9
   4.36000490               9
   4.37000513               9
   4.38000536               9
   4.39000559               9
   4.40000582               9
   4.41000605               7
   4.42000628               7
   4.43000650               7
   4.44000673               7
   4.45000696               7
   4.46000719               7
   4.47000742               7
   4.48000765               6
   4.49000788               6
   4.50000811               6
   4.51000834               6
   4.52000856               6
   4.53000879               6
   4.54000902               6
   4.55000925               6
   4.56000948               6
   4.57000971               5
   4.58000994               5
   4.59001017               5
   4.60001040               5
   4.61001062               5
   4.62001085               5
   4.63001108               5
   4.64001131               5
   4.65001154               5
   4.66001177               5
   4.67001200               5
   4.68001223               5
   4.69001245               4
   4.70001268               4
   4.71001291               4
   4.72001314               4
   4.73001337               4
   4.74001360               4
   4.75001383               4
   4.76001406               4
   4.77001429               4
   4.78001451               4
   4.79001474               4
   4.80001497               4
   4.81001520               4
   4.82001543               4
   4.83001566               4
   4.84001589               4
   4.85001612               4
   4.86001635               4
   4.87001657               4
   4.88001680               4
   4.89001703               4
   4.90001726               4
   4.91001749               4
   4.92001772               4
   4.93001795               4
   4.94001818               4
   4.95001841               4
   4.96001863               4
   4.97001886               4
   4.98001909               4
   4.99001932               4
   5.00001955               4
   5.01001978               4
   5.02002001               4
   5.03002024               4
   5.04002047               4
   5.05002069               4
   5.06002092               4
   5.07002115               4
   5.08002138               4
   5.09002161               4
   5.10002184               4
   5.11002207               4
   5.12002230               4
   5.13002253               4
   5.14002275               4
   5.15002298               4
   5.16002321               4
   5.17002344               4
   5.18002367               4
   5.19002390               4
   5.20002413               4
   5.21002436               4
   5.22002459               4
   5.23002481               4
   5.24002504               4
   5.25002527               4
   5.26002550               4
   5.27002573               4
   5.28002596               4
   5.29002619               4
   5.30002642               4
   5.31002665               4
   5.32002687               4
   5.33002710               4
   5.34002733               4
   5.35002756               4
   5.36002779               4
   5.37002802               4
   5.38002825               4
   5.39002848               3
   5.40002871               2
   5.41002893               2
   5.42002916               2
   5.43002939               2
   5.44002962               2
   5.45002985               2
   5.46003008               2
   5.47003031               2
   5.48003054               2
   5.49003077               2
   5.50003099               2
   5.51003122               2
   5.52003145               2
   5.53003168               2
   5.54003191               2
   5.55003214               1
   5.56003237               1
   5.57003260               1
   5.58003283               1
   5.59003305               1
   5.60003328               1
   5.61003351               1
   5.62003374               1
   5.63003397               1
   5.64003420               1
   5.65003443               1
   5.66003466               1
   5.67003489               1
   5.68003511               1
   5.69003534               1
   5.70003557               1
   5.71003580               1
   5.72003603               1
   5.73003626               1
   5.74003649               1
   5.75003672               1
   5.76003695               1
   5.77003717               1
   5.78003740               1
   5.79003763               1
   5.80003786               1
   5.81003809               1
   5.82003832               1
   5.83003855               1
   5.84003878               1
   5.85003901               1
   5.86003923               1
   5.87003946               1
   5.88003969               1
   5.89003992               1
   5.90004015               1
   5.91004038               1
   5.92004061               1
   5.93004084               1
   5.94004107               1
   5.95004129               1
   5.96004152               1
   5.97004175               1
   5.98004198               1
   5.99004221               1
   6.00004244               1
   6.01004267               1
   6.02004290               1
   6.03004313               1
   6.04004335               1
   6.05004358               1
   6.06004381               1
   6.07004404               1
   6.08004427               1
   6.09004450               1
   6.10004473               1
   6.11004496               1
   6.12004519               1
   6.13004541               1
   6.14004564               1
   6.15004587               1
   6.16004610               1
   6.17004633               1
   6.18004656               1
   6.19004679               1
   6.20004702               1
   6.21004725               1
   6.22004747               1
   6.23004770               1
   6.24004793               1
   6.25004816               1
   6.26004839               1
   6.27004862               1
   6.28004885               1
   6.29004908               1
   6.30004930               1
   6.31004953               1
   6.32004976               1
   6.33004999               1
   6.34005022               1
   6.35005045               1
   6.36005068               1
   6.37005091               1
   6.38005114               1
   6.39005136               1
   6.40005159               1
   6.41005182               1
   6.42005205               1
   6.43005228               1
   6.44005251               1
   6.45005274               1
   6.46005297               1
   6.47005320               1
   6.48005342               1
   6.49005365               1
   6.50005388               1
   6.51005411               1
   6.52005434               1
   6.53005457               1
   6.54005480               1
   6.55005503               1
   6.56005526               1
   6.57005548               1
   6.58005571               0
   6.59005594               0
   6.60005617               0
   6.61005640               0
   6.62005663               0
   6.63005686               0
   6.64005709               0
   6.65005732               0
   6.66005754               0
   6.67005777               0
   6.68005800               0
   6.69005823               0
   6.70005846               0
   6.71005869               0
   6.72005892               0
   6.73005915               0
   6.74005938               0
   6.75005960               0
   6.76005983               0
   6.77006006               0
   6.78006029               0
   6.79006052               0
   6.80006075               0
   6.81006098               0
   6.82006121               0
   6.83006144               0
   6.84006166               0
   6.85006189               0
   6.86006212               0
   6.87006235               0
   6.88006258               0
   6.89006281               0
   6.90006304               0
   6.91006327               0
   6.92006350               0
   6.93006372               0
   6.94006395               0
   6.95006418               0
   6.96006441               0
   6.97006464               0
   6.98006487               0
   6.99006510               0
   7.00006533               0
   7.01006556               0
   7.02006578               0
   7.03006601               0
   7.04006624               0
   7.05006647               0
   7.06006670               0
   7.07006693               0
   7.08006716               0
   7.09006739               0
   7.10006762               0
   7.11006784               0
   7.12006807               0
   7.13006830               0
   7.14006853               0
   7.15006876               0
   7.16006899               0
   7.17006922               0
   7.18006945               0
   7.19006968               0
   7.20006990               0
   7.21007013               0
   7.22007036               0
   7.23007059               0
   7.24007082               0
   7.25007105               0
   7.26007128               0
   7.27007151               0
   7.28007174               0
   7.29007196               0
   7.30007219               0
   7.31007242               0
   7.32007265               0
   7.33007288               0
   7.34007311               0
   7.35007334               0
   7.36007357               0
   7.37007380               0
   7.38007402               0
   7.39007425               0
   7.40007448               0
   7.41007471               0
   7.42007494               0
   7.43007517               0
   7.44007540               0
   7.45007563               0
   7.46007586               0
   7.47007608               0
   7.48007631               0
   7.49007654               0
   7.50007677               0
   7.51007700               0
   7.52007723               0
   7.53007746               0
   7.54007769               0
   7.55007792               0
   7.56007814               0
   7.57007837               0
   7.58007860               0
   7.59007883               0
   7.60007906               0
   7.61007929               0
   7.62007952               0
   7.63007975               0
   7.64007998               0
   7.65008020               0
   7.66008043               0
   7.67008066               0
   7.68008089               0
   7.69008112               0
   7.70008135               0
   7.71008158               0
   7.72008181               0
   7.73008204               0
   7.74008226               0
   7.75008249               0
   7.76008272               0
   7.77008295               0
   7.78008318               0
   7.79008341               0
   7.80008364               0
   7.81008387               0
   7.82008410               0
   7.83008432               0
   7.84008455               0
   7.85008478               0
   7.86008501               0
   7.87008524               0
   7.88008547               0
   7.89008570               0
   7.90008593               0
   7.91008615               0
   7.92008638               0
   7.93008661               0
   7.94008684               0
   7.95008707               0
   7.96008730               0
   7.97008753               0
   7.98008776               0
   7.99008799               0
   8.00008774               0
