   0.00000000             994
   9.99999978E-03         985
   1.99999996E-02         977
   2.99999993E-02         971
   3.99999991E-02         961
   4.99999970E-02         948
   5.99999949E-02         943
   6.99999928E-02         940
   7.99999908E-02         930
   8.99999887E-02         924
   9.99999866E-02         916
  0.109999985             904
  0.119999982             891
  0.129999980             884
  0.139999986             872
  0.149999991             859
  0.159999996             848
  0.170000002             841
  0.180000007             836
  0.190000013             827
  0.200000018             821
  0.210000023             816
  0.220000029             806
  0.230000034             796
  0.240000039             792
  0.250000030             782
  0.260000020             777
  0.270000011             771
  0.280000001             763
  0.289999992             754
  0.299999982             742
  0.309999973             736
  0.319999963             730
  0.329999954             724
  0.339999944             713
  0.349999934             706
  0.359999925             699
  0.369999915             693
  0.379999906             685
  0.389999896             676
  0.399999887             670
  0.409999877             658
  0.419999868             653
  0.429999858             643
  0.439999849             639
  0.449999839             631
  0.459999830             625
  0.469999820             618
  0.479999810             615
  0.489999801             608
  0.499999791             599
  0.509999812             595
  0.519999802             583
  0.529999793             577
  0.539999783             575
  0.549999774             570
  0.559999764             561
  0.569999754             556
  0.579999745             547
  0.589999735             542
  0.599999726             536
  0.609999716             533
  0.619999707             532
  0.629999697             527
  0.639999688             524
  0.649999678             519
  0.659999669             512
  0.669999659             506
  0.679999650             503
  0.689999640             497
  0.699999630             491
  0.709999621             486
  0.719999611             478
  0.729999602             472
  0.739999592             470
  0.749999583             465
  0.759999573             461
  0.769999564             455
  0.779999554             451
  0.789999545             445
  0.799999535             440
  0.809999526             433
  0.819999516             428
  0.829999506             425
  0.839999497             424
  0.849999487             422
  0.859999478             421
  0.869999468             412
  0.879999459             405
  0.889999449             399
  0.899999440             398
  0.909999430             392
  0.919999421             388
  0.929999411             384
  0.939999402             380
  0.949999392             378
  0.959999382             376
  0.969999373             372
  0.979999363             370
  0.989999354             365
  0.999999344             361
   1.00999939             358
   1.01999938             351
   1.02999938             344
   1.03999937             342
   1.04999936             342
   1.05999935             336
   1.06999934             334
   1.07999933             331
   1.08999932             328
   1.09999931             324
   1.10999930             321
   1.11999929             320
   1.12999928             318
   1.13999927             315
   1.14999926             313
   1.15999925             308
   1.16999924             304
   1.17999923             301
   1.18999922             296
   1.19999921             295
   1.20999920             289
   1.21999919             287
   1.22999918             286
   1.23999918             281
   1.24999917             279
   1.25999916             279
   1.26999915             273
   1.27999914             268
   1.28999913             266
   1.29999912             264
   1.30999911             260
   1.31999910             258
   1.32999909             257
   1.33999908             252
   1.34999907             250
   1.35999906             246
   1.36999905             243
   1.37999904             239
   1.38999903             237
   1.39999902             233
   1.40999901             228
   1.41999900             225
   1.42999899             223
   1.43999898             223
   1.44999897             222
   1.45999897             222
   1.46999896             219
   1.47999895             218
   1.48999894             215
   1.49999893             214
   1.50999892             212
   1.51999891             211
   1.52999890             209
   1.53999889             208
   1.54999888             207
   1.55999887             204
   1.56999886             202
   1.57999885             199
   1.58999884             196
   1.59999883             195
   1.60999882             193
   1.61999881             191
   1.62999880             189
   1.63999879             188
   1.64999878             186
   1.65999877             182
   1.66999876             178
   1.67999876             177
   1.68999875             176
   1.69999874             173
   1.70999873             172
   1.71999872             171
   1.72999871             171
   1.73999870             169
   1.74999869             168
   1.75999868             167
   1.76999867             167
   1.77999866             163
   1.78999865             162
   1.79999864             161
   1.80999863             160
   1.81999862             160
   1.82999861             158
   1.83999860             157
   1.84999859             156
   1.85999858             156
   1.86999857             155
   1.87999856             154
   1.88999856             153
   1.89999855             149
   1.90999854             149
   1.91999853             149
   1.92999852             148
   1.93999851             146
   1.94999850             144
   1.95999849             143
   1.96999848             143
   1.97999847             143
   1.98999846             141
   1.99999845             139
   2.00999856             139
   2.01999855             138
   2.02999854             138
   2.03999853             137
   2.04999852             136
   2.05999851             136
   2.06999850             134
   2.07999849             130
   2.08999848             129
   2.09999847             123
   2.10999846             121
   2.11999846             121
   2.12999845             118
   2.13999844             118
   2.14999843             115
   2.15999842             115
   2.16999841             114
   2.17999840             113
   2.18999839             111
   2.19999838             110
   2.20999837             109
   2.21999836             108
   2.22999835             108
   2.23999834             107
   2.24999833             107
   2.25999832             107
   2.26999831             107
   2.27999830             107
   2.28999829             106
   2.29999828             104
   2.30999827             104
   2.31999826             104
   2.32999825             103
   2.33999825             103
   2.34999824             102
   2.35999823             100
   2.36999822             100
   2.37999821              99
   2.38999820              97
   2.39999819              96
   2.40999818              94
   2.41999817              93
   2.42999816              91
   2.43999815              90
   2.44999814              89
   2.45999813              87
   2.46999812              86
   2.47999811              86
   2.48999810              86
   2.49999809              86
   2.50999808              85
   2.51999807              85
   2.52999806              84
   2.53999805              83
   2.54999804              83
   2.55999804              83
   2.56999803              83
   2.57999802              82
   2.58999801              82
   2.59999800              81
   2.60999799              78
   2.61999798              77
   2.62999797              75
   2.63999796              73
   2.64999795              73
   2.65999794              72
   2.66999793              72
   2.67999792              71
   2.68999791              69
   2.69999790              69
   2.70999789              69
   2.71999788              68
   2.72999787              68
   2.73999786              67
   2.74999785              66
   2.75999784              65
   2.76999784              64
   2.77999783              64
   2.78999782              64
   2.79999781              64
   2.80999780              62
   2.81999779              61
   2.82999778              61
   2.83999777              60
   2.84999776              59
   2.85999775              57
   2.86999774              57
   2.87999773              56
   2.88999772              56
   2.89999771              56
   2.90999770              56
   2.91999769              56
   2.92999768              56
   2.93999767              56
   2.94999766              56
   2.95999765              56
   2.96999764              56
   2.97999763              56
   2.98999763              55
   2.99999762              54
   3.00999761              54
   3.01999760              54
   3.02999759              53
   3.03999758              52
   3.04999757              52
   3.05999756              52
   3.06999755              51
   3.07999754              51
   3.08999753              50
   3.09999752              50
   3.10999751              50
   3.11999750              50
   3.12999749              49
   3.13999748              49
   3.14999747              49
   3.15999746              49
   3.16999745              48
   3.17999744              48
   3.18999743              48
   3.19999743              47
   3.20999742              47
   3.21999741              43
   3.22999740              43
   3.23999739              43
   3.24999738              43
   3.25999737              43
   3.26999736              43
   3.27999735              43
   3.28999734              42
   3.29999733              40
   3.30999732              40
   3.31999731              40
   3.32999730              40
   3.33999729              40
   3.34999728              39
   3.35999727              39
   3.36999726              39
   3.37999725              39
   3.38999724              39
   3.39999723              39
   3.40999722              39
   3.41999722              39
   3.42999721              39
   3.43999720              39
   3.44999719              39
   3.45999718              36
   3.46999717              36
   3.47999716              35
   3.48999715              35
   3.49999714              35
   3.50999713              35
   3.51999712              35
   3.52999711              34
   3.53999710              33
   3.54999709              32
   3.55999708              31
   3.56999707              31
   3.57999706              31
   3.58999705              31
   3.59999704              30
   3.60999703              30
   3.61999702              28
   3.62999701              28
   3.63999701              28
   3.64999700              28
   3.65999699              28
   3.66999698              28
   3.67999697              28
   3.68999696              28
   3.69999695              28
   3.70999694              27
   3.71999693              27
   3.72999692              27
   3.73999691              27
   3.74999690              27
   3.75999689              27
   3.76999688              27
   3.77999687              27
   3.78999686              25
   3.79999685              25
   3.80999684              24
   3.81999683              24
   3.82999682              24
   3.83999681              23
   3.84999681              23
   3.85999680              23
   3.86999679              22
   3.87999678              22
   3.88999677              22
   3.89999676              22
   3.90999675              22
   3.91999674              22
   3.92999673              22
   3.93999672              22
   3.94999671              22
   3.95999670              22
   3.96999669              22
   3.97999668              21
   3.98999667              21
   3.99999666              20
   4.00999689              19
   4.01999712              18
   4.02999735              18
   4.03999758              18
   4.04999781              18
   4.05999804              18
   4.06999826              18
   4.07999849              17
   4.08999872              17
   4.09999895              17
   4.10999918              17
   4.11999941              16
   4.12999964              16
   4.13999987              16
   4.15000010              16
   4.16000032              16
   4.17000055              16
   4.18000078              16
   4.19000101              16
   4.20000124              16
   4.21000147              16
   4.22000170              15
   4.23000193              14
   4.24000216              14
   4.25000238              14
   4.26000261              14
   4.27000284              14
   4.28000307              13
   4.29000330              13
   4.30000353              13
   4.31000376              12
   4.32000399              12
   4.33000422              11
   4.34000444              11
   4.35000467              11
   4.36000490              11
   4.37000513              11
   4.38000536              11
   4.39000559              11
   4.40000582              11
   4.41000605              10
   4.42000628              10
   4.43000650              10
   4.44000673               9
   4.45000696               9
   4.46000719               9
   4.47000742               9
   4.48000765               9
   4.49000788               9
   4.50000811               9
   4.51000834               9
   4.52000856               9
   4.53000879               9
   4.54000902               9
   4.55000925               8
   4.56000948               8
   4.57000971               8
   4.58000994               8
   4.59001017               8
   4.60001040               8
   4.61001062               8
   4.62001085               8
   4.63001108               8
   4.64001131               8
   4.65001154               8
   4.66001177               8
   4.67001200               8
   4.68001223               8
   4.69001245               8
   4.70001268               8
   4.71001291               8
   4.72001314               8
   4.73001337               8
   4.74001360               8
   4.75001383               8
   4.76001406               8
   4.77001429               8
   4.78001451               8
   4.79001474               8
   4.80001497               8
   4.81001520               8
   4.82001543               8
   4.83001566               8
   4.84001589               8
   4.85001612               8
   4.86001635               8
   4.87001657               8
   4.88001680               8
   4.89001703               8
   4.90001726               8
   4.91001749               8
   4.92001772               8
   4.93001795               8
   4.94001818               8
   4.95001841               8
   4.96001863               8
   4.97001886               8
   4.98001909               8
   4.99001932               8
   5.00001955               8
   5.01001978               8
   5.02002001               8
   5.03002024               8
   5.04002047               8
   5.05002069               8
   5.06002092               8
   5.07002115               8
   5.08002138               8
   5.09002161               8
   5.10002184               8
   5.11002207               8
   5.12002230               8
   5.13002253               8
   5.14002275               8
   5.15002298               8
   5.16002321               8
   5.17002344               8
   5.18002367               8
   5.19002390               8
   5.20002413               8
   5.21002436               8
   5.22002459               8
   5.23002481               8
   5.24002504               8
   5.25002527               8
   5.26002550               8
   5.27002573               8
   5.28002596               7
   5.29002619               7
   5.30002642               7
   5.31002665               7
   5.32002687               7
   5.33002710               7
   5.34002733               7
   5.35002756               7
   5.36002779               7
   5.37002802               7
   5.38002825               7
   5.39002848               7
   5.40002871               7
   5.41002893               7
   5.42002916               7
   5.43002939               7
   5.44002962               7
   5.45002985               7
   5.46003008               7
   5.47003031               7
   5.48003054               7
   5.49003077               6
   5.50003099               6
   5.51003122               6
   5.52003145               6
   5.53003168               6
   5.54003191               6
   5.55003214               5
   5.56003237               5
   5.57003260               5
   5.58003283               5
   5.59003305               5
   5.60003328               5
   5.61003351               5
   5.62003374               5
   5.63003397               5
   5.64003420               5
   5.65003443               5
   5.66003466               5
   5.67003489               5
   5.68003511               5
   5.69003534               5
   5.70003557               5
   5.71003580               5
   5.72003603               5
   5.73003626               5
   5.74003649               5
   5.75003672               5
   5.76003695               5
   5.77003717               5
   5.78003740               5
   5.79003763               5
   5.80003786               5
   5.81003809               5
   5.82003832               5
   5.83003855               5
   5.84003878               5
   5.85003901               5
   5.86003923               5
   5.87003946               5
   5.88003969               5
   5.89003992               5
   5.90004015               5
   5.91004038               5
   5.92004061               5
   5.93004084               5
   5.94004107               4
   5.95004129               4
   5.96004152               4
   5.97004175               4
   5.98004198               4
   5.99004221               4
   6.00004244               4
   6.01004267               4
   6.02004290               4
   6.03004313               3
   6.04004335               3
   6.05004358               3
   6.06004381               3
   6.07004404               3
   6.08004427               3
   6.09004450               3
   6.10004473               3
   6.11004496               3
   6.12004519               3
   6.13004541               3
   6.14004564               3
   6.15004587               3
   6.16004610               3
   6.17004633               3
   6.18004656               3
   6.19004679               3
   6.20004702               3
   6.21004725               3
   6.22004747               3
   6.23004770               3
   6.24004793               3
   6.25004816               3
   6.26004839               3
   6.27004862               3
   6.28004885               3
   6.29004908               3
   6.30004930               3
   6.31004953               3
   6.32004976               3
   6.33004999               3
   6.34005022               3
   6.35005045               3
   6.36005068               3
   6.37005091               3
   6.38005114               3
   6.39005136               3
   6.40005159               3
   6.41005182               3
   6.42005205               3
   6.43005228               3
   6.44005251               3
   6.45005274               3
   6.46005297               3
   6.47005320               3
   6.48005342               3
   6.49005365               3
   6.50005388               3
   6.51005411               3
   6.52005434               3
   6.53005457               3
   6.54005480               3
   6.55005503               3
   6.56005526               3
   6.57005548               3
   6.58005571               3
   6.59005594               3
   6.60005617               3
   6.61005640               3
   6.62005663               3
   6.63005686               3
   6.64005709               3
   6.65005732               3
   6.66005754               3
   6.67005777               3
   6.68005800               3
   6.69005823               3
   6.70005846               3
   6.71005869               3
   6.72005892               3
   6.73005915               3
   6.74005938               3
   6.75005960               3
   6.76005983               3
   6.77006006               3
   6.78006029               3
   6.79006052               3
   6.80006075               3
   6.81006098               3
   6.82006121               3
   6.83006144               3
   6.84006166               3
   6.85006189               3
   6.86006212               3
   6.87006235               3
   6.88006258               3
   6.89006281               3
   6.90006304               3
   6.91006327               3
   6.92006350               3
   6.93006372               3
   6.94006395               3
   6.95006418               3
   6.96006441               3
   6.97006464               3
   6.98006487               3
   6.99006510               3
   7.00006533               3
   7.01006556               3
   7.02006578               3
   7.03006601               3
   7.04006624               3
   7.05006647               3
   7.06006670               3
   7.07006693               3
   7.08006716               3
   7.09006739               3
   7.10006762               3
   7.11006784               3
   7.12006807               3
   7.13006830               3
   7.14006853               3
   7.15006876               3
   7.16006899               3
   7.17006922               3
   7.18006945               3
   7.19006968               3
   7.20006990               3
   7.21007013               3
   7.22007036               3
   7.23007059               3
   7.24007082               3
   7.25007105               3
   7.26007128               3
   7.27007151               3
   7.28007174               3
   7.29007196               3
   7.30007219               3
   7.31007242               3
   7.32007265               3
   7.33007288               3
   7.34007311               3
   7.35007334               3
   7.36007357               3
   7.37007380               3
   7.38007402               3
   7.39007425               3
   7.40007448               3
   7.41007471               2
   7.42007494               2
   7.43007517               2
   7.44007540               2
   7.45007563               2
   7.46007586               2
   7.47007608               2
   7.48007631               2
   7.49007654               2
   7.50007677               2
   7.51007700               2
   7.52007723               2
   7.53007746               2
   7.54007769               2
   7.55007792               2
   7.56007814               2
   7.57007837               2
   7.58007860               2
   7.59007883               2
   7.60007906               2
   7.61007929               2
   7.62007952               2
   7.63007975               2
   7.64007998               2
   7.65008020               2
   7.66008043               2
   7.67008066               2
   7.68008089               2
   7.69008112               2
   7.70008135               2
   7.71008158               2
   7.72008181               2
   7.73008204               2
   7.74008226               2
   7.75008249               2
   7.76008272               2
   7.77008295               2
   7.78008318               2
   7.79008341               2
   7.80008364               2
   7.81008387               2
   7.82008410               2
   7.83008432               2
   7.84008455               2
   7.85008478               2
   7.86008501               2
   7.87008524               2
   7.88008547               2
   7.89008570               2
   7.90008593               2
   7.91008615               2
   7.92008638               2
   7.93008661               2
   7.94008684               2
   7.95008707               2
   7.96008730               2
   7.97008753               2
   7.98008776               2
   7.99008799               2
   8.00008774               2
