   0.00000000             989
   9.99999978E-03         977
   1.99999996E-02         963
   2.99999993E-02         952
   3.99999991E-02         941
   4.99999970E-02         935
   5.99999949E-02         922
   6.99999928E-02         911
   7.99999908E-02         898
   8.99999887E-02         888
   9.99999866E-02         881
  0.109999985             867
  0.119999982             860
  0.129999980             850
  0.139999986             843
  0.149999991             837
  0.159999996             831
  0.170000002             826
  0.180000007             814
  0.190000013             806
  0.200000018             793
  0.210000023             784
  0.220000029             776
  0.230000034             774
  0.240000039             770
  0.250000030             761
  0.260000020             749
  0.270000011             743
  0.280000001             736
  0.289999992             729
  0.299999982             719
  0.309999973             711
  0.319999963             707
  0.329999954             701
  0.339999944             689
  0.349999934             684
  0.359999925             681
  0.369999915             672
  0.379999906             669
  0.389999896             665
  0.399999887             662
  0.409999877             654
  0.419999868             645
  0.429999858             641
  0.439999849             635
  0.449999839             629
  0.459999830             621
  0.469999820             612
  0.479999810             605
  0.489999801             595
  0.499999791             587
  0.509999812             580
  0.519999802             576
  0.529999793             570
  0.539999783             566
  0.549999774             557
  0.559999764             555
  0.569999754             547
  0.579999745             545
  0.589999735             541
  0.599999726             535
  0.609999716             528
  0.619999707             522
  0.629999697             517
  0.639999688             512
  0.649999678             505
  0.659999669             502
  0.669999659             496
  0.679999650             491
  0.689999640             488
  0.699999630             484
  0.709999621             481
  0.719999611             473
  0.729999602             468
  0.739999592             467
  0.749999583             462
  0.759999573             458
  0.769999564             454
  0.779999554             446
  0.789999545             439
  0.799999535             436
  0.809999526             433
  0.819999516             431
  0.829999506             426
  0.839999497             423
  0.849999487             421
  0.859999478             416
  0.869999468             414
  0.879999459             413
  0.889999449             413
  0.899999440             411
  0.909999430             407
  0.919999421             401
  0.929999411             399
  0.939999402             395
  0.949999392             388
  0.959999382             381
  0.969999373             376
  0.979999363             374
  0.989999354             374
  0.999999344             369
   1.00999939             363
   1.01999938             358
   1.02999938             351
   1.03999937             348
   1.04999936             342
   1.05999935             340
   1.06999934             333
   1.07999933             327
   1.08999932             322
   1.09999931             317
   1.10999930             315
   1.11999929             312
   1.12999928             310
   1.13999927             307
   1.14999926             302
   1.15999925             297
   1.16999924             295
   1.17999923             292
   1.18999922             289
   1.19999921             286
   1.20999920             284
   1.21999919             280
   1.22999918             279
   1.23999918             276
   1.24999917             276
   1.25999916             274
   1.26999915             271
   1.27999914             270
   1.28999913             262
   1.29999912             257
   1.30999911             256
   1.31999910             254
   1.32999909             251
   1.33999908             249
   1.34999907             243
   1.35999906             240
   1.36999905             239
   1.37999904             235
   1.38999903             234
   1.39999902             232
   1.40999901             232
   1.41999900             230
   1.42999899             228
   1.43999898             226
   1.44999897             226
   1.45999897             223
   1.46999896             221
   1.47999895             221
   1.48999894             221
   1.49999893             218
   1.50999892             216
   1.51999891             214
   1.52999890             212
   1.53999889             212
   1.54999888             211
   1.55999887             211
   1.56999886             208
   1.57999885             207
   1.58999884             202
   1.59999883             198
   1.60999882             196
   1.61999881             195
   1.62999880             192
   1.63999879             187
   1.64999878             187
   1.65999877             186
   1.66999876             183
   1.67999876             183
   1.68999875             181
   1.69999874             180
   1.70999873             178
   1.71999872             176
   1.72999871             175
   1.73999870             173
   1.74999869             172
   1.75999868             169
   1.76999867             164
   1.77999866             162
   1.78999865             160
   1.79999864             159
   1.80999863             158
   1.81999862             158
   1.82999861             157
   1.83999860             155
   1.84999859             154
   1.85999858             153
   1.86999857             150
   1.87999856             147
   1.88999856             143
   1.89999855             141
   1.90999854             139
   1.91999853             137
   1.92999852             136
   1.93999851             136
   1.94999850             135
   1.95999849             132
   1.96999848             132
   1.97999847             132
   1.98999846             130
   1.99999845             129
   2.00999856             128
   2.01999855             127
   2.02999854             126
   2.03999853             125
   2.04999852             123
   2.05999851             121
   2.06999850             121
   2.07999849             118
   2.08999848             118
   2.09999847             118
   2.10999846             115
   2.11999846             114
   2.12999845             113
   2.13999844             113
   2.14999843             111
   2.15999842             111
   2.16999841             110
   2.17999840             110
   2.18999839             109
   2.19999838             108
   2.20999837             108
   2.21999836             108
   2.22999835             106
   2.23999834             104
   2.24999833             102
   2.25999832             102
   2.26999831             100
   2.27999830              98
   2.28999829              98
   2.29999828              96
   2.30999827              96
   2.31999826              93
   2.32999825              92
   2.33999825              89
   2.34999824              89
   2.35999823              89
   2.36999822              89
   2.37999821              88
   2.38999820              88
   2.39999819              88
   2.40999818              87
   2.41999817              85
   2.42999816              84
   2.43999815              82
   2.44999814              82
   2.45999813              81
   2.46999812              80
   2.47999811              79
   2.48999810              78
   2.49999809              78
   2.50999808              78
   2.51999807              77
   2.52999806              77
   2.53999805              77
   2.54999804              75
   2.55999804              72
   2.56999803              72
   2.57999802              70
   2.58999801              70
   2.59999800              70
   2.60999799              69
   2.61999798              68
   2.62999797              66
   2.63999796              66
   2.64999795              65
   2.65999794              64
   2.66999793              64
   2.67999792              62
   2.68999791              62
   2.69999790              59
   2.70999789              57
   2.71999788              57
   2.72999787              54
   2.73999786              54
   2.74999785              54
   2.75999784              54
   2.76999784              54
   2.77999783              54
   2.78999782              54
   2.79999781              54
   2.80999780              52
   2.81999779              52
   2.82999778              52
   2.83999777              51
   2.84999776              51
   2.85999775              51
   2.86999774              51
   2.87999773              51
   2.88999772              50
   2.89999771              50
   2.90999770              50
   2.91999769              49
   2.92999768              49
   2.93999767              49
   2.94999766              49
   2.95999765              49
   2.96999764              49
   2.97999763              49
   2.98999763              48
   2.99999762              48
   3.00999761              48
   3.01999760              47
   3.02999759              46
   3.03999758              46
   3.04999757              45
   3.05999756              45
   3.06999755              45
   3.07999754              45
   3.08999753              45
   3.09999752              44
   3.10999751              43
   3.11999750              42
   3.12999749              42
   3.13999748              42
   3.14999747              41
   3.15999746              41
   3.16999745              41
   3.17999744              40
   3.18999743              39
   3.19999743              39
   3.20999742              38
   3.21999741              38
   3.22999740              38
   3.23999739              38
   3.24999738              37
   3.25999737              36
   3.26999736              36
   3.27999735              36
   3.28999734              36
   3.29999733              36
   3.30999732              35
   3.31999731              34
   3.32999730              33
   3.33999729              33
   3.34999728              33
   3.35999727              33
   3.36999726              33
   3.37999725              33
   3.38999724              33
   3.39999723              33
   3.40999722              33
   3.41999722              33
   3.42999721              33
   3.43999720              33
   3.44999719              31
   3.45999718              31
   3.46999717              31
   3.47999716              31
   3.48999715              31
   3.49999714              31
   3.50999713              30
   3.51999712              30
   3.52999711              30
   3.53999710              30
   3.54999709              30
   3.55999708              30
   3.56999707              30
   3.57999706              29
   3.58999705              29
   3.59999704              28
   3.60999703              28
   3.61999702              28
   3.62999701              28
   3.63999701              27
   3.64999700              27
   3.65999699              27
   3.66999698              27
   3.67999697              27
   3.68999696              27
   3.69999695              27
   3.70999694              26
   3.71999693              26
   3.72999692              26
   3.73999691              25
   3.74999690              25
   3.75999689              24
   3.76999688              23
   3.77999687              23
   3.78999686              23
   3.79999685              23
   3.80999684              23
   3.81999683              23
   3.82999682              23
   3.83999681              23
   3.84999681              22
   3.85999680              22
   3.86999679              22
   3.87999678              22
   3.88999677              21
   3.89999676              21
   3.90999675              21
   3.91999674              21
   3.92999673              21
   3.93999672              21
   3.94999671              21
   3.95999670              20
   3.96999669              19
   3.97999668              19
   3.98999667              19
   3.99999666              18
   4.00999689              17
   4.01999712              17
   4.02999735              16
   4.03999758              16
   4.04999781              16
   4.05999804              16
   4.06999826              16
   4.07999849              16
   4.08999872              15
   4.09999895              15
   4.10999918              15
   4.11999941              15
   4.12999964              15
   4.13999987              14
   4.15000010              14
   4.16000032              14
   4.17000055              14
   4.18000078              13
   4.19000101              13
   4.20000124              12
   4.21000147              12
   4.22000170              12
   4.23000193              12
   4.24000216              12
   4.25000238              12
   4.26000261              11
   4.27000284              11
   4.28000307              11
   4.29000330              11
   4.30000353              11
   4.31000376              11
   4.32000399              11
   4.33000422              11
   4.34000444              11
   4.35000467              11
   4.36000490              11
   4.37000513              11
   4.38000536              11
   4.39000559              11
   4.40000582              11
   4.41000605              10
   4.42000628              10
   4.43000650              10
   4.44000673              10
   4.45000696              10
   4.46000719              10
   4.47000742              10
   4.48000765              10
   4.49000788              10
   4.50000811              10
   4.51000834              10
   4.52000856              10
   4.53000879              10
   4.54000902              10
   4.55000925              10
   4.56000948               9
   4.57000971               9
   4.58000994               8
   4.59001017               8
   4.60001040               8
   4.61001062               8
   4.62001085               8
   4.63001108               8
   4.64001131               8
   4.65001154               8
   4.66001177               8
   4.67001200               8
   4.68001223               8
   4.69001245               8
   4.70001268               8
   4.71001291               8
   4.72001314               7
   4.73001337               7
   4.74001360               7
   4.75001383               7
   4.76001406               7
   4.77001429               7
   4.78001451               7
   4.79001474               7
   4.80001497               7
   4.81001520               7
   4.82001543               7
   4.83001566               7
   4.84001589               7
   4.85001612               7
   4.86001635               7
   4.87001657               7
   4.88001680               6
   4.89001703               6
   4.90001726               6
   4.91001749               6
   4.92001772               6
   4.93001795               6
   4.94001818               6
   4.95001841               6
   4.96001863               6
   4.97001886               6
   4.98001909               6
   4.99001932               6
   5.00001955               6
   5.01001978               5
   5.02002001               5
   5.03002024               5
   5.04002047               5
   5.05002069               5
   5.06002092               5
   5.07002115               5
   5.08002138               5
   5.09002161               5
   5.10002184               5
   5.11002207               5
   5.12002230               5
   5.13002253               5
   5.14002275               5
   5.15002298               5
   5.16002321               5
   5.17002344               5
   5.18002367               5
   5.19002390               5
   5.20002413               5
   5.21002436               5
   5.22002459               5
   5.23002481               5
   5.24002504               4
   5.25002527               4
   5.26002550               4
   5.27002573               4
   5.28002596               4
   5.29002619               4
   5.30002642               4
   5.31002665               4
   5.32002687               4
   5.33002710               4
   5.34002733               4
   5.35002756               4
   5.36002779               4
   5.37002802               4
   5.38002825               4
   5.39002848               4
   5.40002871               4
   5.41002893               4
   5.42002916               3
   5.43002939               3
   5.44002962               3
   5.45002985               3
   5.46003008               3
   5.47003031               3
   5.48003054               3
   5.49003077               3
   5.50003099               3
   5.51003122               3
   5.52003145               3
   5.53003168               3
   5.54003191               3
   5.55003214               3
   5.56003237               3
   5.57003260               3
   5.58003283               3
   5.59003305               3
   5.60003328               3
   5.61003351               3
   5.62003374               3
   5.63003397               3
   5.64003420               3
   5.65003443               3
   5.66003466               3
   5.67003489               3
   5.68003511               3
   5.69003534               3
   5.70003557               3
   5.71003580               3
   5.72003603               3
   5.73003626               3
   5.74003649               3
   5.75003672               3
   5.76003695               3
   5.77003717               3
   5.78003740               3
   5.79003763               3
   5.80003786               3
   5.81003809               3
   5.82003832               3
   5.83003855               3
   5.84003878               2
   5.85003901               2
   5.86003923               2
   5.87003946               2
   5.88003969               2
   5.89003992               2
   5.90004015               2
   5.91004038               2
   5.92004061               2
   5.93004084               2
   5.94004107               2
   5.95004129               2
   5.96004152               2
   5.97004175               1
   5.98004198               1
   5.99004221               1
   6.00004244               1
   6.01004267               1
   6.02004290               1
   6.03004313               1
   6.04004335               1
   6.05004358               1
   6.06004381               1
   6.07004404               1
   6.08004427               1
   6.09004450               1
   6.10004473               1
   6.11004496               1
   6.12004519               1
   6.13004541               1
   6.14004564               1
   6.15004587               1
   6.16004610               1
   6.17004633               1
   6.18004656               1
   6.19004679               1
   6.20004702               1
   6.21004725               1
   6.22004747               1
   6.23004770               1
   6.24004793               1
   6.25004816               1
   6.26004839               1
   6.27004862               1
   6.28004885               1
   6.29004908               1
   6.30004930               1
   6.31004953               1
   6.32004976               1
   6.33004999               1
   6.34005022               1
   6.35005045               1
   6.36005068               1
   6.37005091               1
   6.38005114               1
   6.39005136               1
   6.40005159               0
   6.41005182               0
   6.42005205               0
   6.43005228               0
   6.44005251               0
   6.45005274               0
   6.46005297               0
   6.47005320               0
   6.48005342               0
   6.49005365               0
   6.50005388               0
   6.51005411               0
   6.52005434               0
   6.53005457               0
   6.54005480               0
   6.55005503               0
   6.56005526               0
   6.57005548               0
   6.58005571               0
   6.59005594               0
   6.60005617               0
   6.61005640               0
   6.62005663               0
   6.63005686               0
   6.64005709               0
   6.65005732               0
   6.66005754               0
   6.67005777               0
   6.68005800               0
   6.69005823               0
   6.70005846               0
   6.71005869               0
   6.72005892               0
   6.73005915               0
   6.74005938               0
   6.75005960               0
   6.76005983               0
   6.77006006               0
   6.78006029               0
   6.79006052               0
   6.80006075               0
   6.81006098               0
   6.82006121               0
   6.83006144               0
   6.84006166               0
   6.85006189               0
   6.86006212               0
   6.87006235               0
   6.88006258               0
   6.89006281               0
   6.90006304               0
   6.91006327               0
   6.92006350               0
   6.93006372               0
   6.94006395               0
   6.95006418               0
   6.96006441               0
   6.97006464               0
   6.98006487               0
   6.99006510               0
   7.00006533               0
   7.01006556               0
   7.02006578               0
   7.03006601               0
   7.04006624               0
   7.05006647               0
   7.06006670               0
   7.07006693               0
   7.08006716               0
   7.09006739               0
   7.10006762               0
   7.11006784               0
   7.12006807               0
   7.13006830               0
   7.14006853               0
   7.15006876               0
   7.16006899               0
   7.17006922               0
   7.18006945               0
   7.19006968               0
   7.20006990               0
   7.21007013               0
   7.22007036               0
   7.23007059               0
   7.24007082               0
   7.25007105               0
   7.26007128               0
   7.27007151               0
   7.28007174               0
   7.29007196               0
   7.30007219               0
   7.31007242               0
   7.32007265               0
   7.33007288               0
   7.34007311               0
   7.35007334               0
   7.36007357               0
   7.37007380               0
   7.38007402               0
   7.39007425               0
   7.40007448               0
   7.41007471               0
   7.42007494               0
   7.43007517               0
   7.44007540               0
   7.45007563               0
   7.46007586               0
   7.47007608               0
   7.48007631               0
   7.49007654               0
   7.50007677               0
   7.51007700               0
   7.52007723               0
   7.53007746               0
   7.54007769               0
   7.55007792               0
   7.56007814               0
   7.57007837               0
   7.58007860               0
   7.59007883               0
   7.60007906               0
   7.61007929               0
   7.62007952               0
   7.63007975               0
   7.64007998               0
   7.65008020               0
   7.66008043               0
   7.67008066               0
   7.68008089               0
   7.69008112               0
   7.70008135               0
   7.71008158               0
   7.72008181               0
   7.73008204               0
   7.74008226               0
   7.75008249               0
   7.76008272               0
   7.77008295               0
   7.78008318               0
   7.79008341               0
   7.80008364               0
   7.81008387               0
   7.82008410               0
   7.83008432               0
   7.84008455               0
   7.85008478               0
   7.86008501               0
   7.87008524               0
   7.88008547               0
   7.89008570               0
   7.90008593               0
   7.91008615               0
   7.92008638               0
   7.93008661               0
   7.94008684               0
   7.95008707               0
   7.96008730               0
   7.97008753               0
   7.98008776               0
   7.99008799               0
   8.00008774               0
