   0.00000000             995
   9.99999978E-03         980
   1.99999996E-02         967
   2.99999993E-02         951
   3.99999991E-02         943
   4.99999970E-02         932
   5.99999949E-02         923
   6.99999928E-02         919
   7.99999908E-02         909
   8.99999887E-02         896
   9.99999866E-02         890
  0.109999985             884
  0.119999982             869
  0.129999980             864
  0.139999986             853
  0.149999991             847
  0.159999996             833
  0.170000002             823
  0.180000007             813
  0.190000013             804
  0.200000018             792
  0.210000023             782
  0.220000029             770
  0.230000034             764
  0.240000039             759
  0.250000030             748
  0.260000020             748
  0.270000011             740
  0.280000001             733
  0.289999992             730
  0.299999982             724
  0.309999973             719
  0.319999963             711
  0.329999954             701
  0.339999944             696
  0.349999934             690
  0.359999925             687
  0.369999915             682
  0.379999906             675
  0.389999896             671
  0.399999887             667
  0.409999877             664
  0.419999868             655
  0.429999858             651
  0.439999849             648
  0.449999839             639
  0.459999830             632
  0.469999820             630
  0.479999810             627
  0.489999801             615
  0.499999791             607
  0.509999812             600
  0.519999802             592
  0.529999793             585
  0.539999783             581
  0.549999774             579
  0.559999764             575
  0.569999754             572
  0.579999745             565
  0.589999735             560
  0.599999726             556
  0.609999716             550
  0.619999707             545
  0.629999697             543
  0.639999688             542
  0.649999678             538
  0.659999669             535
  0.669999659             530
  0.679999650             527
  0.689999640             524
  0.699999630             521
  0.709999621             514
  0.719999611             512
  0.729999602             506
  0.739999592             502
  0.749999583             500
  0.759999573             498
  0.769999564             497
  0.779999554             492
  0.789999545             484
  0.799999535             480
  0.809999526             476
  0.819999516             471
  0.829999506             468
  0.839999497             463
  0.849999487             459
  0.859999478             449
  0.869999468             447
  0.879999459             442
  0.889999449             435
  0.899999440             428
  0.909999430             423
  0.919999421             420
  0.929999411             416
  0.939999402             413
  0.949999392             411
  0.959999382             406
  0.969999373             401
  0.979999363             399
  0.989999354             394
  0.999999344             391
   1.00999939             389
   1.01999938             386
   1.02999938             384
   1.03999937             381
   1.04999936             377
   1.05999935             371
   1.06999934             366
   1.07999933             364
   1.08999932             358
   1.09999931             351
   1.10999930             349
   1.11999929             347
   1.12999928             345
   1.13999927             341
   1.14999926             334
   1.15999925             329
   1.16999924             326
   1.17999923             320
   1.18999922             316
   1.19999921             313
   1.20999920             308
   1.21999919             304
   1.22999918             300
   1.23999918             297
   1.24999917             294
   1.25999916             292
   1.26999915             286
   1.27999914             284
   1.28999913             280
   1.29999912             278
   1.30999911             275
   1.31999910             272
   1.32999909             265
   1.33999908             260
   1.34999907             259
   1.35999906             253
   1.36999905             249
   1.37999904             245
   1.38999903             243
   1.39999902             241
   1.40999901             238
   1.41999900             237
   1.42999899             233
   1.43999898             230
   1.44999897             228
   1.45999897             228
   1.46999896             225
   1.47999895             222
   1.48999894             221
   1.49999893             221
   1.50999892             220
   1.51999891             219
   1.52999890             218
   1.53999889             213
   1.54999888             210
   1.55999887             207
   1.56999886             206
   1.57999885             203
   1.58999884             199
   1.59999883             197
   1.60999882             196
   1.61999881             195
   1.62999880             194
   1.63999879             191
   1.64999878             190
   1.65999877             183
   1.66999876             182
   1.67999876             180
   1.68999875             179
   1.69999874             175
   1.70999873             174
   1.71999872             174
   1.72999871             171
   1.73999870             171
   1.74999869             171
   1.75999868             169
   1.76999867             166
   1.77999866             164
   1.78999865             162
   1.79999864             160
   1.80999863             157
   1.81999862             155
   1.82999861             153
   1.83999860             151
   1.84999859             150
   1.85999858             150
   1.86999857             147
   1.87999856             145
   1.88999856             144
   1.89999855             143
   1.90999854             141
   1.91999853             141
   1.92999852             140
   1.93999851             139
   1.94999850             138
   1.95999849             138
   1.96999848             138
   1.97999847             138
   1.98999846             133
   1.99999845             131
   2.00999856             131
   2.01999855             130
   2.02999854             126
   2.03999853             126
   2.04999852             126
   2.05999851             126
   2.06999850             124
   2.07999849             122
   2.08999848             121
   2.09999847             120
   2.10999846             120
   2.11999846             119
   2.12999845             119
   2.13999844             116
   2.14999843             116
   2.15999842             116
   2.16999841             115
   2.17999840             114
   2.18999839             113
   2.19999838             110
   2.20999837             108
   2.21999836             107
   2.22999835             107
   2.23999834             107
   2.24999833             104
   2.25999832             104
   2.26999831             104
   2.27999830             103
   2.28999829             103
   2.29999828              99
   2.30999827              97
   2.31999826              96
   2.32999825              95
   2.33999825              94
   2.34999824              94
   2.35999823              92
   2.36999822              91
   2.37999821              89
   2.38999820              87
   2.39999819              84
   2.40999818              83
   2.41999817              80
   2.42999816              79
   2.43999815              77
   2.44999814              76
   2.45999813              75
   2.46999812              75
   2.47999811              75
   2.48999810              75
   2.49999809              74
   2.50999808              73
   2.51999807              71
   2.52999806              71
   2.53999805              70
   2.54999804              68
   2.55999804              67
   2.56999803              66
   2.57999802              66
   2.58999801              66
   2.59999800              66
   2.60999799              65
   2.61999798              65
   2.62999797              65
   2.63999796              65
   2.64999795              64
   2.65999794              64
   2.66999793              64
   2.67999792              63
   2.68999791              63
   2.69999790              63
   2.70999789              63
   2.71999788              63
   2.72999787              63
   2.73999786              63
   2.74999785              63
   2.75999784              62
   2.76999784              62
   2.77999783              62
   2.78999782              62
   2.79999781              62
   2.80999780              61
   2.81999779              61
   2.82999778              61
   2.83999777              59
   2.84999776              59
   2.85999775              59
   2.86999774              57
   2.87999773              57
   2.88999772              57
   2.89999771              57
   2.90999770              56
   2.91999769              56
   2.92999768              56
   2.93999767              56
   2.94999766              56
   2.95999765              56
   2.96999764              56
   2.97999763              56
   2.98999763              55
   2.99999762              55
   3.00999761              55
   3.01999760              54
   3.02999759              53
   3.03999758              52
   3.04999757              52
   3.05999756              52
   3.06999755              50
   3.07999754              50
   3.08999753              50
   3.09999752              50
   3.10999751              48
   3.11999750              48
   3.12999749              47
   3.13999748              47
   3.14999747              47
   3.15999746              47
   3.16999745              47
   3.17999744              47
   3.18999743              47
   3.19999743              46
   3.20999742              45
   3.21999741              44
   3.22999740              44
   3.23999739              44
   3.24999738              43
   3.25999737              43
   3.26999736              43
   3.27999735              43
   3.28999734              43
   3.29999733              43
   3.30999732              43
   3.31999731              43
   3.32999730              43
   3.33999729              43
   3.34999728              43
   3.35999727              42
   3.36999726              41
   3.37999725              41
   3.38999724              40
   3.39999723              40
   3.40999722              40
   3.41999722              40
   3.42999721              38
   3.43999720              38
   3.44999719              38
   3.45999718              38
   3.46999717              38
   3.47999716              38
   3.48999715              38
   3.49999714              38
   3.50999713              38
   3.51999712              38
   3.52999711              38
   3.53999710              37
   3.54999709              36
   3.55999708              36
   3.56999707              35
   3.57999706              35
   3.58999705              35
   3.59999704              34
   3.60999703              34
   3.61999702              34
   3.62999701              34
   3.63999701              34
   3.64999700              32
   3.65999699              32
   3.66999698              32
   3.67999697              32
   3.68999696              32
   3.69999695              31
   3.70999694              31
   3.71999693              30
   3.72999692              30
   3.73999691              30
   3.74999690              30
   3.75999689              30
   3.76999688              30
   3.77999687              29
   3.78999686              29
   3.79999685              29
   3.80999684              28
   3.81999683              28
   3.82999682              28
   3.83999681              28
   3.84999681              28
   3.85999680              28
   3.86999679              28
   3.87999678              28
   3.88999677              28
   3.89999676              28
   3.90999675              28
   3.91999674              28
   3.92999673              28
   3.93999672              28
   3.94999671              28
   3.95999670              28
   3.96999669              27
   3.97999668              27
   3.98999667              26
   3.99999666              25
   4.00999689              25
   4.01999712              23
   4.02999735              22
   4.03999758              22
   4.04999781              22
   4.05999804              22
   4.06999826              22
   4.07999849              21
   4.08999872              21
   4.09999895              21
   4.10999918              21
   4.11999941              21
   4.12999964              21
   4.13999987              21
   4.15000010              21
   4.16000032              20
   4.17000055              20
   4.18000078              20
   4.19000101              20
   4.20000124              20
   4.21000147              20
   4.22000170              19
   4.23000193              19
   4.24000216              19
   4.25000238              19
   4.26000261              19
   4.27000284              18
   4.28000307              17
   4.29000330              17
   4.30000353              17
   4.31000376              17
   4.32000399              17
   4.33000422              17
   4.34000444              17
   4.35000467              17
   4.36000490              17
   4.37000513              17
   4.38000536              16
   4.39000559              16
   4.40000582              16
   4.41000605              16
   4.42000628              16
   4.43000650              16
   4.44000673              16
   4.45000696              16
   4.46000719              16
   4.47000742              16
   4.48000765              16
   4.49000788              16
   4.50000811              16
   4.51000834              16
   4.52000856              16
   4.53000879              16
   4.54000902              16
   4.55000925              16
   4.56000948              16
   4.57000971              16
   4.58000994              16
   4.59001017              15
   4.60001040              15
   4.61001062              15
   4.62001085              15
   4.63001108              15
   4.64001131              15
   4.65001154              15
   4.66001177              15
   4.67001200              14
   4.68001223              14
   4.69001245              14
   4.70001268              14
   4.71001291              14
   4.72001314              14
   4.73001337              13
   4.74001360              13
   4.75001383              13
   4.76001406              13
   4.77001429              12
   4.78001451              11
   4.79001474              11
   4.80001497              11
   4.81001520              11
   4.82001543              11
   4.83001566              11
   4.84001589              11
   4.85001612              11
   4.86001635              11
   4.87001657              10
   4.88001680              10
   4.89001703              10
   4.90001726              10
   4.91001749              10
   4.92001772              10
   4.93001795              10
   4.94001818              10
   4.95001841              10
   4.96001863              10
   4.97001886              10
   4.98001909              10
   4.99001932              10
   5.00001955              10
   5.01001978              10
   5.02002001              10
   5.03002024              10
   5.04002047              10
   5.05002069              10
   5.06002092              10
   5.07002115              10
   5.08002138              10
   5.09002161               9
   5.10002184               9
   5.11002207               8
   5.12002230               8
   5.13002253               8
   5.14002275               8
   5.15002298               7
   5.16002321               7
   5.17002344               7
   5.18002367               7
   5.19002390               6
   5.20002413               6
   5.21002436               6
   5.22002459               6
   5.23002481               6
   5.24002504               6
   5.25002527               6
   5.26002550               6
   5.27002573               6
   5.28002596               6
   5.29002619               6
   5.30002642               5
   5.31002665               5
   5.32002687               5
   5.33002710               5
   5.34002733               5
   5.35002756               5
   5.36002779               5
   5.37002802               5
   5.38002825               5
   5.39002848               5
   5.40002871               5
   5.41002893               5
   5.42002916               5
   5.43002939               5
   5.44002962               5
   5.45002985               5
   5.46003008               5
   5.47003031               4
   5.48003054               4
   5.49003077               4
   5.50003099               4
   5.51003122               4
   5.52003145               4
   5.53003168               4
   5.54003191               4
   5.55003214               4
   5.56003237               4
   5.57003260               4
   5.58003283               4
   5.59003305               4
   5.60003328               4
   5.61003351               4
   5.62003374               4
   5.63003397               4
   5.64003420               4
   5.65003443               4
   5.66003466               4
   5.67003489               4
   5.68003511               4
   5.69003534               4
   5.70003557               4
   5.71003580               4
   5.72003603               4
   5.73003626               4
   5.74003649               4
   5.75003672               4
   5.76003695               4
   5.77003717               4
   5.78003740               4
   5.79003763               4
   5.80003786               4
   5.81003809               4
   5.82003832               4
   5.83003855               4
   5.84003878               4
   5.85003901               4
   5.86003923               4
   5.87003946               4
   5.88003969               4
   5.89003992               4
   5.90004015               4
   5.91004038               4
   5.92004061               4
   5.93004084               4
   5.94004107               4
   5.95004129               4
   5.96004152               4
   5.97004175               4
   5.98004198               4
   5.99004221               4
   6.00004244               4
   6.01004267               4
   6.02004290               4
   6.03004313               4
   6.04004335               4
   6.05004358               4
   6.06004381               4
   6.07004404               4
   6.08004427               3
   6.09004450               3
   6.10004473               2
   6.11004496               2
   6.12004519               2
   6.13004541               2
   6.14004564               2
   6.15004587               2
   6.16004610               2
   6.17004633               2
   6.18004656               2
   6.19004679               2
   6.20004702               2
   6.21004725               2
   6.22004747               2
   6.23004770               2
   6.24004793               2
   6.25004816               2
   6.26004839               2
   6.27004862               2
   6.28004885               2
   6.29004908               2
   6.30004930               2
   6.31004953               2
   6.32004976               2
   6.33004999               2
   6.34005022               2
   6.35005045               2
   6.36005068               2
   6.37005091               2
   6.38005114               2
   6.39005136               2
   6.40005159               2
   6.41005182               2
   6.42005205               2
   6.43005228               2
   6.44005251               2
   6.45005274               2
   6.46005297               2
   6.47005320               2
   6.48005342               2
   6.49005365               2
   6.50005388               2
   6.51005411               2
   6.52005434               2
   6.53005457               2
   6.54005480               2
   6.55005503               2
   6.56005526               2
   6.57005548               2
   6.58005571               2
   6.59005594               2
   6.60005617               2
   6.61005640               2
   6.62005663               2
   6.63005686               2
   6.64005709               2
   6.65005732               2
   6.66005754               2
   6.67005777               2
   6.68005800               2
   6.69005823               2
   6.70005846               2
   6.71005869               2
   6.72005892               2
   6.73005915               2
   6.74005938               2
   6.75005960               2
   6.76005983               2
   6.77006006               2
   6.78006029               2
   6.79006052               2
   6.80006075               2
   6.81006098               2
   6.82006121               2
   6.83006144               2
   6.84006166               2
   6.85006189               2
   6.86006212               2
   6.87006235               2
   6.88006258               2
   6.89006281               2
   6.90006304               2
   6.91006327               2
   6.92006350               2
   6.93006372               2
   6.94006395               2
   6.95006418               2
   6.96006441               2
   6.97006464               2
   6.98006487               2
   6.99006510               2
   7.00006533               2
   7.01006556               2
   7.02006578               2
   7.03006601               2
   7.04006624               2
   7.05006647               2
   7.06006670               2
   7.07006693               2
   7.08006716               2
   7.09006739               2
   7.10006762               2
   7.11006784               2
   7.12006807               1
   7.13006830               1
   7.14006853               1
   7.15006876               1
   7.16006899               1
   7.17006922               1
   7.18006945               1
   7.19006968               1
   7.20006990               1
   7.21007013               1
   7.22007036               1
   7.23007059               1
   7.24007082               1
   7.25007105               1
   7.26007128               1
   7.27007151               1
   7.28007174               1
   7.29007196               1
   7.30007219               1
   7.31007242               1
   7.32007265               1
   7.33007288               1
   7.34007311               1
   7.35007334               1
   7.36007357               1
   7.37007380               1
   7.38007402               1
   7.39007425               1
   7.40007448               1
   7.41007471               1
   7.42007494               1
   7.43007517               1
   7.44007540               1
   7.45007563               1
   7.46007586               1
   7.47007608               1
   7.48007631               1
   7.49007654               1
   7.50007677               1
   7.51007700               1
   7.52007723               1
   7.53007746               1
   7.54007769               1
   7.55007792               1
   7.56007814               1
   7.57007837               1
   7.58007860               1
   7.59007883               1
   7.60007906               1
   7.61007929               1
   7.62007952               1
   7.63007975               1
   7.64007998               1
   7.65008020               1
   7.66008043               1
   7.67008066               1
   7.68008089               1
   7.69008112               1
   7.70008135               1
   7.71008158               1
   7.72008181               1
   7.73008204               1
   7.74008226               1
   7.75008249               1
   7.76008272               1
   7.77008295               1
   7.78008318               1
   7.79008341               1
   7.80008364               1
   7.81008387               1
   7.82008410               1
   7.83008432               1
   7.84008455               1
   7.85008478               1
   7.86008501               1
   7.87008524               1
   7.88008547               1
   7.89008570               1
   7.90008593               1
   7.91008615               1
   7.92008638               1
   7.93008661               1
   7.94008684               1
   7.95008707               1
   7.96008730               1
   7.97008753               1
   7.98008776               1
   7.99008799               1
   8.00008774               1
