   0.00000000             990
   9.99999978E-03         975
   1.99999996E-02         964
   2.99999993E-02         954
   3.99999991E-02         943
   4.99999970E-02         936
   5.99999949E-02         926
   6.99999928E-02         913
   7.99999908E-02         909
   8.99999887E-02         899
   9.99999866E-02         891
  0.109999985             882
  0.119999982             874
  0.129999980             866
  0.139999986             858
  0.149999991             845
  0.159999996             837
  0.170000002             834
  0.180000007             823
  0.190000013             811
  0.200000018             807
  0.210000023             796
  0.220000029             794
  0.230000034             781
  0.240000039             767
  0.250000030             756
  0.260000020             749
  0.270000011             742
  0.280000001             734
  0.289999992             724
  0.299999982             718
  0.309999973             712
  0.319999963             709
  0.329999954             698
  0.339999944             691
  0.349999934             682
  0.359999925             667
  0.369999915             661
  0.379999906             652
  0.389999896             645
  0.399999887             641
  0.409999877             631
  0.419999868             625
  0.429999858             620
  0.439999849             611
  0.449999839             605
  0.459999830             601
  0.469999820             593
  0.479999810             586
  0.489999801             581
  0.499999791             577
  0.509999812             568
  0.519999802             562
  0.529999793             558
  0.539999783             554
  0.549999774             550
  0.559999764             547
  0.569999754             541
  0.579999745             540
  0.589999735             535
  0.599999726             530
  0.609999716             525
  0.619999707             524
  0.629999697             521
  0.639999688             514
  0.649999678             509
  0.659999669             501
  0.669999659             496
  0.679999650             490
  0.689999640             486
  0.699999630             481
  0.709999621             474
  0.719999611             471
  0.729999602             467
  0.739999592             462
  0.749999583             456
  0.759999573             454
  0.769999564             449
  0.779999554             444
  0.789999545             439
  0.799999535             430
  0.809999526             427
  0.819999516             423
  0.829999506             417
  0.839999497             412
  0.849999487             410
  0.859999478             405
  0.869999468             403
  0.879999459             401
  0.889999449             398
  0.899999440             397
  0.909999430             393
  0.919999421             390
  0.929999411             386
  0.939999402             383
  0.949999392             379
  0.959999382             377
  0.969999373             374
  0.979999363             370
  0.989999354             368
  0.999999344             360
   1.00999939             356
   1.01999938             353
   1.02999938             350
   1.03999937             349
   1.04999936             345
   1.05999935             344
   1.06999934             343
   1.07999933             338
   1.08999932             336
   1.09999931             334
   1.10999930             331
   1.11999929             326
   1.12999928             322
   1.13999927             317
   1.14999926             314
   1.15999925             308
   1.16999924             306
   1.17999923             303
   1.18999922             295
   1.19999921             292
   1.20999920             289
   1.21999919             285
   1.22999918             284
   1.23999918             279
   1.24999917             277
   1.25999916             272
   1.26999915             267
   1.27999914             262
   1.28999913             259
   1.29999912             257
   1.30999911             255
   1.31999910             253
   1.32999909             250
   1.33999908             245
   1.34999907             242
   1.35999906             239
   1.36999905             233
   1.37999904             229
   1.38999903             219
   1.39999902             219
   1.40999901             216
   1.41999900             214
   1.42999899             213
   1.43999898             209
   1.44999897             207
   1.45999897             206
   1.46999896             202
   1.47999895             201
   1.48999894             197
   1.49999893             197
   1.50999892             195
   1.51999891             195
   1.52999890             192
   1.53999889             191
   1.54999888             190
   1.55999887             186
   1.56999886             184
   1.57999885             181
   1.58999884             180
   1.59999883             178
   1.60999882             177
   1.61999881             176
   1.62999880             173
   1.63999879             168
   1.64999878             165
   1.65999877             164
   1.66999876             163
   1.67999876             163
   1.68999875             163
   1.69999874             163
   1.70999873             162
   1.71999872             161
   1.72999871             158
   1.73999870             158
   1.74999869             155
   1.75999868             153
   1.76999867             151
   1.77999866             147
   1.78999865             145
   1.79999864             144
   1.80999863             144
   1.81999862             143
   1.82999861             142
   1.83999860             142
   1.84999859             140
   1.85999858             138
   1.86999857             138
   1.87999856             136
   1.88999856             134
   1.89999855             133
   1.90999854             132
   1.91999853             131
   1.92999852             130
   1.93999851             130
   1.94999850             128
   1.95999849             126
   1.96999848             126
   1.97999847             122
   1.98999846             120
   1.99999845             120
   2.00999856             118
   2.01999855             115
   2.02999854             114
   2.03999853             112
   2.04999852             112
   2.05999851             109
   2.06999850             107
   2.07999849             106
   2.08999848             105
   2.09999847             104
   2.10999846             102
   2.11999846             102
   2.12999845             102
   2.13999844             100
   2.14999843             100
   2.15999842              98
   2.16999841              98
   2.17999840              98
   2.18999839              98
   2.19999838              97
   2.20999837              96
   2.21999836              95
   2.22999835              93
   2.23999834              93
   2.24999833              93
   2.25999832              93
   2.26999831              91
   2.27999830              89
   2.28999829              89
   2.29999828              86
   2.30999827              86
   2.31999826              86
   2.32999825              85
   2.33999825              85
   2.34999824              84
   2.35999823              83
   2.36999822              82
   2.37999821              82
   2.38999820              82
   2.39999819              81
   2.40999818              81
   2.41999817              81
   2.42999816              80
   2.43999815              79
   2.44999814              78
   2.45999813              78
   2.46999812              75
   2.47999811              74
   2.48999810              74
   2.49999809              74
   2.50999808              72
   2.51999807              70
   2.52999806              70
   2.53999805              69
   2.54999804              67
   2.55999804              66
   2.56999803              65
   2.57999802              65
   2.58999801              65
   2.59999800              65
   2.60999799              65
   2.61999798              65
   2.62999797              65
   2.63999796              65
   2.64999795              64
   2.65999794              64
   2.66999793              64
   2.67999792              64
   2.68999791              62
   2.69999790              62
   2.70999789              60
   2.71999788              59
   2.72999787              59
   2.73999786              59
   2.74999785              59
   2.75999784              59
   2.76999784              58
   2.77999783              58
   2.78999782              57
   2.79999781              57
   2.80999780              55
   2.81999779              53
   2.82999778              53
   2.83999777              53
   2.84999776              52
   2.85999775              52
   2.86999774              52
   2.87999773              51
   2.88999772              51
   2.89999771              51
   2.90999770              49
   2.91999769              49
   2.92999768              49
   2.93999767              49
   2.94999766              49
   2.95999765              49
   2.96999764              49
   2.97999763              49
   2.98999763              48
   2.99999762              48
   3.00999761              47
   3.01999760              44
   3.02999759              41
   3.03999758              41
   3.04999757              41
   3.05999756              41
   3.06999755              40
   3.07999754              40
   3.08999753              39
   3.09999752              39
   3.10999751              39
   3.11999750              39
   3.12999749              39
   3.13999748              37
   3.14999747              37
   3.15999746              37
   3.16999745              37
   3.17999744              37
   3.18999743              36
   3.19999743              36
   3.20999742              35
   3.21999741              34
   3.22999740              31
   3.23999739              31
   3.24999738              31
   3.25999737              31
   3.26999736              31
   3.27999735              31
   3.28999734              30
   3.29999733              30
   3.30999732              27
   3.31999731              25
   3.32999730              25
   3.33999729              25
   3.34999728              24
   3.35999727              22
   3.36999726              22
   3.37999725              22
   3.38999724              22
   3.39999723              22
   3.40999722              22
   3.41999722              21
   3.42999721              21
   3.43999720              20
   3.44999719              20
   3.45999718              20
   3.46999717              19
   3.47999716              19
   3.48999715              19
   3.49999714              19
   3.50999713              19
   3.51999712              19
   3.52999711              19
   3.53999710              19
   3.54999709              19
   3.55999708              18
   3.56999707              18
   3.57999706              18
   3.58999705              18
   3.59999704              18
   3.60999703              18
   3.61999702              18
   3.62999701              18
   3.63999701              18
   3.64999700              18
   3.65999699              18
   3.66999698              18
   3.67999697              18
   3.68999696              18
   3.69999695              18
   3.70999694              18
   3.71999693              18
   3.72999692              18
   3.73999691              18
   3.74999690              18
   3.75999689              18
   3.76999688              18
   3.77999687              17
   3.78999686              16
   3.79999685              14
   3.80999684              13
   3.81999683              12
   3.82999682              12
   3.83999681              11
   3.84999681              11
   3.85999680              11
   3.86999679              11
   3.87999678              11
   3.88999677              11
   3.89999676              11
   3.90999675              11
   3.91999674              11
   3.92999673              11
   3.93999672              11
   3.94999671              11
   3.95999670              11
   3.96999669              11
   3.97999668              11
   3.98999667              11
   3.99999666              11
   4.00999689              11
   4.01999712              11
   4.02999735              11
   4.03999758              11
   4.04999781              11
   4.05999804              10
   4.06999826              10
   4.07999849               9
   4.08999872               9
   4.09999895               9
   4.10999918               8
   4.11999941               8
   4.12999964               8
   4.13999987               8
   4.15000010               8
   4.16000032               8
   4.17000055               8
   4.18000078               8
   4.19000101               8
   4.20000124               8
   4.21000147               8
   4.22000170               8
   4.23000193               8
   4.24000216               8
   4.25000238               8
   4.26000261               8
   4.27000284               8
   4.28000307               8
   4.29000330               8
   4.30000353               8
   4.31000376               8
   4.32000399               8
   4.33000422               8
   4.34000444               8
   4.35000467               8
   4.36000490               8
   4.37000513               7
   4.38000536               7
   4.39000559               7
   4.40000582               7
   4.41000605               7
   4.42000628               7
   4.43000650               7
   4.44000673               7
   4.45000696               7
   4.46000719               7
   4.47000742               7
   4.48000765               7
   4.49000788               7
   4.50000811               7
   4.51000834               7
   4.52000856               7
   4.53000879               7
   4.54000902               7
   4.55000925               7
   4.56000948               7
   4.57000971               7
   4.58000994               7
   4.59001017               7
   4.60001040               7
   4.61001062               7
   4.62001085               7
   4.63001108               7
   4.64001131               7
   4.65001154               6
   4.66001177               6
   4.67001200               6
   4.68001223               6
   4.69001245               6
   4.70001268               6
   4.71001291               6
   4.72001314               6
   4.73001337               6
   4.74001360               6
   4.75001383               6
   4.76001406               6
   4.77001429               6
   4.78001451               6
   4.79001474               6
   4.80001497               6
   4.81001520               6
   4.82001543               6
   4.83001566               6
   4.84001589               6
   4.85001612               6
   4.86001635               6
   4.87001657               6
   4.88001680               4
   4.89001703               3
   4.90001726               3
   4.91001749               3
   4.92001772               3
   4.93001795               3
   4.94001818               3
   4.95001841               3
   4.96001863               3
   4.97001886               3
   4.98001909               3
   4.99001932               3
   5.00001955               3
   5.01001978               3
   5.02002001               3
   5.03002024               3
   5.04002047               3
   5.05002069               3
   5.06002092               3
   5.07002115               3
   5.08002138               3
   5.09002161               3
   5.10002184               3
   5.11002207               3
   5.12002230               3
   5.13002253               3
   5.14002275               3
   5.15002298               3
   5.16002321               3
   5.17002344               3
   5.18002367               3
   5.19002390               3
   5.20002413               3
   5.21002436               3
   5.22002459               3
   5.23002481               3
   5.24002504               3
   5.25002527               3
   5.26002550               3
   5.27002573               3
   5.28002596               3
   5.29002619               3
   5.30002642               3
   5.31002665               3
   5.32002687               3
   5.33002710               3
   5.34002733               3
   5.35002756               3
   5.36002779               3
   5.37002802               3
   5.38002825               3
   5.39002848               2
   5.40002871               2
   5.41002893               2
   5.42002916               2
   5.43002939               2
   5.44002962               2
   5.45002985               2
   5.46003008               2
   5.47003031               2
   5.48003054               2
   5.49003077               2
   5.50003099               2
   5.51003122               2
   5.52003145               2
   5.53003168               2
   5.54003191               2
   5.55003214               2
   5.56003237               2
   5.57003260               2
   5.58003283               2
   5.59003305               2
   5.60003328               2
   5.61003351               2
   5.62003374               2
   5.63003397               2
   5.64003420               2
   5.65003443               2
   5.66003466               2
   5.67003489               2
   5.68003511               2
   5.69003534               2
   5.70003557               2
   5.71003580               2
   5.72003603               2
   5.73003626               2
   5.74003649               2
   5.75003672               2
   5.76003695               2
   5.77003717               2
   5.78003740               2
   5.79003763               2
   5.80003786               2
   5.81003809               2
   5.82003832               2
   5.83003855               2
   5.84003878               2
   5.85003901               2
   5.86003923               2
   5.87003946               2
   5.88003969               2
   5.89003992               2
   5.90004015               2
   5.91004038               2
   5.92004061               2
   5.93004084               2
   5.94004107               2
   5.95004129               2
   5.96004152               2
   5.97004175               2
   5.98004198               2
   5.99004221               2
   6.00004244               2
   6.01004267               2
   6.02004290               2
   6.03004313               2
   6.04004335               2
   6.05004358               2
   6.06004381               2
   6.07004404               2
   6.08004427               2
   6.09004450               2
   6.10004473               2
   6.11004496               2
   6.12004519               2
   6.13004541               2
   6.14004564               2
   6.15004587               2
   6.16004610               2
   6.17004633               2
   6.18004656               2
   6.19004679               2
   6.20004702               2
   6.21004725               2
   6.22004747               2
   6.23004770               2
   6.24004793               2
   6.25004816               2
   6.26004839               2
   6.27004862               2
   6.28004885               2
   6.29004908               2
   6.30004930               2
   6.31004953               1
   6.32004976               1
   6.33004999               1
   6.34005022               1
   6.35005045               1
   6.36005068               1
   6.37005091               1
   6.38005114               1
   6.39005136               1
   6.40005159               1
   6.41005182               1
   6.42005205               1
   6.43005228               1
   6.44005251               1
   6.45005274               1
   6.46005297               1
   6.47005320               1
   6.48005342               1
   6.49005365               1
   6.50005388               1
   6.51005411               1
   6.52005434               1
   6.53005457               1
   6.54005480               1
   6.55005503               1
   6.56005526               1
   6.57005548               1
   6.58005571               1
   6.59005594               1
   6.60005617               1
   6.61005640               1
   6.62005663               1
   6.63005686               1
   6.64005709               1
   6.65005732               1
   6.66005754               1
   6.67005777               1
   6.68005800               1
   6.69005823               1
   6.70005846               1
   6.71005869               1
   6.72005892               1
   6.73005915               1
   6.74005938               1
   6.75005960               1
   6.76005983               1
   6.77006006               1
   6.78006029               1
   6.79006052               1
   6.80006075               1
   6.81006098               1
   6.82006121               1
   6.83006144               1
   6.84006166               1
   6.85006189               1
   6.86006212               1
   6.87006235               1
   6.88006258               1
   6.89006281               1
   6.90006304               1
   6.91006327               1
   6.92006350               1
   6.93006372               1
   6.94006395               1
   6.95006418               1
   6.96006441               1
   6.97006464               1
   6.98006487               1
   6.99006510               1
   7.00006533               1
   7.01006556               1
   7.02006578               1
   7.03006601               1
   7.04006624               1
   7.05006647               1
   7.06006670               1
   7.07006693               1
   7.08006716               1
   7.09006739               1
   7.10006762               1
   7.11006784               1
   7.12006807               1
   7.13006830               1
   7.14006853               1
   7.15006876               1
   7.16006899               1
   7.17006922               1
   7.18006945               1
   7.19006968               1
   7.20006990               1
   7.21007013               1
   7.22007036               1
   7.23007059               1
   7.24007082               1
   7.25007105               1
   7.26007128               1
   7.27007151               1
   7.28007174               1
   7.29007196               1
   7.30007219               1
   7.31007242               1
   7.32007265               1
   7.33007288               1
   7.34007311               1
   7.35007334               1
   7.36007357               1
   7.37007380               1
   7.38007402               1
   7.39007425               1
   7.40007448               1
   7.41007471               1
   7.42007494               1
   7.43007517               1
   7.44007540               1
   7.45007563               1
   7.46007586               1
   7.47007608               1
   7.48007631               1
   7.49007654               1
   7.50007677               1
   7.51007700               1
   7.52007723               1
   7.53007746               1
   7.54007769               1
   7.55007792               1
   7.56007814               1
   7.57007837               1
   7.58007860               1
   7.59007883               1
   7.60007906               1
   7.61007929               1
   7.62007952               1
   7.63007975               1
   7.64007998               1
   7.65008020               1
   7.66008043               1
   7.67008066               1
   7.68008089               1
   7.69008112               1
   7.70008135               1
   7.71008158               1
   7.72008181               1
   7.73008204               1
   7.74008226               1
   7.75008249               1
   7.76008272               1
   7.77008295               1
   7.78008318               1
   7.79008341               1
   7.80008364               1
   7.81008387               1
   7.82008410               1
   7.83008432               1
   7.84008455               1
   7.85008478               1
   7.86008501               1
   7.87008524               1
   7.88008547               1
   7.89008570               1
   7.90008593               1
   7.91008615               1
   7.92008638               1
   7.93008661               1
   7.94008684               1
   7.95008707               1
   7.96008730               1
   7.97008753               1
   7.98008776               1
   7.99008799               1
   8.00008774               1
