   0.00000000             992
   9.99999978E-03         982
   1.99999996E-02         973
   2.99999993E-02         963
   3.99999991E-02         952
   4.99999970E-02         942
   5.99999949E-02         934
   6.99999928E-02         924
   7.99999908E-02         918
   8.99999887E-02         908
   9.99999866E-02         892
  0.109999985             887
  0.119999982             875
  0.129999980             866
  0.139999986             857
  0.149999991             849
  0.159999996             837
  0.170000002             826
  0.180000007             817
  0.190000013             811
  0.200000018             803
  0.210000023             793
  0.220000029             786
  0.230000034             777
  0.240000039             767
  0.250000030             762
  0.260000020             753
  0.270000011             745
  0.280000001             736
  0.289999992             723
  0.299999982             718
  0.309999973             712
  0.319999963             706
  0.329999954             701
  0.339999944             696
  0.349999934             691
  0.359999925             689
  0.369999915             681
  0.379999906             677
  0.389999896             673
  0.399999887             669
  0.409999877             666
  0.419999868             660
  0.429999858             656
  0.439999849             647
  0.449999839             640
  0.459999830             634
  0.469999820             623
  0.479999810             616
  0.489999801             607
  0.499999791             600
  0.509999812             594
  0.519999802             587
  0.529999793             584
  0.539999783             579
  0.549999774             575
  0.559999764             570
  0.569999754             563
  0.579999745             556
  0.589999735             547
  0.599999726             541
  0.609999716             539
  0.619999707             531
  0.629999697             526
  0.639999688             525
  0.649999678             517
  0.659999669             512
  0.669999659             509
  0.679999650             506
  0.689999640             505
  0.699999630             500
  0.709999621             495
  0.719999611             491
  0.729999602             487
  0.739999592             483
  0.749999583             475
  0.759999573             472
  0.769999564             468
  0.779999554             464
  0.789999545             462
  0.799999535             457
  0.809999526             453
  0.819999516             446
  0.829999506             441
  0.839999497             437
  0.849999487             437
  0.859999478             434
  0.869999468             430
  0.879999459             425
  0.889999449             422
  0.899999440             419
  0.909999430             411
  0.919999421             409
  0.929999411             406
  0.939999402             404
  0.949999392             400
  0.959999382             391
  0.969999373             383
  0.979999363             377
  0.989999354             373
  0.999999344             370
   1.00999939             367
   1.01999938             365
   1.02999938             362
   1.03999937             355
   1.04999936             352
   1.05999935             348
   1.06999934             341
   1.07999933             334
   1.08999932             330
   1.09999931             325
   1.10999930             319
   1.11999929             317
   1.12999928             311
   1.13999927             308
   1.14999926             305
   1.15999925             304
   1.16999924             303
   1.17999923             300
   1.18999922             297
   1.19999921             296
   1.20999920             295
   1.21999919             292
   1.22999918             287
   1.23999918             286
   1.24999917             283
   1.25999916             281
   1.26999915             279
   1.27999914             279
   1.28999913             276
   1.29999912             272
   1.30999911             269
   1.31999910             267
   1.32999909             263
   1.33999908             260
   1.34999907             258
   1.35999906             252
   1.36999905             249
   1.37999904             247
   1.38999903             246
   1.39999902             245
   1.40999901             241
   1.41999900             236
   1.42999899             233
   1.43999898             230
   1.44999897             227
   1.45999897             224
   1.46999896             219
   1.47999895             215
   1.48999894             213
   1.49999893             212
   1.50999892             211
   1.51999891             205
   1.52999890             203
   1.53999889             198
   1.54999888             198
   1.55999887             195
   1.56999886             194
   1.57999885             191
   1.58999884             189
   1.59999883             188
   1.60999882             186
   1.61999881             181
   1.62999880             177
   1.63999879             176
   1.64999878             175
   1.65999877             175
   1.66999876             174
   1.67999876             174
   1.68999875             174
   1.69999874             173
   1.70999873             170
   1.71999872             167
   1.72999871             166
   1.73999870             165
   1.74999869             163
   1.75999868             162
   1.76999867             158
   1.77999866             158
   1.78999865             157
   1.79999864             156
   1.80999863             153
   1.81999862             152
   1.82999861             151
   1.83999860             151
   1.84999859             151
   1.85999858             149
   1.86999857             148
   1.87999856             146
   1.88999856             144
   1.89999855             142
   1.90999854             142
   1.91999853             141
   1.92999852             138
   1.93999851             134
   1.94999850             133
   1.95999849             131
   1.96999848             128
   1.97999847             128
   1.98999846             128
   1.99999845             128
   2.00999856             127
   2.01999855             125
   2.02999854             124
   2.03999853             124
   2.04999852             124
   2.05999851             124
   2.06999850             123
   2.07999849             122
   2.08999848             121
   2.09999847             120
   2.10999846             119
   2.11999846             117
   2.12999845             117
   2.13999844             115
   2.14999843             112
   2.15999842             110
   2.16999841             109
   2.17999840             109
   2.18999839             109
   2.19999838             109
   2.20999837             108
   2.21999836             108
   2.22999835             108
   2.23999834             105
   2.24999833             103
   2.25999832             103
   2.26999831             100
   2.27999830              99
   2.28999829              99
   2.29999828              98
   2.30999827              98
   2.31999826              98
   2.32999825              97
   2.33999825              96
   2.34999824              96
   2.35999823              96
   2.36999822              94
   2.37999821              91
   2.38999820              89
   2.39999819              87
   2.40999818              86
   2.41999817              85
   2.42999816              84
   2.43999815              84
   2.44999814              82
   2.45999813              80
   2.46999812              80
   2.47999811              80
   2.48999810              79
   2.49999809              78
   2.50999808              76
   2.51999807              76
   2.52999806              73
   2.53999805              73
   2.54999804              73
   2.55999804              72
   2.56999803              71
   2.57999802              71
   2.58999801              71
   2.59999800              70
   2.60999799              70
   2.61999798              70
   2.62999797              70
   2.63999796              70
   2.64999795              69
   2.65999794              66
   2.66999793              66
   2.67999792              65
   2.68999791              63
   2.69999790              62
   2.70999789              61
   2.71999788              60
   2.72999787              60
   2.73999786              60
   2.74999785              58
   2.75999784              57
   2.76999784              56
   2.77999783              56
   2.78999782              55
   2.79999781              54
   2.80999780              52
   2.81999779              51
   2.82999778              51
   2.83999777              51
   2.84999776              51
   2.85999775              51
   2.86999774              50
   2.87999773              47
   2.88999772              45
   2.89999771              45
   2.90999770              45
   2.91999769              45
   2.92999768              45
   2.93999767              45
   2.94999766              44
   2.95999765              44
   2.96999764              43
   2.97999763              43
   2.98999763              42
   2.99999762              41
   3.00999761              41
   3.01999760              41
   3.02999759              41
   3.03999758              40
   3.04999757              37
   3.05999756              37
   3.06999755              37
   3.07999754              36
   3.08999753              36
   3.09999752              35
   3.10999751              35
   3.11999750              34
   3.12999749              33
   3.13999748              32
   3.14999747              32
   3.15999746              31
   3.16999745              31
   3.17999744              30
   3.18999743              30
   3.19999743              30
   3.20999742              30
   3.21999741              29
   3.22999740              28
   3.23999739              28
   3.24999738              28
   3.25999737              28
   3.26999736              26
   3.27999735              26
   3.28999734              26
   3.29999733              26
   3.30999732              26
   3.31999731              26
   3.32999730              26
   3.33999729              26
   3.34999728              26
   3.35999727              26
   3.36999726              26
   3.37999725              26
   3.38999724              26
   3.39999723              26
   3.40999722              26
   3.41999722              26
   3.42999721              26
   3.43999720              25
   3.44999719              25
   3.45999718              25
   3.46999717              24
   3.47999716              23
   3.48999715              23
   3.49999714              23
   3.50999713              23
   3.51999712              22
   3.52999711              22
   3.53999710              22
   3.54999709              22
   3.55999708              22
   3.56999707              22
   3.57999706              22
   3.58999705              22
   3.59999704              22
   3.60999703              22
   3.61999702              22
   3.62999701              22
   3.63999701              21
   3.64999700              21
   3.65999699              19
   3.66999698              19
   3.67999697              19
   3.68999696              19
   3.69999695              19
   3.70999694              19
   3.71999693              19
   3.72999692              18
   3.73999691              18
   3.74999690              18
   3.75999689              18
   3.76999688              17
   3.77999687              17
   3.78999686              17
   3.79999685              17
   3.80999684              17
   3.81999683              17
   3.82999682              17
   3.83999681              17
   3.84999681              17
   3.85999680              17
   3.86999679              17
   3.87999678              17
   3.88999677              16
   3.89999676              15
   3.90999675              15
   3.91999674              15
   3.92999673              15
   3.93999672              14
   3.94999671              14
   3.95999670              14
   3.96999669              13
   3.97999668              13
   3.98999667              13
   3.99999666              13
   4.00999689              13
   4.01999712              12
   4.02999735              12
   4.03999758              12
   4.04999781              11
   4.05999804              10
   4.06999826              10
   4.07999849              10
   4.08999872              10
   4.09999895               8
   4.10999918               8
   4.11999941               8
   4.12999964               8
   4.13999987               7
   4.15000010               7
   4.16000032               7
   4.17000055               7
   4.18000078               7
   4.19000101               7
   4.20000124               7
   4.21000147               6
   4.22000170               6
   4.23000193               6
   4.24000216               6
   4.25000238               6
   4.26000261               6
   4.27000284               6
   4.28000307               6
   4.29000330               6
   4.30000353               6
   4.31000376               6
   4.32000399               6
   4.33000422               6
   4.34000444               6
   4.35000467               6
   4.36000490               6
   4.37000513               6
   4.38000536               6
   4.39000559               6
   4.40000582               6
   4.41000605               6
   4.42000628               6
   4.43000650               6
   4.44000673               6
   4.45000696               6
   4.46000719               6
   4.47000742               6
   4.48000765               6
   4.49000788               6
   4.50000811               6
   4.51000834               6
   4.52000856               6
   4.53000879               6
   4.54000902               6
   4.55000925               6
   4.56000948               6
   4.57000971               6
   4.58000994               5
   4.59001017               5
   4.60001040               5
   4.61001062               5
   4.62001085               5
   4.63001108               5
   4.64001131               5
   4.65001154               5
   4.66001177               5
   4.67001200               5
   4.68001223               5
   4.69001245               5
   4.70001268               5
   4.71001291               5
   4.72001314               5
   4.73001337               5
   4.74001360               5
   4.75001383               5
   4.76001406               5
   4.77001429               5
   4.78001451               5
   4.79001474               5
   4.80001497               5
   4.81001520               5
   4.82001543               5
   4.83001566               5
   4.84001589               5
   4.85001612               5
   4.86001635               5
   4.87001657               5
   4.88001680               5
   4.89001703               5
   4.90001726               5
   4.91001749               5
   4.92001772               5
   4.93001795               5
   4.94001818               5
   4.95001841               5
   4.96001863               5
   4.97001886               5
   4.98001909               5
   4.99001932               4
   5.00001955               4
   5.01001978               4
   5.02002001               4
   5.03002024               3
   5.04002047               3
   5.05002069               3
   5.06002092               3
   5.07002115               3
   5.08002138               3
   5.09002161               3
   5.10002184               3
   5.11002207               3
   5.12002230               3
   5.13002253               3
   5.14002275               3
   5.15002298               3
   5.16002321               3
   5.17002344               3
   5.18002367               3
   5.19002390               3
   5.20002413               3
   5.21002436               3
   5.22002459               3
   5.23002481               3
   5.24002504               3
   5.25002527               3
   5.26002550               3
   5.27002573               2
   5.28002596               2
   5.29002619               2
   5.30002642               2
   5.31002665               2
   5.32002687               2
   5.33002710               2
   5.34002733               1
   5.35002756               1
   5.36002779               0
   5.37002802               0
   5.38002825               0
   5.39002848               0
   5.40002871               0
   5.41002893               0
   5.42002916               0
   5.43002939               0
   5.44002962               0
   5.45002985               0
   5.46003008               0
   5.47003031               0
   5.48003054               0
   5.49003077               0
   5.50003099               0
   5.51003122               0
   5.52003145               0
   5.53003168               0
   5.54003191               0
   5.55003214               0
   5.56003237               0
   5.57003260               0
   5.58003283               0
   5.59003305               0
   5.60003328               0
   5.61003351               0
   5.62003374               0
   5.63003397               0
   5.64003420               0
   5.65003443               0
   5.66003466               0
   5.67003489               0
   5.68003511               0
   5.69003534               0
   5.70003557               0
   5.71003580               0
   5.72003603               0
   5.73003626               0
   5.74003649               0
   5.75003672               0
   5.76003695               0
   5.77003717               0
   5.78003740               0
   5.79003763               0
   5.80003786               0
   5.81003809               0
   5.82003832               0
   5.83003855               0
   5.84003878               0
   5.85003901               0
   5.86003923               0
   5.87003946               0
   5.88003969               0
   5.89003992               0
   5.90004015               0
   5.91004038               0
   5.92004061               0
   5.93004084               0
   5.94004107               0
   5.95004129               0
   5.96004152               0
   5.97004175               0
   5.98004198               0
   5.99004221               0
   6.00004244               0
   6.01004267               0
   6.02004290               0
   6.03004313               0
   6.04004335               0
   6.05004358               0
   6.06004381               0
   6.07004404               0
   6.08004427               0
   6.09004450               0
   6.10004473               0
   6.11004496               0
   6.12004519               0
   6.13004541               0
   6.14004564               0
   6.15004587               0
   6.16004610               0
   6.17004633               0
   6.18004656               0
   6.19004679               0
   6.20004702               0
   6.21004725               0
   6.22004747               0
   6.23004770               0
   6.24004793               0
   6.25004816               0
   6.26004839               0
   6.27004862               0
   6.28004885               0
   6.29004908               0
   6.30004930               0
   6.31004953               0
   6.32004976               0
   6.33004999               0
   6.34005022               0
   6.35005045               0
   6.36005068               0
   6.37005091               0
   6.38005114               0
   6.39005136               0
   6.40005159               0
   6.41005182               0
   6.42005205               0
   6.43005228               0
   6.44005251               0
   6.45005274               0
   6.46005297               0
   6.47005320               0
   6.48005342               0
   6.49005365               0
   6.50005388               0
   6.51005411               0
   6.52005434               0
   6.53005457               0
   6.54005480               0
   6.55005503               0
   6.56005526               0
   6.57005548               0
   6.58005571               0
   6.59005594               0
   6.60005617               0
   6.61005640               0
   6.62005663               0
   6.63005686               0
   6.64005709               0
   6.65005732               0
   6.66005754               0
   6.67005777               0
   6.68005800               0
   6.69005823               0
   6.70005846               0
   6.71005869               0
   6.72005892               0
   6.73005915               0
   6.74005938               0
   6.75005960               0
   6.76005983               0
   6.77006006               0
   6.78006029               0
   6.79006052               0
   6.80006075               0
   6.81006098               0
   6.82006121               0
   6.83006144               0
   6.84006166               0
   6.85006189               0
   6.86006212               0
   6.87006235               0
   6.88006258               0
   6.89006281               0
   6.90006304               0
   6.91006327               0
   6.92006350               0
   6.93006372               0
   6.94006395               0
   6.95006418               0
   6.96006441               0
   6.97006464               0
   6.98006487               0
   6.99006510               0
   7.00006533               0
   7.01006556               0
   7.02006578               0
   7.03006601               0
   7.04006624               0
   7.05006647               0
   7.06006670               0
   7.07006693               0
   7.08006716               0
   7.09006739               0
   7.10006762               0
   7.11006784               0
   7.12006807               0
   7.13006830               0
   7.14006853               0
   7.15006876               0
   7.16006899               0
   7.17006922               0
   7.18006945               0
   7.19006968               0
   7.20006990               0
   7.21007013               0
   7.22007036               0
   7.23007059               0
   7.24007082               0
   7.25007105               0
   7.26007128               0
   7.27007151               0
   7.28007174               0
   7.29007196               0
   7.30007219               0
   7.31007242               0
   7.32007265               0
   7.33007288               0
   7.34007311               0
   7.35007334               0
   7.36007357               0
   7.37007380               0
   7.38007402               0
   7.39007425               0
   7.40007448               0
   7.41007471               0
   7.42007494               0
   7.43007517               0
   7.44007540               0
   7.45007563               0
   7.46007586               0
   7.47007608               0
   7.48007631               0
   7.49007654               0
   7.50007677               0
   7.51007700               0
   7.52007723               0
   7.53007746               0
   7.54007769               0
   7.55007792               0
   7.56007814               0
   7.57007837               0
   7.58007860               0
   7.59007883               0
   7.60007906               0
   7.61007929               0
   7.62007952               0
   7.63007975               0
   7.64007998               0
   7.65008020               0
   7.66008043               0
   7.67008066               0
   7.68008089               0
   7.69008112               0
   7.70008135               0
   7.71008158               0
   7.72008181               0
   7.73008204               0
   7.74008226               0
   7.75008249               0
   7.76008272               0
   7.77008295               0
   7.78008318               0
   7.79008341               0
   7.80008364               0
   7.81008387               0
   7.82008410               0
   7.83008432               0
   7.84008455               0
   7.85008478               0
   7.86008501               0
   7.87008524               0
   7.88008547               0
   7.89008570               0
   7.90008593               0
   7.91008615               0
   7.92008638               0
   7.93008661               0
   7.94008684               0
   7.95008707               0
   7.96008730               0
   7.97008753               0
   7.98008776               0
   7.99008799               0
   8.00008774               0
