   0.00000000             993
   9.99999978E-03         987
   1.99999996E-02         974
   2.99999993E-02         963
   3.99999991E-02         954
   4.99999970E-02         948
   5.99999949E-02         938
   6.99999928E-02         931
   7.99999908E-02         923
   8.99999887E-02         908
   9.99999866E-02         900
  0.109999985             893
  0.119999982             889
  0.129999980             882
  0.139999986             865
  0.149999991             855
  0.159999996             845
  0.170000002             836
  0.180000007             833
  0.190000013             820
  0.200000018             812
  0.210000023             808
  0.220000029             795
  0.230000034             788
  0.240000039             781
  0.250000030             775
  0.260000020             768
  0.270000011             754
  0.280000001             746
  0.289999992             735
  0.299999982             730
  0.309999973             726
  0.319999963             720
  0.329999954             712
  0.339999944             707
  0.349999934             701
  0.359999925             695
  0.369999915             687
  0.379999906             673
  0.389999896             667
  0.399999887             662
  0.409999877             649
  0.419999868             647
  0.429999858             638
  0.439999849             634
  0.449999839             626
  0.459999830             619
  0.469999820             612
  0.479999810             606
  0.489999801             600
  0.499999791             592
  0.509999812             587
  0.519999802             579
  0.529999793             576
  0.539999783             572
  0.549999774             564
  0.559999764             558
  0.569999754             557
  0.579999745             552
  0.589999735             544
  0.599999726             538
  0.609999716             534
  0.619999707             524
  0.629999697             519
  0.639999688             515
  0.649999678             509
  0.659999669             505
  0.669999659             498
  0.679999650             493
  0.689999640             490
  0.699999630             488
  0.709999621             479
  0.719999611             473
  0.729999602             468
  0.739999592             463
  0.749999583             460
  0.759999573             453
  0.769999564             447
  0.779999554             441
  0.789999545             439
  0.799999535             437
  0.809999526             430
  0.819999516             426
  0.829999506             419
  0.839999497             415
  0.849999487             409
  0.859999478             406
  0.869999468             402
  0.879999459             398
  0.889999449             389
  0.899999440             383
  0.909999430             377
  0.919999421             372
  0.929999411             370
  0.939999402             367
  0.949999392             361
  0.959999382             356
  0.969999373             356
  0.979999363             353
  0.989999354             349
  0.999999344             346
   1.00999939             342
   1.01999938             339
   1.02999938             337
   1.03999937             336
   1.04999936             332
   1.05999935             329
   1.06999934             328
   1.07999933             326
   1.08999932             322
   1.09999931             320
   1.10999930             318
   1.11999929             314
   1.12999928             309
   1.13999927             308
   1.14999926             304
   1.15999925             301
   1.16999924             300
   1.17999923             296
   1.18999922             295
   1.19999921             291
   1.20999920             287
   1.21999919             284
   1.22999918             281
   1.23999918             276
   1.24999917             276
   1.25999916             270
   1.26999915             269
   1.27999914             267
   1.28999913             263
   1.29999912             262
   1.30999911             261
   1.31999910             260
   1.32999909             260
   1.33999908             258
   1.34999907             254
   1.35999906             253
   1.36999905             252
   1.37999904             250
   1.38999903             247
   1.39999902             245
   1.40999901             243
   1.41999900             239
   1.42999899             233
   1.43999898             232
   1.44999897             232
   1.45999897             231
   1.46999896             227
   1.47999895             225
   1.48999894             219
   1.49999893             215
   1.50999892             207
   1.51999891             204
   1.52999890             201
   1.53999889             201
   1.54999888             200
   1.55999887             198
   1.56999886             197
   1.57999885             197
   1.58999884             195
   1.59999883             195
   1.60999882             194
   1.61999881             190
   1.62999880             189
   1.63999879             186
   1.64999878             182
   1.65999877             181
   1.66999876             178
   1.67999876             175
   1.68999875             175
   1.69999874             175
   1.70999873             174
   1.71999872             173
   1.72999871             172
   1.73999870             171
   1.74999869             169
   1.75999868             168
   1.76999867             168
   1.77999866             168
   1.78999865             166
   1.79999864             165
   1.80999863             163
   1.81999862             160
   1.82999861             157
   1.83999860             157
   1.84999859             153
   1.85999858             153
   1.86999857             148
   1.87999856             147
   1.88999856             147
   1.89999855             145
   1.90999854             144
   1.91999853             141
   1.92999852             139
   1.93999851             139
   1.94999850             139
   1.95999849             134
   1.96999848             134
   1.97999847             134
   1.98999846             133
   1.99999845             133
   2.00999856             133
   2.01999855             133
   2.02999854             133
   2.03999853             132
   2.04999852             131
   2.05999851             130
   2.06999850             129
   2.07999849             129
   2.08999848             128
   2.09999847             127
   2.10999846             125
   2.11999846             125
   2.12999845             124
   2.13999844             122
   2.14999843             121
   2.15999842             120
   2.16999841             118
   2.17999840             116
   2.18999839             115
   2.19999838             115
   2.20999837             114
   2.21999836             112
   2.22999835             112
   2.23999834             111
   2.24999833             110
   2.25999832             110
   2.26999831             110
   2.27999830             110
   2.28999829             109
   2.29999828             108
   2.30999827             107
   2.31999826             107
   2.32999825             107
   2.33999825             105
   2.34999824             103
   2.35999823             102
   2.36999822              98
   2.37999821              98
   2.38999820              97
   2.39999819              96
   2.40999818              96
   2.41999817              95
   2.42999816              95
   2.43999815              95
   2.44999814              94
   2.45999813              92
   2.46999812              90
   2.47999811              88
   2.48999810              88
   2.49999809              87
   2.50999808              87
   2.51999807              87
   2.52999806              85
   2.53999805              83
   2.54999804              83
   2.55999804              82
   2.56999803              80
   2.57999802              80
   2.58999801              78
   2.59999800              78
   2.60999799              78
   2.61999798              78
   2.62999797              78
   2.63999796              77
   2.64999795              76
   2.65999794              75
   2.66999793              75
   2.67999792              75
   2.68999791              74
   2.69999790              74
   2.70999789              73
   2.71999788              72
   2.72999787              72
   2.73999786              72
   2.74999785              71
   2.75999784              71
   2.76999784              70
   2.77999783              69
   2.78999782              68
   2.79999781              68
   2.80999780              68
   2.81999779              67
   2.82999778              67
   2.83999777              67
   2.84999776              67
   2.85999775              66
   2.86999774              64
   2.87999773              62
   2.88999772              61
   2.89999771              60
   2.90999770              59
   2.91999769              59
   2.92999768              59
   2.93999767              56
   2.94999766              55
   2.95999765              54
   2.96999764              53
   2.97999763              53
   2.98999763              52
   2.99999762              52
   3.00999761              51
   3.01999760              51
   3.02999759              51
   3.03999758              51
   3.04999757              51
   3.05999756              51
   3.06999755              50
   3.07999754              50
   3.08999753              50
   3.09999752              50
   3.10999751              49
   3.11999750              49
   3.12999749              49
   3.13999748              49
   3.14999747              49
   3.15999746              49
   3.16999745              48
   3.17999744              48
   3.18999743              48
   3.19999743              47
   3.20999742              47
   3.21999741              45
   3.22999740              45
   3.23999739              45
   3.24999738              44
   3.25999737              44
   3.26999736              44
   3.27999735              44
   3.28999734              44
   3.29999733              43
   3.30999732              43
   3.31999731              42
   3.32999730              42
   3.33999729              41
   3.34999728              40
   3.35999727              40
   3.36999726              40
   3.37999725              40
   3.38999724              40
   3.39999723              40
   3.40999722              40
   3.41999722              38
   3.42999721              37
   3.43999720              35
   3.44999719              35
   3.45999718              35
   3.46999717              35
   3.47999716              34
   3.48999715              34
   3.49999714              34
   3.50999713              34
   3.51999712              34
   3.52999711              34
   3.53999710              33
   3.54999709              32
   3.55999708              30
   3.56999707              29
   3.57999706              28
   3.58999705              28
   3.59999704              28
   3.60999703              28
   3.61999702              27
   3.62999701              25
   3.63999701              24
   3.64999700              24
   3.65999699              24
   3.66999698              23
   3.67999697              23
   3.68999696              23
   3.69999695              23
   3.70999694              23
   3.71999693              23
   3.72999692              23
   3.73999691              23
   3.74999690              22
   3.75999689              22
   3.76999688              21
   3.77999687              21
   3.78999686              21
   3.79999685              21
   3.80999684              21
   3.81999683              20
   3.82999682              20
   3.83999681              20
   3.84999681              20
   3.85999680              20
   3.86999679              20
   3.87999678              20
   3.88999677              20
   3.89999676              18
   3.90999675              18
   3.91999674              18
   3.92999673              18
   3.93999672              18
   3.94999671              18
   3.95999670              18
   3.96999669              18
   3.97999668              18
   3.98999667              18
   3.99999666              18
   4.00999689              18
   4.01999712              18
   4.02999735              18
   4.03999758              18
   4.04999781              18
   4.05999804              18
   4.06999826              18
   4.07999849              18
   4.08999872              18
   4.09999895              18
   4.10999918              18
   4.11999941              18
   4.12999964              18
   4.13999987              18
   4.15000010              18
   4.16000032              18
   4.17000055              18
   4.18000078              18
   4.19000101              18
   4.20000124              18
   4.21000147              18
   4.22000170              18
   4.23000193              18
   4.24000216              18
   4.25000238              18
   4.26000261              17
   4.27000284              17
   4.28000307              17
   4.29000330              16
   4.30000353              16
   4.31000376              16
   4.32000399              15
   4.33000422              15
   4.34000444              15
   4.35000467              14
   4.36000490              14
   4.37000513              14
   4.38000536              14
   4.39000559              14
   4.40000582              14
   4.41000605              14
   4.42000628              14
   4.43000650              14
   4.44000673              14
   4.45000696              13
   4.46000719              13
   4.47000742              13
   4.48000765              13
   4.49000788              13
   4.50000811              13
   4.51000834              13
   4.52000856              13
   4.53000879              13
   4.54000902              13
   4.55000925              13
   4.56000948              13
   4.57000971              13
   4.58000994              13
   4.59001017              13
   4.60001040              13
   4.61001062              13
   4.62001085              13
   4.63001108              13
   4.64001131              13
   4.65001154              13
   4.66001177              13
   4.67001200              13
   4.68001223              13
   4.69001245              13
   4.70001268              12
   4.71001291              12
   4.72001314              12
   4.73001337              12
   4.74001360              12
   4.75001383              12
   4.76001406              12
   4.77001429              12
   4.78001451              12
   4.79001474              12
   4.80001497              12
   4.81001520              12
   4.82001543              12
   4.83001566              12
   4.84001589              12
   4.85001612              12
   4.86001635              12
   4.87001657              12
   4.88001680              12
   4.89001703              12
   4.90001726              12
   4.91001749              12
   4.92001772              12
   4.93001795              12
   4.94001818              12
   4.95001841              11
   4.96001863              11
   4.97001886              11
   4.98001909              11
   4.99001932              10
   5.00001955              10
   5.01001978              10
   5.02002001              10
   5.03002024               9
   5.04002047               9
   5.05002069               9
   5.06002092               9
   5.07002115               9
   5.08002138               9
   5.09002161               9
   5.10002184               9
   5.11002207               9
   5.12002230               9
   5.13002253               9
   5.14002275               9
   5.15002298               9
   5.16002321               9
   5.17002344               9
   5.18002367               9
   5.19002390               9
   5.20002413               9
   5.21002436               8
   5.22002459               8
   5.23002481               8
   5.24002504               8
   5.25002527               8
   5.26002550               8
   5.27002573               8
   5.28002596               8
   5.29002619               8
   5.30002642               8
   5.31002665               8
   5.32002687               8
   5.33002710               8
   5.34002733               8
   5.35002756               8
   5.36002779               8
   5.37002802               8
   5.38002825               8
   5.39002848               8
   5.40002871               8
   5.41002893               8
   5.42002916               8
   5.43002939               8
   5.44002962               8
   5.45002985               8
   5.46003008               8
   5.47003031               8
   5.48003054               8
   5.49003077               8
   5.50003099               8
   5.51003122               8
   5.52003145               8
   5.53003168               8
   5.54003191               8
   5.55003214               8
   5.56003237               8
   5.57003260               8
   5.58003283               8
   5.59003305               8
   5.60003328               8
   5.61003351               8
   5.62003374               8
   5.63003397               8
   5.64003420               8
   5.65003443               8
   5.66003466               8
   5.67003489               8
   5.68003511               8
   5.69003534               8
   5.70003557               8
   5.71003580               8
   5.72003603               8
   5.73003626               8
   5.74003649               8
   5.75003672               8
   5.76003695               8
   5.77003717               8
   5.78003740               8
   5.79003763               8
   5.80003786               8
   5.81003809               8
   5.82003832               8
   5.83003855               8
   5.84003878               8
   5.85003901               8
   5.86003923               8
   5.87003946               8
   5.88003969               8
   5.89003992               8
   5.90004015               8
   5.91004038               8
   5.92004061               7
   5.93004084               7
   5.94004107               7
   5.95004129               6
   5.96004152               6
   5.97004175               6
   5.98004198               6
   5.99004221               6
   6.00004244               6
   6.01004267               6
   6.02004290               6
   6.03004313               6
   6.04004335               6
   6.05004358               6
   6.06004381               6
   6.07004404               6
   6.08004427               6
   6.09004450               5
   6.10004473               5
   6.11004496               4
   6.12004519               4
   6.13004541               4
   6.14004564               4
   6.15004587               3
   6.16004610               3
   6.17004633               3
   6.18004656               3
   6.19004679               3
   6.20004702               3
   6.21004725               3
   6.22004747               3
   6.23004770               3
   6.24004793               3
   6.25004816               3
   6.26004839               3
   6.27004862               3
   6.28004885               3
   6.29004908               3
   6.30004930               3
   6.31004953               3
   6.32004976               3
   6.33004999               3
   6.34005022               3
   6.35005045               3
   6.36005068               3
   6.37005091               3
   6.38005114               3
   6.39005136               3
   6.40005159               3
   6.41005182               3
   6.42005205               3
   6.43005228               3
   6.44005251               3
   6.45005274               3
   6.46005297               3
   6.47005320               3
   6.48005342               3
   6.49005365               3
   6.50005388               3
   6.51005411               3
   6.52005434               3
   6.53005457               3
   6.54005480               3
   6.55005503               3
   6.56005526               3
   6.57005548               3
   6.58005571               3
   6.59005594               3
   6.60005617               3
   6.61005640               3
   6.62005663               3
   6.63005686               3
   6.64005709               3
   6.65005732               3
   6.66005754               3
   6.67005777               3
   6.68005800               3
   6.69005823               3
   6.70005846               3
   6.71005869               3
   6.72005892               3
   6.73005915               3
   6.74005938               3
   6.75005960               3
   6.76005983               3
   6.77006006               3
   6.78006029               3
   6.79006052               3
   6.80006075               3
   6.81006098               3
   6.82006121               3
   6.83006144               3
   6.84006166               3
   6.85006189               3
   6.86006212               3
   6.87006235               3
   6.88006258               3
   6.89006281               3
   6.90006304               3
   6.91006327               3
   6.92006350               3
   6.93006372               3
   6.94006395               3
   6.95006418               3
   6.96006441               3
   6.97006464               3
   6.98006487               3
   6.99006510               3
   7.00006533               3
   7.01006556               3
   7.02006578               3
   7.03006601               3
   7.04006624               3
   7.05006647               3
   7.06006670               3
   7.07006693               3
   7.08006716               3
   7.09006739               2
   7.10006762               2
   7.11006784               2
   7.12006807               2
   7.13006830               2
   7.14006853               2
   7.15006876               2
   7.16006899               2
   7.17006922               2
   7.18006945               2
   7.19006968               2
   7.20006990               2
   7.21007013               2
   7.22007036               2
   7.23007059               2
   7.24007082               2
   7.25007105               2
   7.26007128               2
   7.27007151               2
   7.28007174               2
   7.29007196               2
   7.30007219               2
   7.31007242               2
   7.32007265               2
   7.33007288               2
   7.34007311               2
   7.35007334               2
   7.36007357               2
   7.37007380               2
   7.38007402               2
   7.39007425               2
   7.40007448               2
   7.41007471               2
   7.42007494               2
   7.43007517               2
   7.44007540               2
   7.45007563               2
   7.46007586               2
   7.47007608               1
   7.48007631               1
   7.49007654               1
   7.50007677               1
   7.51007700               1
   7.52007723               1
   7.53007746               1
   7.54007769               1
   7.55007792               1
   7.56007814               1
   7.57007837               1
   7.58007860               1
   7.59007883               1
   7.60007906               1
   7.61007929               1
   7.62007952               1
   7.63007975               1
   7.64007998               1
   7.65008020               1
   7.66008043               1
   7.67008066               1
   7.68008089               1
   7.69008112               1
   7.70008135               1
   7.71008158               1
   7.72008181               1
   7.73008204               1
   7.74008226               1
   7.75008249               1
   7.76008272               1
   7.77008295               1
   7.78008318               1
   7.79008341               1
   7.80008364               1
   7.81008387               1
   7.82008410               1
   7.83008432               1
   7.84008455               1
   7.85008478               1
   7.86008501               1
   7.87008524               1
   7.88008547               1
   7.89008570               1
   7.90008593               1
   7.91008615               1
   7.92008638               1
   7.93008661               1
   7.94008684               1
   7.95008707               1
   7.96008730               1
   7.97008753               1
   7.98008776               1
   7.99008799               1
   8.00008774               1
