   0.00000000             992
   9.99999978E-03         983
   1.99999996E-02         973
   2.99999993E-02         961
   3.99999991E-02         954
   4.99999970E-02         945
   5.99999949E-02         933
   6.99999928E-02         924
   7.99999908E-02         912
   8.99999887E-02         903
   9.99999866E-02         895
  0.109999985             886
  0.119999982             874
  0.129999980             864
  0.139999986             856
  0.149999991             846
  0.159999996             832
  0.170000002             826
  0.180000007             822
  0.190000013             816
  0.200000018             808
  0.210000023             797
  0.220000029             785
  0.230000034             780
  0.240000039             776
  0.250000030             769
  0.260000020             763
  0.270000011             750
  0.280000001             747
  0.289999992             739
  0.299999982             730
  0.309999973             721
  0.319999963             709
  0.329999954             702
  0.339999944             692
  0.349999934             692
  0.359999925             685
  0.369999915             678
  0.379999906             671
  0.389999896             660
  0.399999887             651
  0.409999877             646
  0.419999868             638
  0.429999858             628
  0.439999849             620
  0.449999839             612
  0.459999830             605
  0.469999820             601
  0.479999810             592
  0.489999801             588
  0.499999791             581
  0.509999812             574
  0.519999802             565
  0.529999793             560
  0.539999783             555
  0.549999774             551
  0.559999764             542
  0.569999754             535
  0.579999745             528
  0.589999735             523
  0.599999726             514
  0.609999716             509
  0.619999707             504
  0.629999697             502
  0.639999688             496
  0.649999678             487
  0.659999669             481
  0.669999659             472
  0.679999650             468
  0.689999640             461
  0.699999630             457
  0.709999621             450
  0.719999611             448
  0.729999602             441
  0.739999592             436
  0.749999583             432
  0.759999573             423
  0.769999564             422
  0.779999554             420
  0.789999545             417
  0.799999535             410
  0.809999526             404
  0.819999516             404
  0.829999506             401
  0.839999497             397
  0.849999487             392
  0.859999478             385
  0.869999468             379
  0.879999459             376
  0.889999449             371
  0.899999440             365
  0.909999430             363
  0.919999421             359
  0.929999411             356
  0.939999402             353
  0.949999392             348
  0.959999382             342
  0.969999373             340
  0.979999363             336
  0.989999354             333
  0.999999344             330
   1.00999939             326
   1.01999938             325
   1.02999938             322
   1.03999937             321
   1.04999936             320
   1.05999935             315
   1.06999934             311
   1.07999933             307
   1.08999932             306
   1.09999931             304
   1.10999930             303
   1.11999929             302
   1.12999928             301
   1.13999927             296
   1.14999926             294
   1.15999925             290
   1.16999924             284
   1.17999923             280
   1.18999922             276
   1.19999921             275
   1.20999920             271
   1.21999919             270
   1.22999918             267
   1.23999918             264
   1.24999917             260
   1.25999916             258
   1.26999915             256
   1.27999914             250
   1.28999913             244
   1.29999912             243
   1.30999911             241
   1.31999910             241
   1.32999909             237
   1.33999908             233
   1.34999907             230
   1.35999906             229
   1.36999905             227
   1.37999904             227
   1.38999903             226
   1.39999902             224
   1.40999901             221
   1.41999900             220
   1.42999899             218
   1.43999898             217
   1.44999897             214
   1.45999897             213
   1.46999896             207
   1.47999895             206
   1.48999894             203
   1.49999893             202
   1.50999892             197
   1.51999891             195
   1.52999890             194
   1.53999889             191
   1.54999888             190
   1.55999887             190
   1.56999886             190
   1.57999885             189
   1.58999884             189
   1.59999883             186
   1.60999882             186
   1.61999881             186
   1.62999880             183
   1.63999879             181
   1.64999878             179
   1.65999877             176
   1.66999876             175
   1.67999876             172
   1.68999875             172
   1.69999874             172
   1.70999873             169
   1.71999872             168
   1.72999871             167
   1.73999870             165
   1.74999869             163
   1.75999868             161
   1.76999867             159
   1.77999866             159
   1.78999865             158
   1.79999864             156
   1.80999863             156
   1.81999862             156
   1.82999861             155
   1.83999860             153
   1.84999859             151
   1.85999858             150
   1.86999857             148
   1.87999856             147
   1.88999856             147
   1.89999855             144
   1.90999854             143
   1.91999853             142
   1.92999852             139
   1.93999851             136
   1.94999850             135
   1.95999849             134
   1.96999848             132
   1.97999847             132
   1.98999846             130
   1.99999845             130
   2.00999856             124
   2.01999855             122
   2.02999854             120
   2.03999853             119
   2.04999852             118
   2.05999851             116
   2.06999850             113
   2.07999849             113
   2.08999848             113
   2.09999847             112
   2.10999846             111
   2.11999846             109
   2.12999845             109
   2.13999844             109
   2.14999843             109
   2.15999842             108
   2.16999841             107
   2.17999840             106
   2.18999839             106
   2.19999838             106
   2.20999837             106
   2.21999836             105
   2.22999835             104
   2.23999834             103
   2.24999833             102
   2.25999832              99
   2.26999831              98
   2.27999830              95
   2.28999829              95
   2.29999828              94
   2.30999827              94
   2.31999826              94
   2.32999825              93
   2.33999825              91
   2.34999824              91
   2.35999823              91
   2.36999822              91
   2.37999821              91
   2.38999820              90
   2.39999819              90
   2.40999818              87
   2.41999817              87
   2.42999816              87
   2.43999815              87
   2.44999814              85
   2.45999813              84
   2.46999812              84
   2.47999811              84
   2.48999810              83
   2.49999809              81
   2.50999808              81
   2.51999807              81
   2.52999806              80
   2.53999805              79
   2.54999804              79
   2.55999804              77
   2.56999803              76
   2.57999802              76
   2.58999801              74
   2.59999800              74
   2.60999799              73
   2.61999798              71
   2.62999797              69
   2.63999796              68
   2.64999795              68
   2.65999794              68
   2.66999793              68
   2.67999792              65
   2.68999791              64
   2.69999790              62
   2.70999789              61
   2.71999788              61
   2.72999787              60
   2.73999786              60
   2.74999785              59
   2.75999784              59
   2.76999784              59
   2.77999783              58
   2.78999782              58
   2.79999781              57
   2.80999780              57
   2.81999779              57
   2.82999778              57
   2.83999777              55
   2.84999776              55
   2.85999775              54
   2.86999774              52
   2.87999773              50
   2.88999772              50
   2.89999771              49
   2.90999770              47
   2.91999769              46
   2.92999768              46
   2.93999767              46
   2.94999766              45
   2.95999765              44
   2.96999764              44
   2.97999763              43
   2.98999763              43
   2.99999762              42
   3.00999761              42
   3.01999760              42
   3.02999759              42
   3.03999758              42
   3.04999757              41
   3.05999756              41
   3.06999755              40
   3.07999754              39
   3.08999753              39
   3.09999752              39
   3.10999751              39
   3.11999750              39
   3.12999749              39
   3.13999748              39
   3.14999747              39
   3.15999746              39
   3.16999745              38
   3.17999744              38
   3.18999743              38
   3.19999743              37
   3.20999742              37
   3.21999741              37
   3.22999740              36
   3.23999739              36
   3.24999738              33
   3.25999737              33
   3.26999736              33
   3.27999735              33
   3.28999734              32
   3.29999733              32
   3.30999732              32
   3.31999731              32
   3.32999730              32
   3.33999729              32
   3.34999728              32
   3.35999727              32
   3.36999726              32
   3.37999725              32
   3.38999724              32
   3.39999723              32
   3.40999722              32
   3.41999722              30
   3.42999721              30
   3.43999720              29
   3.44999719              29
   3.45999718              29
   3.46999717              29
   3.47999716              28
   3.48999715              28
   3.49999714              28
   3.50999713              27
   3.51999712              26
   3.52999711              26
   3.53999710              26
   3.54999709              26
   3.55999708              25
   3.56999707              24
   3.57999706              24
   3.58999705              23
   3.59999704              23
   3.60999703              22
   3.61999702              22
   3.62999701              22
   3.63999701              22
   3.64999700              22
   3.65999699              21
   3.66999698              21
   3.67999697              20
   3.68999696              20
   3.69999695              20
   3.70999694              19
   3.71999693              19
   3.72999692              19
   3.73999691              19
   3.74999690              19
   3.75999689              19
   3.76999688              19
   3.77999687              19
   3.78999686              17
   3.79999685              17
   3.80999684              17
   3.81999683              17
   3.82999682              17
   3.83999681              17
   3.84999681              17
   3.85999680              17
   3.86999679              17
   3.87999678              17
   3.88999677              17
   3.89999676              15
   3.90999675              15
   3.91999674              15
   3.92999673              15
   3.93999672              15
   3.94999671              15
   3.95999670              15
   3.96999669              15
   3.97999668              15
   3.98999667              14
   3.99999666              14
   4.00999689              14
   4.01999712              14
   4.02999735              13
   4.03999758              13
   4.04999781              13
   4.05999804              13
   4.06999826              11
   4.07999849              11
   4.08999872              11
   4.09999895              11
   4.10999918              10
   4.11999941              10
   4.12999964              10
   4.13999987              10
   4.15000010              10
   4.16000032              10
   4.17000055              10
   4.18000078              10
   4.19000101              10
   4.20000124              10
   4.21000147              10
   4.22000170              10
   4.23000193               9
   4.24000216               9
   4.25000238               9
   4.26000261               9
   4.27000284               9
   4.28000307               9
   4.29000330               9
   4.30000353               8
   4.31000376               8
   4.32000399               8
   4.33000422               8
   4.34000444               8
   4.35000467               8
   4.36000490               8
   4.37000513               8
   4.38000536               8
   4.39000559               8
   4.40000582               8
   4.41000605               7
   4.42000628               7
   4.43000650               7
   4.44000673               7
   4.45000696               7
   4.46000719               7
   4.47000742               6
   4.48000765               6
   4.49000788               6
   4.50000811               6
   4.51000834               6
   4.52000856               6
   4.53000879               5
   4.54000902               5
   4.55000925               5
   4.56000948               5
   4.57000971               5
   4.58000994               5
   4.59001017               5
   4.60001040               5
   4.61001062               5
   4.62001085               5
   4.63001108               5
   4.64001131               5
   4.65001154               5
   4.66001177               5
   4.67001200               5
   4.68001223               5
   4.69001245               5
   4.70001268               5
   4.71001291               5
   4.72001314               5
   4.73001337               5
   4.74001360               5
   4.75001383               5
   4.76001406               5
   4.77001429               5
   4.78001451               5
   4.79001474               5
   4.80001497               5
   4.81001520               5
   4.82001543               5
   4.83001566               4
   4.84001589               4
   4.85001612               4
   4.86001635               4
   4.87001657               4
   4.88001680               4
   4.89001703               4
   4.90001726               4
   4.91001749               4
   4.92001772               4
   4.93001795               4
   4.94001818               4
   4.95001841               4
   4.96001863               4
   4.97001886               4
   4.98001909               4
   4.99001932               4
   5.00001955               4
   5.01001978               4
   5.02002001               4
   5.03002024               4
   5.04002047               4
   5.05002069               4
   5.06002092               4
   5.07002115               4
   5.08002138               4
   5.09002161               4
   5.10002184               4
   5.11002207               4
   5.12002230               4
   5.13002253               4
   5.14002275               4
   5.15002298               4
   5.16002321               4
   5.17002344               4
   5.18002367               4
   5.19002390               4
   5.20002413               4
   5.21002436               4
   5.22002459               4
   5.23002481               4
   5.24002504               4
   5.25002527               3
   5.26002550               3
   5.27002573               3
   5.28002596               3
   5.29002619               3
   5.30002642               3
   5.31002665               3
   5.32002687               3
   5.33002710               3
   5.34002733               3
   5.35002756               3
   5.36002779               3
   5.37002802               3
   5.38002825               2
   5.39002848               2
   5.40002871               2
   5.41002893               2
   5.42002916               2
   5.43002939               2
   5.44002962               2
   5.45002985               2
   5.46003008               2
   5.47003031               2
   5.48003054               2
   5.49003077               2
   5.50003099               2
   5.51003122               2
   5.52003145               2
   5.53003168               2
   5.54003191               2
   5.55003214               2
   5.56003237               2
   5.57003260               2
   5.58003283               2
   5.59003305               2
   5.60003328               2
   5.61003351               2
   5.62003374               2
   5.63003397               2
   5.64003420               2
   5.65003443               2
   5.66003466               2
   5.67003489               2
   5.68003511               2
   5.69003534               2
   5.70003557               2
   5.71003580               2
   5.72003603               2
   5.73003626               2
   5.74003649               2
   5.75003672               2
   5.76003695               2
   5.77003717               2
   5.78003740               2
   5.79003763               2
   5.80003786               1
   5.81003809               1
   5.82003832               1
   5.83003855               1
   5.84003878               1
   5.85003901               1
   5.86003923               1
   5.87003946               1
   5.88003969               1
   5.89003992               1
   5.90004015               1
   5.91004038               1
   5.92004061               1
   5.93004084               1
   5.94004107               1
   5.95004129               1
   5.96004152               1
   5.97004175               1
   5.98004198               1
   5.99004221               1
   6.00004244               1
   6.01004267               1
   6.02004290               1
   6.03004313               1
   6.04004335               1
   6.05004358               0
   6.06004381               0
   6.07004404               0
   6.08004427               0
   6.09004450               0
   6.10004473               0
   6.11004496               0
   6.12004519               0
   6.13004541               0
   6.14004564               0
   6.15004587               0
   6.16004610               0
   6.17004633               0
   6.18004656               0
   6.19004679               0
   6.20004702               0
   6.21004725               0
   6.22004747               0
   6.23004770               0
   6.24004793               0
   6.25004816               0
   6.26004839               0
   6.27004862               0
   6.28004885               0
   6.29004908               0
   6.30004930               0
   6.31004953               0
   6.32004976               0
   6.33004999               0
   6.34005022               0
   6.35005045               0
   6.36005068               0
   6.37005091               0
   6.38005114               0
   6.39005136               0
   6.40005159               0
   6.41005182               0
   6.42005205               0
   6.43005228               0
   6.44005251               0
   6.45005274               0
   6.46005297               0
   6.47005320               0
   6.48005342               0
   6.49005365               0
   6.50005388               0
   6.51005411               0
   6.52005434               0
   6.53005457               0
   6.54005480               0
   6.55005503               0
   6.56005526               0
   6.57005548               0
   6.58005571               0
   6.59005594               0
   6.60005617               0
   6.61005640               0
   6.62005663               0
   6.63005686               0
   6.64005709               0
   6.65005732               0
   6.66005754               0
   6.67005777               0
   6.68005800               0
   6.69005823               0
   6.70005846               0
   6.71005869               0
   6.72005892               0
   6.73005915               0
   6.74005938               0
   6.75005960               0
   6.76005983               0
   6.77006006               0
   6.78006029               0
   6.79006052               0
   6.80006075               0
   6.81006098               0
   6.82006121               0
   6.83006144               0
   6.84006166               0
   6.85006189               0
   6.86006212               0
   6.87006235               0
   6.88006258               0
   6.89006281               0
   6.90006304               0
   6.91006327               0
   6.92006350               0
   6.93006372               0
   6.94006395               0
   6.95006418               0
   6.96006441               0
   6.97006464               0
   6.98006487               0
   6.99006510               0
   7.00006533               0
   7.01006556               0
   7.02006578               0
   7.03006601               0
   7.04006624               0
   7.05006647               0
   7.06006670               0
   7.07006693               0
   7.08006716               0
   7.09006739               0
   7.10006762               0
   7.11006784               0
   7.12006807               0
   7.13006830               0
   7.14006853               0
   7.15006876               0
   7.16006899               0
   7.17006922               0
   7.18006945               0
   7.19006968               0
   7.20006990               0
   7.21007013               0
   7.22007036               0
   7.23007059               0
   7.24007082               0
   7.25007105               0
   7.26007128               0
   7.27007151               0
   7.28007174               0
   7.29007196               0
   7.30007219               0
   7.31007242               0
   7.32007265               0
   7.33007288               0
   7.34007311               0
   7.35007334               0
   7.36007357               0
   7.37007380               0
   7.38007402               0
   7.39007425               0
   7.40007448               0
   7.41007471               0
   7.42007494               0
   7.43007517               0
   7.44007540               0
   7.45007563               0
   7.46007586               0
   7.47007608               0
   7.48007631               0
   7.49007654               0
   7.50007677               0
   7.51007700               0
   7.52007723               0
   7.53007746               0
   7.54007769               0
   7.55007792               0
   7.56007814               0
   7.57007837               0
   7.58007860               0
   7.59007883               0
   7.60007906               0
   7.61007929               0
   7.62007952               0
   7.63007975               0
   7.64007998               0
   7.65008020               0
   7.66008043               0
   7.67008066               0
   7.68008089               0
   7.69008112               0
   7.70008135               0
   7.71008158               0
   7.72008181               0
   7.73008204               0
   7.74008226               0
   7.75008249               0
   7.76008272               0
   7.77008295               0
   7.78008318               0
   7.79008341               0
   7.80008364               0
   7.81008387               0
   7.82008410               0
   7.83008432               0
   7.84008455               0
   7.85008478               0
   7.86008501               0
   7.87008524               0
   7.88008547               0
   7.89008570               0
   7.90008593               0
   7.91008615               0
   7.92008638               0
   7.93008661               0
   7.94008684               0
   7.95008707               0
   7.96008730               0
   7.97008753               0
   7.98008776               0
   7.99008799               0
   8.00008774               0
