   0.00000000             991
   9.99999978E-03         979
   1.99999996E-02         968
   2.99999993E-02         959
   3.99999991E-02         949
   4.99999970E-02         933
   5.99999949E-02         924
   6.99999928E-02         914
   7.99999908E-02         907
   8.99999887E-02         896
   9.99999866E-02         889
  0.109999985             885
  0.119999982             880
  0.129999980             870
  0.139999986             861
  0.149999991             853
  0.159999996             847
  0.170000002             838
  0.180000007             834
  0.190000013             831
  0.200000018             819
  0.210000023             808
  0.220000029             799
  0.230000034             787
  0.240000039             774
  0.250000030             767
  0.260000020             761
  0.270000011             754
  0.280000001             748
  0.289999992             741
  0.299999982             732
  0.309999973             720
  0.319999963             715
  0.329999954             708
  0.339999944             702
  0.349999934             693
  0.359999925             683
  0.369999915             671
  0.379999906             667
  0.389999896             659
  0.399999887             652
  0.409999877             643
  0.419999868             636
  0.429999858             625
  0.439999849             619
  0.449999839             615
  0.459999830             610
  0.469999820             602
  0.479999810             601
  0.489999801             594
  0.499999791             590
  0.509999812             583
  0.519999802             577
  0.529999793             570
  0.539999783             561
  0.549999774             550
  0.559999764             546
  0.569999754             537
  0.579999745             534
  0.589999735             532
  0.599999726             528
  0.609999716             525
  0.619999707             516
  0.629999697             513
  0.639999688             511
  0.649999678             502
  0.659999669             497
  0.669999659             495
  0.679999650             487
  0.689999640             483
  0.699999630             479
  0.709999621             474
  0.719999611             470
  0.729999602             466
  0.739999592             463
  0.749999583             457
  0.759999573             448
  0.769999564             441
  0.779999554             439
  0.789999545             430
  0.799999535             428
  0.809999526             421
  0.819999516             417
  0.829999506             411
  0.839999497             410
  0.849999487             405
  0.859999478             400
  0.869999468             397
  0.879999459             393
  0.889999449             387
  0.899999440             383
  0.909999430             380
  0.919999421             375
  0.929999411             372
  0.939999402             371
  0.949999392             369
  0.959999382             364
  0.969999373             359
  0.979999363             357
  0.989999354             353
  0.999999344             350
   1.00999939             345
   1.01999938             340
   1.02999938             334
   1.03999937             331
   1.04999936             328
   1.05999935             328
   1.06999934             326
   1.07999933             323
   1.08999932             317
   1.09999931             313
   1.10999930             307
   1.11999929             305
   1.12999928             304
   1.13999927             301
   1.14999926             300
   1.15999925             298
   1.16999924             295
   1.17999923             292
   1.18999922             291
   1.19999921             289
   1.20999920             287
   1.21999919             278
   1.22999918             274
   1.23999918             270
   1.24999917             265
   1.25999916             265
   1.26999915             262
   1.27999914             257
   1.28999913             253
   1.29999912             252
   1.30999911             250
   1.31999910             249
   1.32999909             248
   1.33999908             246
   1.34999907             244
   1.35999906             244
   1.36999905             243
   1.37999904             241
   1.38999903             239
   1.39999902             236
   1.40999901             231
   1.41999900             230
   1.42999899             230
   1.43999898             227
   1.44999897             224
   1.45999897             222
   1.46999896             219
   1.47999895             218
   1.48999894             218
   1.49999893             216
   1.50999892             215
   1.51999891             211
   1.52999890             209
   1.53999889             207
   1.54999888             203
   1.55999887             201
   1.56999886             200
   1.57999885             194
   1.58999884             190
   1.59999883             189
   1.60999882             185
   1.61999881             183
   1.62999880             180
   1.63999879             179
   1.64999878             177
   1.65999877             177
   1.66999876             174
   1.67999876             173
   1.68999875             172
   1.69999874             169
   1.70999873             167
   1.71999872             164
   1.72999871             163
   1.73999870             159
   1.74999869             157
   1.75999868             156
   1.76999867             156
   1.77999866             154
   1.78999865             152
   1.79999864             151
   1.80999863             149
   1.81999862             146
   1.82999861             146
   1.83999860             145
   1.84999859             143
   1.85999858             140
   1.86999857             138
   1.87999856             136
   1.88999856             134
   1.89999855             133
   1.90999854             133
   1.91999853             133
   1.92999852             129
   1.93999851             127
   1.94999850             122
   1.95999849             121
   1.96999848             119
   1.97999847             117
   1.98999846             114
   1.99999845             112
   2.00999856             111
   2.01999855             108
   2.02999854             108
   2.03999853             105
   2.04999852             103
   2.05999851             102
   2.06999850              99
   2.07999849              95
   2.08999848              94
   2.09999847              94
   2.10999846              94
   2.11999846              93
   2.12999845              91
   2.13999844              89
   2.14999843              88
   2.15999842              86
   2.16999841              86
   2.17999840              85
   2.18999839              84
   2.19999838              84
   2.20999837              84
   2.21999836              83
   2.22999835              82
   2.23999834              81
   2.24999833              80
   2.25999832              80
   2.26999831              79
   2.27999830              78
   2.28999829              78
   2.29999828              75
   2.30999827              75
   2.31999826              75
   2.32999825              74
   2.33999825              73
   2.34999824              71
   2.35999823              71
   2.36999822              70
   2.37999821              69
   2.38999820              67
   2.39999819              67
   2.40999818              66
   2.41999817              66
   2.42999816              65
   2.43999815              65
   2.44999814              64
   2.45999813              63
   2.46999812              63
   2.47999811              62
   2.48999810              60
   2.49999809              59
   2.50999808              58
   2.51999807              58
   2.52999806              58
   2.53999805              57
   2.54999804              57
   2.55999804              57
   2.56999803              57
   2.57999802              57
   2.58999801              57
   2.59999800              57
   2.60999799              56
   2.61999798              56
   2.62999797              56
   2.63999796              55
   2.64999795              54
   2.65999794              53
   2.66999793              52
   2.67999792              52
   2.68999791              51
   2.69999790              51
   2.70999789              49
   2.71999788              49
   2.72999787              48
   2.73999786              48
   2.74999785              47
   2.75999784              47
   2.76999784              46
   2.77999783              46
   2.78999782              46
   2.79999781              46
   2.80999780              46
   2.81999779              46
   2.82999778              46
   2.83999777              46
   2.84999776              46
   2.85999775              45
   2.86999774              45
   2.87999773              45
   2.88999772              45
   2.89999771              45
   2.90999770              45
   2.91999769              43
   2.92999768              43
   2.93999767              43
   2.94999766              43
   2.95999765              41
   2.96999764              41
   2.97999763              41
   2.98999763              41
   2.99999762              40
   3.00999761              40
   3.01999760              38
   3.02999759              38
   3.03999758              38
   3.04999757              38
   3.05999756              38
   3.06999755              36
   3.07999754              36
   3.08999753              36
   3.09999752              35
   3.10999751              35
   3.11999750              35
   3.12999749              35
   3.13999748              35
   3.14999747              34
   3.15999746              33
   3.16999745              33
   3.17999744              33
   3.18999743              33
   3.19999743              33
   3.20999742              33
   3.21999741              33
   3.22999740              33
   3.23999739              33
   3.24999738              33
   3.25999737              32
   3.26999736              32
   3.27999735              30
   3.28999734              30
   3.29999733              30
   3.30999732              29
   3.31999731              29
   3.32999730              28
   3.33999729              28
   3.34999728              27
   3.35999727              25
   3.36999726              25
   3.37999725              25
   3.38999724              24
   3.39999723              24
   3.40999722              24
   3.41999722              24
   3.42999721              24
   3.43999720              24
   3.44999719              24
   3.45999718              24
   3.46999717              24
   3.47999716              24
   3.48999715              24
   3.49999714              24
   3.50999713              24
   3.51999712              24
   3.52999711              24
   3.53999710              24
   3.54999709              24
   3.55999708              24
   3.56999707              22
   3.57999706              22
   3.58999705              21
   3.59999704              21
   3.60999703              21
   3.61999702              21
   3.62999701              21
   3.63999701              20
   3.64999700              20
   3.65999699              19
   3.66999698              19
   3.67999697              19
   3.68999696              19
   3.69999695              19
   3.70999694              19
   3.71999693              19
   3.72999692              18
   3.73999691              16
   3.74999690              16
   3.75999689              16
   3.76999688              16
   3.77999687              16
   3.78999686              16
   3.79999685              15
   3.80999684              15
   3.81999683              15
   3.82999682              15
   3.83999681              15
   3.84999681              15
   3.85999680              14
   3.86999679              14
   3.87999678              14
   3.88999677              13
   3.89999676              13
   3.90999675              13
   3.91999674              13
   3.92999673              13
   3.93999672              13
   3.94999671              13
   3.95999670              13
   3.96999669              13
   3.97999668              13
   3.98999667              13
   3.99999666              13
   4.00999689              13
   4.01999712              13
   4.02999735              13
   4.03999758              13
   4.04999781              13
   4.05999804              12
   4.06999826              12
   4.07999849              12
   4.08999872              11
   4.09999895              11
   4.10999918              11
   4.11999941              11
   4.12999964              11
   4.13999987              11
   4.15000010              11
   4.16000032              11
   4.17000055              11
   4.18000078              11
   4.19000101              10
   4.20000124              10
   4.21000147              10
   4.22000170              10
   4.23000193              10
   4.24000216              10
   4.25000238              10
   4.26000261              10
   4.27000284              10
   4.28000307              10
   4.29000330              10
   4.30000353              10
   4.31000376              10
   4.32000399               9
   4.33000422               9
   4.34000444               9
   4.35000467               9
   4.36000490               9
   4.37000513               9
   4.38000536               9
   4.39000559               9
   4.40000582               9
   4.41000605               9
   4.42000628               9
   4.43000650               9
   4.44000673               9
   4.45000696               8
   4.46000719               8
   4.47000742               8
   4.48000765               8
   4.49000788               8
   4.50000811               8
   4.51000834               8
   4.52000856               8
   4.53000879               8
   4.54000902               8
   4.55000925               8
   4.56000948               8
   4.57000971               8
   4.58000994               8
   4.59001017               8
   4.60001040               8
   4.61001062               8
   4.62001085               8
   4.63001108               8
   4.64001131               8
   4.65001154               8
   4.66001177               8
   4.67001200               8
   4.68001223               8
   4.69001245               8
   4.70001268               8
   4.71001291               8
   4.72001314               8
   4.73001337               8
   4.74001360               8
   4.75001383               8
   4.76001406               8
   4.77001429               8
   4.78001451               8
   4.79001474               8
   4.80001497               8
   4.81001520               8
   4.82001543               8
   4.83001566               8
   4.84001589               8
   4.85001612               8
   4.86001635               8
   4.87001657               8
   4.88001680               8
   4.89001703               8
   4.90001726               8
   4.91001749               8
   4.92001772               8
   4.93001795               8
   4.94001818               7
   4.95001841               7
   4.96001863               6
   4.97001886               6
   4.98001909               6
   4.99001932               6
   5.00001955               6
   5.01001978               6
   5.02002001               6
   5.03002024               6
   5.04002047               6
   5.05002069               6
   5.06002092               6
   5.07002115               6
   5.08002138               6
   5.09002161               6
   5.10002184               6
   5.11002207               6
   5.12002230               5
   5.13002253               5
   5.14002275               5
   5.15002298               5
   5.16002321               5
   5.17002344               5
   5.18002367               5
   5.19002390               5
   5.20002413               5
   5.21002436               5
   5.22002459               5
   5.23002481               5
   5.24002504               5
   5.25002527               5
   5.26002550               5
   5.27002573               5
   5.28002596               5
   5.29002619               5
   5.30002642               5
   5.31002665               5
   5.32002687               5
   5.33002710               5
   5.34002733               5
   5.35002756               5
   5.36002779               5
   5.37002802               5
   5.38002825               5
   5.39002848               5
   5.40002871               5
   5.41002893               5
   5.42002916               5
   5.43002939               5
   5.44002962               5
   5.45002985               5
   5.46003008               5
   5.47003031               5
   5.48003054               5
   5.49003077               5
   5.50003099               5
   5.51003122               5
   5.52003145               5
   5.53003168               5
   5.54003191               5
   5.55003214               5
   5.56003237               5
   5.57003260               5
   5.58003283               5
   5.59003305               5
   5.60003328               5
   5.61003351               5
   5.62003374               5
   5.63003397               5
   5.64003420               5
   5.65003443               5
   5.66003466               5
   5.67003489               5
   5.68003511               5
   5.69003534               5
   5.70003557               5
   5.71003580               5
   5.72003603               5
   5.73003626               5
   5.74003649               5
   5.75003672               5
   5.76003695               5
   5.77003717               5
   5.78003740               5
   5.79003763               5
   5.80003786               5
   5.81003809               5
   5.82003832               5
   5.83003855               5
   5.84003878               5
   5.85003901               5
   5.86003923               5
   5.87003946               5
   5.88003969               5
   5.89003992               5
   5.90004015               5
   5.91004038               5
   5.92004061               5
   5.93004084               5
   5.94004107               5
   5.95004129               5
   5.96004152               5
   5.97004175               5
   5.98004198               5
   5.99004221               5
   6.00004244               5
   6.01004267               5
   6.02004290               5
   6.03004313               5
   6.04004335               5
   6.05004358               5
   6.06004381               5
   6.07004404               4
   6.08004427               4
   6.09004450               4
   6.10004473               4
   6.11004496               4
   6.12004519               4
   6.13004541               4
   6.14004564               4
   6.15004587               4
   6.16004610               4
   6.17004633               4
   6.18004656               4
   6.19004679               4
   6.20004702               4
   6.21004725               4
   6.22004747               4
   6.23004770               4
   6.24004793               4
   6.25004816               4
   6.26004839               4
   6.27004862               4
   6.28004885               4
   6.29004908               4
   6.30004930               4
   6.31004953               4
   6.32004976               4
   6.33004999               4
   6.34005022               4
   6.35005045               4
   6.36005068               4
   6.37005091               4
   6.38005114               4
   6.39005136               4
   6.40005159               4
   6.41005182               4
   6.42005205               4
   6.43005228               4
   6.44005251               4
   6.45005274               4
   6.46005297               4
   6.47005320               4
   6.48005342               4
   6.49005365               4
   6.50005388               4
   6.51005411               4
   6.52005434               4
   6.53005457               4
   6.54005480               4
   6.55005503               4
   6.56005526               4
   6.57005548               4
   6.58005571               4
   6.59005594               4
   6.60005617               4
   6.61005640               4
   6.62005663               4
   6.63005686               4
   6.64005709               4
   6.65005732               4
   6.66005754               4
   6.67005777               4
   6.68005800               4
   6.69005823               4
   6.70005846               4
   6.71005869               4
   6.72005892               4
   6.73005915               4
   6.74005938               4
   6.75005960               4
   6.76005983               4
   6.77006006               4
   6.78006029               4
   6.79006052               4
   6.80006075               4
   6.81006098               4
   6.82006121               4
   6.83006144               4
   6.84006166               4
   6.85006189               4
   6.86006212               4
   6.87006235               4
   6.88006258               4
   6.89006281               4
   6.90006304               4
   6.91006327               4
   6.92006350               4
   6.93006372               4
   6.94006395               4
   6.95006418               3
   6.96006441               3
   6.97006464               3
   6.98006487               3
   6.99006510               3
   7.00006533               3
   7.01006556               3
   7.02006578               3
   7.03006601               3
   7.04006624               3
   7.05006647               3
   7.06006670               3
   7.07006693               3
   7.08006716               3
   7.09006739               3
   7.10006762               3
   7.11006784               3
   7.12006807               3
   7.13006830               3
   7.14006853               3
   7.15006876               3
   7.16006899               3
   7.17006922               3
   7.18006945               3
   7.19006968               3
   7.20006990               3
   7.21007013               3
   7.22007036               3
   7.23007059               3
   7.24007082               3
   7.25007105               3
   7.26007128               3
   7.27007151               3
   7.28007174               3
   7.29007196               3
   7.30007219               3
   7.31007242               2
   7.32007265               1
   7.33007288               1
   7.34007311               1
   7.35007334               1
   7.36007357               1
   7.37007380               1
   7.38007402               1
   7.39007425               1
   7.40007448               1
   7.41007471               1
   7.42007494               1
   7.43007517               1
   7.44007540               1
   7.45007563               1
   7.46007586               1
   7.47007608               1
   7.48007631               1
   7.49007654               1
   7.50007677               1
   7.51007700               1
   7.52007723               1
   7.53007746               1
   7.54007769               1
   7.55007792               1
   7.56007814               1
   7.57007837               1
   7.58007860               1
   7.59007883               1
   7.60007906               1
   7.61007929               1
   7.62007952               1
   7.63007975               1
   7.64007998               1
   7.65008020               1
   7.66008043               1
   7.67008066               1
   7.68008089               1
   7.69008112               1
   7.70008135               1
   7.71008158               1
   7.72008181               1
   7.73008204               1
   7.74008226               1
   7.75008249               1
   7.76008272               1
   7.77008295               1
   7.78008318               1
   7.79008341               1
   7.80008364               1
   7.81008387               1
   7.82008410               1
   7.83008432               1
   7.84008455               1
   7.85008478               1
   7.86008501               1
   7.87008524               1
   7.88008547               1
   7.89008570               1
   7.90008593               1
   7.91008615               1
   7.92008638               1
   7.93008661               1
   7.94008684               1
   7.95008707               1
   7.96008730               1
   7.97008753               1
   7.98008776               1
   7.99008799               1
   8.00008774               1
