   0.00000000             993
   9.99999978E-03         985
   1.99999996E-02         965
   2.99999993E-02         953
   3.99999991E-02         944
   4.99999970E-02         937
   5.99999949E-02         932
   6.99999928E-02         924
   7.99999908E-02         920
   8.99999887E-02         908
   9.99999866E-02         900
  0.109999985             889
  0.119999982             884
  0.129999980             875
  0.139999986             863
  0.149999991             863
  0.159999996             854
  0.170000002             850
  0.180000007             844
  0.190000013             833
  0.200000018             825
  0.210000023             818
  0.220000029             805
  0.230000034             799
  0.240000039             792
  0.250000030             785
  0.260000020             778
  0.270000011             769
  0.280000001             761
  0.289999992             748
  0.299999982             739
  0.309999973             734
  0.319999963             729
  0.329999954             719
  0.339999944             717
  0.349999934             711
  0.359999925             701
  0.369999915             693
  0.379999906             688
  0.389999896             676
  0.399999887             673
  0.409999877             665
  0.419999868             654
  0.429999858             650
  0.439999849             640
  0.449999839             634
  0.459999830             627
  0.469999820             620
  0.479999810             611
  0.489999801             601
  0.499999791             596
  0.509999812             590
  0.519999802             580
  0.529999793             576
  0.539999783             569
  0.549999774             563
  0.559999764             557
  0.569999754             548
  0.579999745             544
  0.589999735             540
  0.599999726             534
  0.609999716             529
  0.619999707             522
  0.629999697             515
  0.639999688             506
  0.649999678             503
  0.659999669             498
  0.669999659             496
  0.679999650             489
  0.689999640             484
  0.699999630             481
  0.709999621             471
  0.719999611             469
  0.729999602             461
  0.739999592             451
  0.749999583             445
  0.759999573             440
  0.769999564             433
  0.779999554             428
  0.789999545             425
  0.799999535             418
  0.809999526             413
  0.819999516             407
  0.829999506             402
  0.839999497             399
  0.849999487             395
  0.859999478             390
  0.869999468             386
  0.879999459             384
  0.889999449             378
  0.899999440             375
  0.909999430             373
  0.919999421             369
  0.929999411             362
  0.939999402             361
  0.949999392             360
  0.959999382             356
  0.969999373             350
  0.979999363             346
  0.989999354             339
  0.999999344             335
   1.00999939             333
   1.01999938             328
   1.02999938             321
   1.03999937             316
   1.04999936             310
   1.05999935             309
   1.06999934             305
   1.07999933             297
   1.08999932             295
   1.09999931             292
   1.10999930             286
   1.11999929             283
   1.12999928             275
   1.13999927             275
   1.14999926             274
   1.15999925             267
   1.16999924             264
   1.17999923             263
   1.18999922             261
   1.19999921             261
   1.20999920             257
   1.21999919             255
   1.22999918             250
   1.23999918             249
   1.24999917             248
   1.25999916             245
   1.26999915             244
   1.27999914             244
   1.28999913             241
   1.29999912             240
   1.30999911             238
   1.31999910             234
   1.32999909             229
   1.33999908             228
   1.34999907             227
   1.35999906             224
   1.36999905             221
   1.37999904             221
   1.38999903             217
   1.39999902             214
   1.40999901             212
   1.41999900             212
   1.42999899             208
   1.43999898             207
   1.44999897             206
   1.45999897             203
   1.46999896             203
   1.47999895             202
   1.48999894             201
   1.49999893             199
   1.50999892             198
   1.51999891             197
   1.52999890             197
   1.53999889             196
   1.54999888             193
   1.55999887             190
   1.56999886             189
   1.57999885             187
   1.58999884             183
   1.59999883             182
   1.60999882             179
   1.61999881             177
   1.62999880             175
   1.63999879             172
   1.64999878             169
   1.65999877             169
   1.66999876             169
   1.67999876             169
   1.68999875             167
   1.69999874             165
   1.70999873             162
   1.71999872             161
   1.72999871             159
   1.73999870             159
   1.74999869             159
   1.75999868             158
   1.76999867             156
   1.77999866             155
   1.78999865             154
   1.79999864             153
   1.80999863             152
   1.81999862             152
   1.82999861             151
   1.83999860             149
   1.84999859             149
   1.85999858             147
   1.86999857             145
   1.87999856             143
   1.88999856             143
   1.89999855             142
   1.90999854             142
   1.91999853             141
   1.92999852             139
   1.93999851             137
   1.94999850             134
   1.95999849             133
   1.96999848             133
   1.97999847             132
   1.98999846             132
   1.99999845             130
   2.00999856             129
   2.01999855             129
   2.02999854             128
   2.03999853             128
   2.04999852             128
   2.05999851             128
   2.06999850             127
   2.07999849             125
   2.08999848             123
   2.09999847             122
   2.10999846             122
   2.11999846             122
   2.12999845             122
   2.13999844             122
   2.14999843             120
   2.15999842             119
   2.16999841             116
   2.17999840             112
   2.18999839             110
   2.19999838             108
   2.20999837             108
   2.21999836             107
   2.22999835             105
   2.23999834             105
   2.24999833             105
   2.25999832             104
   2.26999831             103
   2.27999830             103
   2.28999829             100
   2.29999828              98
   2.30999827              97
   2.31999826              97
   2.32999825              95
   2.33999825              94
   2.34999824              92
   2.35999823              92
   2.36999822              92
   2.37999821              91
   2.38999820              89
   2.39999819              87
   2.40999818              86
   2.41999817              84
   2.42999816              82
   2.43999815              82
   2.44999814              81
   2.45999813              79
   2.46999812              78
   2.47999811              77
   2.48999810              76
   2.49999809              76
   2.50999808              76
   2.51999807              74
   2.52999806              72
   2.53999805              72
   2.54999804              72
   2.55999804              71
   2.56999803              70
   2.57999802              69
   2.58999801              68
   2.59999800              67
   2.60999799              66
   2.61999798              66
   2.62999797              66
   2.63999796              65
   2.64999795              64
   2.65999794              64
   2.66999793              64
   2.67999792              64
   2.68999791              64
   2.69999790              61
   2.70999789              61
   2.71999788              60
   2.72999787              60
   2.73999786              60
   2.74999785              59
   2.75999784              58
   2.76999784              57
   2.77999783              54
   2.78999782              52
   2.79999781              52
   2.80999780              51
   2.81999779              50
   2.82999778              50
   2.83999777              49
   2.84999776              47
   2.85999775              47
   2.86999774              47
   2.87999773              47
   2.88999772              46
   2.89999771              46
   2.90999770              45
   2.91999769              45
   2.92999768              44
   2.93999767              43
   2.94999766              42
   2.95999765              41
   2.96999764              40
   2.97999763              40
   2.98999763              39
   2.99999762              39
   3.00999761              39
   3.01999760              39
   3.02999759              39
   3.03999758              39
   3.04999757              39
   3.05999756              39
   3.06999755              39
   3.07999754              38
   3.08999753              38
   3.09999752              38
   3.10999751              36
   3.11999750              35
   3.12999749              35
   3.13999748              34
   3.14999747              34
   3.15999746              34
   3.16999745              34
   3.17999744              34
   3.18999743              33
   3.19999743              33
   3.20999742              33
   3.21999741              32
   3.22999740              31
   3.23999739              31
   3.24999738              31
   3.25999737              31
   3.26999736              30
   3.27999735              30
   3.28999734              29
   3.29999733              29
   3.30999732              28
   3.31999731              27
   3.32999730              27
   3.33999729              27
   3.34999728              27
   3.35999727              25
   3.36999726              25
   3.37999725              25
   3.38999724              25
   3.39999723              24
   3.40999722              24
   3.41999722              23
   3.42999721              23
   3.43999720              23
   3.44999719              23
   3.45999718              23
   3.46999717              23
   3.47999716              23
   3.48999715              23
   3.49999714              22
   3.50999713              21
   3.51999712              21
   3.52999711              21
   3.53999710              20
   3.54999709              20
   3.55999708              20
   3.56999707              20
   3.57999706              20
   3.58999705              20
   3.59999704              19
   3.60999703              19
   3.61999702              17
   3.62999701              17
   3.63999701              17
   3.64999700              17
   3.65999699              17
   3.66999698              17
   3.67999697              17
   3.68999696              17
   3.69999695              16
   3.70999694              16
   3.71999693              16
   3.72999692              15
   3.73999691              14
   3.74999690              14
   3.75999689              14
   3.76999688              14
   3.77999687              13
   3.78999686              13
   3.79999685              13
   3.80999684              13
   3.81999683              12
   3.82999682              12
   3.83999681              12
   3.84999681              12
   3.85999680              12
   3.86999679              11
   3.87999678              10
   3.88999677              10
   3.89999676              10
   3.90999675               9
   3.91999674               9
   3.92999673               9
   3.93999672               9
   3.94999671               9
   3.95999670               9
   3.96999669               9
   3.97999668               8
   3.98999667               8
   3.99999666               8
   4.00999689               8
   4.01999712               8
   4.02999735               8
   4.03999758               8
   4.04999781               7
   4.05999804               7
   4.06999826               7
   4.07999849               7
   4.08999872               7
   4.09999895               7
   4.10999918               7
   4.11999941               7
   4.12999964               7
   4.13999987               7
   4.15000010               7
   4.16000032               7
   4.17000055               7
   4.18000078               7
   4.19000101               7
   4.20000124               7
   4.21000147               7
   4.22000170               7
   4.23000193               7
   4.24000216               7
   4.25000238               7
   4.26000261               7
   4.27000284               7
   4.28000307               7
   4.29000330               7
   4.30000353               7
   4.31000376               7
   4.32000399               7
   4.33000422               7
   4.34000444               7
   4.35000467               7
   4.36000490               7
   4.37000513               7
   4.38000536               7
   4.39000559               7
   4.40000582               7
   4.41000605               7
   4.42000628               6
   4.43000650               6
   4.44000673               6
   4.45000696               5
   4.46000719               4
   4.47000742               4
   4.48000765               4
   4.49000788               4
   4.50000811               3
   4.51000834               3
   4.52000856               3
   4.53000879               3
   4.54000902               3
   4.55000925               3
   4.56000948               3
   4.57000971               3
   4.58000994               3
   4.59001017               3
   4.60001040               3
   4.61001062               3
   4.62001085               3
   4.63001108               3
   4.64001131               3
   4.65001154               3
   4.66001177               3
   4.67001200               3
   4.68001223               2
   4.69001245               2
   4.70001268               2
   4.71001291               2
   4.72001314               2
   4.73001337               2
   4.74001360               2
   4.75001383               2
   4.76001406               1
   4.77001429               1
   4.78001451               1
   4.79001474               1
   4.80001497               1
   4.81001520               1
   4.82001543               1
   4.83001566               1
   4.84001589               1
   4.85001612               1
   4.86001635               0
   4.87001657               0
   4.88001680               0
   4.89001703               0
   4.90001726               0
   4.91001749               0
   4.92001772               0
   4.93001795               0
   4.94001818               0
   4.95001841               0
   4.96001863               0
   4.97001886               0
   4.98001909               0
   4.99001932               0
   5.00001955               0
   5.01001978               0
   5.02002001               0
   5.03002024               0
   5.04002047               0
   5.05002069               0
   5.06002092               0
   5.07002115               0
   5.08002138               0
   5.09002161               0
   5.10002184               0
   5.11002207               0
   5.12002230               0
   5.13002253               0
   5.14002275               0
   5.15002298               0
   5.16002321               0
   5.17002344               0
   5.18002367               0
   5.19002390               0
   5.20002413               0
   5.21002436               0
   5.22002459               0
   5.23002481               0
   5.24002504               0
   5.25002527               0
   5.26002550               0
   5.27002573               0
   5.28002596               0
   5.29002619               0
   5.30002642               0
   5.31002665               0
   5.32002687               0
   5.33002710               0
   5.34002733               0
   5.35002756               0
   5.36002779               0
   5.37002802               0
   5.38002825               0
   5.39002848               0
   5.40002871               0
   5.41002893               0
   5.42002916               0
   5.43002939               0
   5.44002962               0
   5.45002985               0
   5.46003008               0
   5.47003031               0
   5.48003054               0
   5.49003077               0
   5.50003099               0
   5.51003122               0
   5.52003145               0
   5.53003168               0
   5.54003191               0
   5.55003214               0
   5.56003237               0
   5.57003260               0
   5.58003283               0
   5.59003305               0
   5.60003328               0
   5.61003351               0
   5.62003374               0
   5.63003397               0
   5.64003420               0
   5.65003443               0
   5.66003466               0
   5.67003489               0
   5.68003511               0
   5.69003534               0
   5.70003557               0
   5.71003580               0
   5.72003603               0
   5.73003626               0
   5.74003649               0
   5.75003672               0
   5.76003695               0
   5.77003717               0
   5.78003740               0
   5.79003763               0
   5.80003786               0
   5.81003809               0
   5.82003832               0
   5.83003855               0
   5.84003878               0
   5.85003901               0
   5.86003923               0
   5.87003946               0
   5.88003969               0
   5.89003992               0
   5.90004015               0
   5.91004038               0
   5.92004061               0
   5.93004084               0
   5.94004107               0
   5.95004129               0
   5.96004152               0
   5.97004175               0
   5.98004198               0
   5.99004221               0
   6.00004244               0
   6.01004267               0
   6.02004290               0
   6.03004313               0
   6.04004335               0
   6.05004358               0
   6.06004381               0
   6.07004404               0
   6.08004427               0
   6.09004450               0
   6.10004473               0
   6.11004496               0
   6.12004519               0
   6.13004541               0
   6.14004564               0
   6.15004587               0
   6.16004610               0
   6.17004633               0
   6.18004656               0
   6.19004679               0
   6.20004702               0
   6.21004725               0
   6.22004747               0
   6.23004770               0
   6.24004793               0
   6.25004816               0
   6.26004839               0
   6.27004862               0
   6.28004885               0
   6.29004908               0
   6.30004930               0
   6.31004953               0
   6.32004976               0
   6.33004999               0
   6.34005022               0
   6.35005045               0
   6.36005068               0
   6.37005091               0
   6.38005114               0
   6.39005136               0
   6.40005159               0
   6.41005182               0
   6.42005205               0
   6.43005228               0
   6.44005251               0
   6.45005274               0
   6.46005297               0
   6.47005320               0
   6.48005342               0
   6.49005365               0
   6.50005388               0
   6.51005411               0
   6.52005434               0
   6.53005457               0
   6.54005480               0
   6.55005503               0
   6.56005526               0
   6.57005548               0
   6.58005571               0
   6.59005594               0
   6.60005617               0
   6.61005640               0
   6.62005663               0
   6.63005686               0
   6.64005709               0
   6.65005732               0
   6.66005754               0
   6.67005777               0
   6.68005800               0
   6.69005823               0
   6.70005846               0
   6.71005869               0
   6.72005892               0
   6.73005915               0
   6.74005938               0
   6.75005960               0
   6.76005983               0
   6.77006006               0
   6.78006029               0
   6.79006052               0
   6.80006075               0
   6.81006098               0
   6.82006121               0
   6.83006144               0
   6.84006166               0
   6.85006189               0
   6.86006212               0
   6.87006235               0
   6.88006258               0
   6.89006281               0
   6.90006304               0
   6.91006327               0
   6.92006350               0
   6.93006372               0
   6.94006395               0
   6.95006418               0
   6.96006441               0
   6.97006464               0
   6.98006487               0
   6.99006510               0
   7.00006533               0
   7.01006556               0
   7.02006578               0
   7.03006601               0
   7.04006624               0
   7.05006647               0
   7.06006670               0
   7.07006693               0
   7.08006716               0
   7.09006739               0
   7.10006762               0
   7.11006784               0
   7.12006807               0
   7.13006830               0
   7.14006853               0
   7.15006876               0
   7.16006899               0
   7.17006922               0
   7.18006945               0
   7.19006968               0
   7.20006990               0
   7.21007013               0
   7.22007036               0
   7.23007059               0
   7.24007082               0
   7.25007105               0
   7.26007128               0
   7.27007151               0
   7.28007174               0
   7.29007196               0
   7.30007219               0
   7.31007242               0
   7.32007265               0
   7.33007288               0
   7.34007311               0
   7.35007334               0
   7.36007357               0
   7.37007380               0
   7.38007402               0
   7.39007425               0
   7.40007448               0
   7.41007471               0
   7.42007494               0
   7.43007517               0
   7.44007540               0
   7.45007563               0
   7.46007586               0
   7.47007608               0
   7.48007631               0
   7.49007654               0
   7.50007677               0
   7.51007700               0
   7.52007723               0
   7.53007746               0
   7.54007769               0
   7.55007792               0
   7.56007814               0
   7.57007837               0
   7.58007860               0
   7.59007883               0
   7.60007906               0
   7.61007929               0
   7.62007952               0
   7.63007975               0
   7.64007998               0
   7.65008020               0
   7.66008043               0
   7.67008066               0
   7.68008089               0
   7.69008112               0
   7.70008135               0
   7.71008158               0
   7.72008181               0
   7.73008204               0
   7.74008226               0
   7.75008249               0
   7.76008272               0
   7.77008295               0
   7.78008318               0
   7.79008341               0
   7.80008364               0
   7.81008387               0
   7.82008410               0
   7.83008432               0
   7.84008455               0
   7.85008478               0
   7.86008501               0
   7.87008524               0
   7.88008547               0
   7.89008570               0
   7.90008593               0
   7.91008615               0
   7.92008638               0
   7.93008661               0
   7.94008684               0
   7.95008707               0
   7.96008730               0
   7.97008753               0
   7.98008776               0
   7.99008799               0
   8.00008774               0
