   0.00000000             991
   9.99999978E-03         981
   1.99999996E-02         973
   2.99999993E-02         964
   3.99999991E-02         951
   4.99999970E-02         947
   5.99999949E-02         944
   6.99999928E-02         937
   7.99999908E-02         924
   8.99999887E-02         918
   9.99999866E-02         909
  0.109999985             889
  0.119999982             877
  0.129999980             872
  0.139999986             866
  0.149999991             852
  0.159999996             847
  0.170000002             838
  0.180000007             833
  0.190000013             821
  0.200000018             817
  0.210000023             805
  0.220000029             799
  0.230000034             791
  0.240000039             779
  0.250000030             771
  0.260000020             765
  0.270000011             756
  0.280000001             751
  0.289999992             744
  0.299999982             735
  0.309999973             729
  0.319999963             723
  0.329999954             709
  0.339999944             703
  0.349999934             690
  0.359999925             675
  0.369999915             667
  0.379999906             660
  0.389999896             653
  0.399999887             648
  0.409999877             642
  0.419999868             638
  0.429999858             631
  0.439999849             624
  0.449999839             618
  0.459999830             611
  0.469999820             611
  0.479999810             603
  0.489999801             595
  0.499999791             589
  0.509999812             583
  0.519999802             578
  0.529999793             572
  0.539999783             566
  0.549999774             562
  0.559999764             557
  0.569999754             548
  0.579999745             542
  0.589999735             536
  0.599999726             528
  0.609999716             522
  0.619999707             516
  0.629999697             511
  0.639999688             508
  0.649999678             502
  0.659999669             498
  0.669999659             494
  0.679999650             489
  0.689999640             483
  0.699999630             482
  0.709999621             476
  0.719999611             471
  0.729999602             467
  0.739999592             463
  0.749999583             460
  0.759999573             455
  0.769999564             450
  0.779999554             440
  0.789999545             437
  0.799999535             433
  0.809999526             431
  0.819999516             428
  0.829999506             424
  0.839999497             418
  0.849999487             414
  0.859999478             413
  0.869999468             412
  0.879999459             406
  0.889999449             404
  0.899999440             399
  0.909999430             394
  0.919999421             389
  0.929999411             385
  0.939999402             383
  0.949999392             380
  0.959999382             377
  0.969999373             374
  0.979999363             366
  0.989999354             362
  0.999999344             360
   1.00999939             357
   1.01999938             353
   1.02999938             352
   1.03999937             349
   1.04999936             345
   1.05999935             345
   1.06999934             342
   1.07999933             336
   1.08999932             334
   1.09999931             332
   1.10999930             328
   1.11999929             322
   1.12999928             319
   1.13999927             314
   1.14999926             310
   1.15999925             308
   1.16999924             305
   1.17999923             303
   1.18999922             298
   1.19999921             291
   1.20999920             285
   1.21999919             282
   1.22999918             280
   1.23999918             279
   1.24999917             274
   1.25999916             272
   1.26999915             269
   1.27999914             269
   1.28999913             265
   1.29999912             263
   1.30999911             256
   1.31999910             253
   1.32999909             248
   1.33999908             243
   1.34999907             240
   1.35999906             234
   1.36999905             233
   1.37999904             229
   1.38999903             226
   1.39999902             222
   1.40999901             217
   1.41999900             213
   1.42999899             212
   1.43999898             211
   1.44999897             209
   1.45999897             206
   1.46999896             203
   1.47999895             200
   1.48999894             198
   1.49999893             194
   1.50999892             192
   1.51999891             189
   1.52999890             187
   1.53999889             184
   1.54999888             183
   1.55999887             182
   1.56999886             180
   1.57999885             179
   1.58999884             177
   1.59999883             177
   1.60999882             174
   1.61999881             171
   1.62999880             171
   1.63999879             170
   1.64999878             170
   1.65999877             167
   1.66999876             167
   1.67999876             167
   1.68999875             165
   1.69999874             165
   1.70999873             162
   1.71999872             159
   1.72999871             158
   1.73999870             158
   1.74999869             154
   1.75999868             153
   1.76999867             151
   1.77999866             150
   1.78999865             150
   1.79999864             150
   1.80999863             147
   1.81999862             147
   1.82999861             146
   1.83999860             145
   1.84999859             144
   1.85999858             143
   1.86999857             140
   1.87999856             138
   1.88999856             137
   1.89999855             134
   1.90999854             133
   1.91999853             131
   1.92999852             131
   1.93999851             131
   1.94999850             129
   1.95999849             125
   1.96999848             125
   1.97999847             124
   1.98999846             124
   1.99999845             124
   2.00999856             123
   2.01999855             123
   2.02999854             120
   2.03999853             117
   2.04999852             115
   2.05999851             113
   2.06999850             112
   2.07999849             111
   2.08999848             109
   2.09999847             108
   2.10999846             108
   2.11999846             104
   2.12999845             103
   2.13999844             103
   2.14999843             102
   2.15999842             102
   2.16999841             101
   2.17999840             100
   2.18999839              99
   2.19999838              98
   2.20999837              97
   2.21999836              96
   2.22999835              94
   2.23999834              94
   2.24999833              93
   2.25999832              92
   2.26999831              91
   2.27999830              88
   2.28999829              87
   2.29999828              87
   2.30999827              86
   2.31999826              86
   2.32999825              83
   2.33999825              83
   2.34999824              83
   2.35999823              83
   2.36999822              81
   2.37999821              79
   2.38999820              79
   2.39999819              79
   2.40999818              76
   2.41999817              76
   2.42999816              76
   2.43999815              76
   2.44999814              74
   2.45999813              71
   2.46999812              69
   2.47999811              68
   2.48999810              67
   2.49999809              67
   2.50999808              67
   2.51999807              67
   2.52999806              66
   2.53999805              64
   2.54999804              64
   2.55999804              64
   2.56999803              64
   2.57999802              63
   2.58999801              61
   2.59999800              61
   2.60999799              61
   2.61999798              61
   2.62999797              61
   2.63999796              61
   2.64999795              61
   2.65999794              60
   2.66999793              59
   2.67999792              59
   2.68999791              57
   2.69999790              57
   2.70999789              57
   2.71999788              57
   2.72999787              57
   2.73999786              57
   2.74999785              57
   2.75999784              55
   2.76999784              55
   2.77999783              54
   2.78999782              52
   2.79999781              52
   2.80999780              52
   2.81999779              52
   2.82999778              52
   2.83999777              51
   2.84999776              51
   2.85999775              50
   2.86999774              48
   2.87999773              47
   2.88999772              47
   2.89999771              46
   2.90999770              46
   2.91999769              45
   2.92999768              45
   2.93999767              44
   2.94999766              43
   2.95999765              43
   2.96999764              43
   2.97999763              43
   2.98999763              43
   2.99999762              43
   3.00999761              43
   3.01999760              42
   3.02999759              42
   3.03999758              42
   3.04999757              42
   3.05999756              42
   3.06999755              40
   3.07999754              40
   3.08999753              40
   3.09999752              38
   3.10999751              38
   3.11999750              38
   3.12999749              37
   3.13999748              36
   3.14999747              36
   3.15999746              36
   3.16999745              36
   3.17999744              35
   3.18999743              35
   3.19999743              34
   3.20999742              34
   3.21999741              34
   3.22999740              34
   3.23999739              34
   3.24999738              34
   3.25999737              34
   3.26999736              34
   3.27999735              34
   3.28999734              32
   3.29999733              32
   3.30999732              31
   3.31999731              31
   3.32999730              31
   3.33999729              30
   3.34999728              30
   3.35999727              30
   3.36999726              29
   3.37999725              28
   3.38999724              28
   3.39999723              28
   3.40999722              27
   3.41999722              27
   3.42999721              27
   3.43999720              26
   3.44999719              25
   3.45999718              25
   3.46999717              25
   3.47999716              25
   3.48999715              25
   3.49999714              25
   3.50999713              25
   3.51999712              23
   3.52999711              23
   3.53999710              23
   3.54999709              23
   3.55999708              22
   3.56999707              22
   3.57999706              22
   3.58999705              22
   3.59999704              20
   3.60999703              19
   3.61999702              19
   3.62999701              19
   3.63999701              19
   3.64999700              19
   3.65999699              19
   3.66999698              19
   3.67999697              19
   3.68999696              19
   3.69999695              19
   3.70999694              19
   3.71999693              19
   3.72999692              18
   3.73999691              18
   3.74999690              18
   3.75999689              18
   3.76999688              18
   3.77999687              18
   3.78999686              18
   3.79999685              18
   3.80999684              18
   3.81999683              18
   3.82999682              18
   3.83999681              18
   3.84999681              17
   3.85999680              17
   3.86999679              17
   3.87999678              16
   3.88999677              16
   3.89999676              16
   3.90999675              16
   3.91999674              16
   3.92999673              16
   3.93999672              15
   3.94999671              15
   3.95999670              15
   3.96999669              15
   3.97999668              14
   3.98999667              13
   3.99999666              13
   4.00999689              13
   4.01999712              13
   4.02999735              12
   4.03999758              12
   4.04999781              12
   4.05999804              11
   4.06999826              11
   4.07999849              10
   4.08999872              10
   4.09999895              10
   4.10999918              10
   4.11999941              10
   4.12999964              10
   4.13999987               9
   4.15000010               9
   4.16000032               9
   4.17000055               8
   4.18000078               8
   4.19000101               8
   4.20000124               8
   4.21000147               8
   4.22000170               8
   4.23000193               8
   4.24000216               8
   4.25000238               7
   4.26000261               7
   4.27000284               7
   4.28000307               7
   4.29000330               7
   4.30000353               7
   4.31000376               7
   4.32000399               7
   4.33000422               7
   4.34000444               7
   4.35000467               7
   4.36000490               7
   4.37000513               7
   4.38000536               7
   4.39000559               7
   4.40000582               7
   4.41000605               7
   4.42000628               7
   4.43000650               7
   4.44000673               7
   4.45000696               7
   4.46000719               7
   4.47000742               7
   4.48000765               7
   4.49000788               7
   4.50000811               7
   4.51000834               7
   4.52000856               7
   4.53000879               7
   4.54000902               6
   4.55000925               6
   4.56000948               6
   4.57000971               6
   4.58000994               6
   4.59001017               6
   4.60001040               6
   4.61001062               6
   4.62001085               6
   4.63001108               6
   4.64001131               6
   4.65001154               6
   4.66001177               6
   4.67001200               6
   4.68001223               6
   4.69001245               6
   4.70001268               6
   4.71001291               6
   4.72001314               6
   4.73001337               6
   4.74001360               5
   4.75001383               5
   4.76001406               5
   4.77001429               5
   4.78001451               5
   4.79001474               5
   4.80001497               5
   4.81001520               5
   4.82001543               5
   4.83001566               5
   4.84001589               5
   4.85001612               5
   4.86001635               4
   4.87001657               4
   4.88001680               4
   4.89001703               4
   4.90001726               4
   4.91001749               4
   4.92001772               4
   4.93001795               4
   4.94001818               4
   4.95001841               4
   4.96001863               4
   4.97001886               4
   4.98001909               4
   4.99001932               4
   5.00001955               4
   5.01001978               4
   5.02002001               4
   5.03002024               4
   5.04002047               4
   5.05002069               4
   5.06002092               4
   5.07002115               4
   5.08002138               4
   5.09002161               4
   5.10002184               4
   5.11002207               4
   5.12002230               4
   5.13002253               4
   5.14002275               4
   5.15002298               4
   5.16002321               4
   5.17002344               4
   5.18002367               4
   5.19002390               4
   5.20002413               4
   5.21002436               4
   5.22002459               3
   5.23002481               3
   5.24002504               3
   5.25002527               3
   5.26002550               3
   5.27002573               3
   5.28002596               3
   5.29002619               3
   5.30002642               3
   5.31002665               3
   5.32002687               3
   5.33002710               3
   5.34002733               3
   5.35002756               3
   5.36002779               3
   5.37002802               3
   5.38002825               3
   5.39002848               3
   5.40002871               2
   5.41002893               2
   5.42002916               2
   5.43002939               2
   5.44002962               2
   5.45002985               2
   5.46003008               2
   5.47003031               2
   5.48003054               2
   5.49003077               2
   5.50003099               2
   5.51003122               1
   5.52003145               1
   5.53003168               1
   5.54003191               1
   5.55003214               1
   5.56003237               1
   5.57003260               1
   5.58003283               1
   5.59003305               1
   5.60003328               1
   5.61003351               0
   5.62003374               0
   5.63003397               0
   5.64003420               0
   5.65003443               0
   5.66003466               0
   5.67003489               0
   5.68003511               0
   5.69003534               0
   5.70003557               0
   5.71003580               0
   5.72003603               0
   5.73003626               0
   5.74003649               0
   5.75003672               0
   5.76003695               0
   5.77003717               0
   5.78003740               0
   5.79003763               0
   5.80003786               0
   5.81003809               0
   5.82003832               0
   5.83003855               0
   5.84003878               0
   5.85003901               0
   5.86003923               0
   5.87003946               0
   5.88003969               0
   5.89003992               0
   5.90004015               0
   5.91004038               0
   5.92004061               0
   5.93004084               0
   5.94004107               0
   5.95004129               0
   5.96004152               0
   5.97004175               0
   5.98004198               0
   5.99004221               0
   6.00004244               0
   6.01004267               0
   6.02004290               0
   6.03004313               0
   6.04004335               0
   6.05004358               0
   6.06004381               0
   6.07004404               0
   6.08004427               0
   6.09004450               0
   6.10004473               0
   6.11004496               0
   6.12004519               0
   6.13004541               0
   6.14004564               0
   6.15004587               0
   6.16004610               0
   6.17004633               0
   6.18004656               0
   6.19004679               0
   6.20004702               0
   6.21004725               0
   6.22004747               0
   6.23004770               0
   6.24004793               0
   6.25004816               0
   6.26004839               0
   6.27004862               0
   6.28004885               0
   6.29004908               0
   6.30004930               0
   6.31004953               0
   6.32004976               0
   6.33004999               0
   6.34005022               0
   6.35005045               0
   6.36005068               0
   6.37005091               0
   6.38005114               0
   6.39005136               0
   6.40005159               0
   6.41005182               0
   6.42005205               0
   6.43005228               0
   6.44005251               0
   6.45005274               0
   6.46005297               0
   6.47005320               0
   6.48005342               0
   6.49005365               0
   6.50005388               0
   6.51005411               0
   6.52005434               0
   6.53005457               0
   6.54005480               0
   6.55005503               0
   6.56005526               0
   6.57005548               0
   6.58005571               0
   6.59005594               0
   6.60005617               0
   6.61005640               0
   6.62005663               0
   6.63005686               0
   6.64005709               0
   6.65005732               0
   6.66005754               0
   6.67005777               0
   6.68005800               0
   6.69005823               0
   6.70005846               0
   6.71005869               0
   6.72005892               0
   6.73005915               0
   6.74005938               0
   6.75005960               0
   6.76005983               0
   6.77006006               0
   6.78006029               0
   6.79006052               0
   6.80006075               0
   6.81006098               0
   6.82006121               0
   6.83006144               0
   6.84006166               0
   6.85006189               0
   6.86006212               0
   6.87006235               0
   6.88006258               0
   6.89006281               0
   6.90006304               0
   6.91006327               0
   6.92006350               0
   6.93006372               0
   6.94006395               0
   6.95006418               0
   6.96006441               0
   6.97006464               0
   6.98006487               0
   6.99006510               0
   7.00006533               0
   7.01006556               0
   7.02006578               0
   7.03006601               0
   7.04006624               0
   7.05006647               0
   7.06006670               0
   7.07006693               0
   7.08006716               0
   7.09006739               0
   7.10006762               0
   7.11006784               0
   7.12006807               0
   7.13006830               0
   7.14006853               0
   7.15006876               0
   7.16006899               0
   7.17006922               0
   7.18006945               0
   7.19006968               0
   7.20006990               0
   7.21007013               0
   7.22007036               0
   7.23007059               0
   7.24007082               0
   7.25007105               0
   7.26007128               0
   7.27007151               0
   7.28007174               0
   7.29007196               0
   7.30007219               0
   7.31007242               0
   7.32007265               0
   7.33007288               0
   7.34007311               0
   7.35007334               0
   7.36007357               0
   7.37007380               0
   7.38007402               0
   7.39007425               0
   7.40007448               0
   7.41007471               0
   7.42007494               0
   7.43007517               0
   7.44007540               0
   7.45007563               0
   7.46007586               0
   7.47007608               0
   7.48007631               0
   7.49007654               0
   7.50007677               0
   7.51007700               0
   7.52007723               0
   7.53007746               0
   7.54007769               0
   7.55007792               0
   7.56007814               0
   7.57007837               0
   7.58007860               0
   7.59007883               0
   7.60007906               0
   7.61007929               0
   7.62007952               0
   7.63007975               0
   7.64007998               0
   7.65008020               0
   7.66008043               0
   7.67008066               0
   7.68008089               0
   7.69008112               0
   7.70008135               0
   7.71008158               0
   7.72008181               0
   7.73008204               0
   7.74008226               0
   7.75008249               0
   7.76008272               0
   7.77008295               0
   7.78008318               0
   7.79008341               0
   7.80008364               0
   7.81008387               0
   7.82008410               0
   7.83008432               0
   7.84008455               0
   7.85008478               0
   7.86008501               0
   7.87008524               0
   7.88008547               0
   7.89008570               0
   7.90008593               0
   7.91008615               0
   7.92008638               0
   7.93008661               0
   7.94008684               0
   7.95008707               0
   7.96008730               0
   7.97008753               0
   7.98008776               0
   7.99008799               0
   8.00008774               0
