   0.00000000             990
   9.99999978E-03         980
   1.99999996E-02         969
   2.99999993E-02         962
   3.99999991E-02         952
   4.99999970E-02         946
   5.99999949E-02         936
   6.99999928E-02         922
   7.99999908E-02         914
   8.99999887E-02         904
   9.99999866E-02         900
  0.109999985             892
  0.119999982             882
  0.129999980             873
  0.139999986             867
  0.149999991             857
  0.159999996             849
  0.170000002             831
  0.180000007             820
  0.190000013             814
  0.200000018             806
  0.210000023             802
  0.220000029             795
  0.230000034             785
  0.240000039             779
  0.250000030             772
  0.260000020             763
  0.270000011             758
  0.280000001             751
  0.289999992             746
  0.299999982             737
  0.309999973             732
  0.319999963             727
  0.329999954             718
  0.339999944             707
  0.349999934             697
  0.359999925             692
  0.369999915             679
  0.379999906             671
  0.389999896             662
  0.399999887             654
  0.409999877             648
  0.419999868             640
  0.429999858             633
  0.439999849             629
  0.449999839             624
  0.459999830             618
  0.469999820             612
  0.479999810             607
  0.489999801             602
  0.499999791             592
  0.509999812             584
  0.519999802             573
  0.529999793             568
  0.539999783             563
  0.549999774             553
  0.559999764             546
  0.569999754             540
  0.579999745             537
  0.589999735             528
  0.599999726             527
  0.609999716             519
  0.619999707             514
  0.629999697             500
  0.639999688             497
  0.649999678             493
  0.659999669             491
  0.669999659             484
  0.679999650             480
  0.689999640             478
  0.699999630             475
  0.709999621             470
  0.719999611             465
  0.729999602             455
  0.739999592             451
  0.749999583             443
  0.759999573             434
  0.769999564             433
  0.779999554             431
  0.789999545             429
  0.799999535             420
  0.809999526             417
  0.819999516             415
  0.829999506             413
  0.839999497             411
  0.849999487             408
  0.859999478             402
  0.869999468             398
  0.879999459             394
  0.889999449             388
  0.899999440             384
  0.909999430             380
  0.919999421             374
  0.929999411             369
  0.939999402             364
  0.949999392             360
  0.959999382             358
  0.969999373             356
  0.979999363             355
  0.989999354             352
  0.999999344             349
   1.00999939             347
   1.01999938             343
   1.02999938             340
   1.03999937             337
   1.04999936             333
   1.05999935             331
   1.06999934             330
   1.07999933             329
   1.08999932             325
   1.09999931             322
   1.10999930             319
   1.11999929             315
   1.12999928             309
   1.13999927             305
   1.14999926             302
   1.15999925             300
   1.16999924             295
   1.17999923             291
   1.18999922             289
   1.19999921             283
   1.20999920             280
   1.21999919             277
   1.22999918             275
   1.23999918             275
   1.24999917             275
   1.25999916             274
   1.26999915             274
   1.27999914             269
   1.28999913             266
   1.29999912             264
   1.30999911             260
   1.31999910             256
   1.32999909             253
   1.33999908             250
   1.34999907             247
   1.35999906             244
   1.36999905             241
   1.37999904             240
   1.38999903             239
   1.39999902             238
   1.40999901             237
   1.41999900             232
   1.42999899             231
   1.43999898             227
   1.44999897             224
   1.45999897             222
   1.46999896             222
   1.47999895             220
   1.48999894             219
   1.49999893             217
   1.50999892             217
   1.51999891             215
   1.52999890             213
   1.53999889             210
   1.54999888             207
   1.55999887             203
   1.56999886             202
   1.57999885             202
   1.58999884             197
   1.59999883             196
   1.60999882             192
   1.61999881             190
   1.62999880             189
   1.63999879             187
   1.64999878             185
   1.65999877             184
   1.66999876             183
   1.67999876             181
   1.68999875             179
   1.69999874             177
   1.70999873             175
   1.71999872             175
   1.72999871             172
   1.73999870             169
   1.74999869             169
   1.75999868             167
   1.76999867             163
   1.77999866             162
   1.78999865             159
   1.79999864             158
   1.80999863             158
   1.81999862             157
   1.82999861             156
   1.83999860             154
   1.84999859             151
   1.85999858             146
   1.86999857             144
   1.87999856             141
   1.88999856             137
   1.89999855             135
   1.90999854             134
   1.91999853             134
   1.92999852             131
   1.93999851             131
   1.94999850             131
   1.95999849             131
   1.96999848             130
   1.97999847             128
   1.98999846             128
   1.99999845             126
   2.00999856             124
   2.01999855             123
   2.02999854             121
   2.03999853             120
   2.04999852             118
   2.05999851             117
   2.06999850             115
   2.07999849             111
   2.08999848             109
   2.09999847             109
   2.10999846             108
   2.11999846             108
   2.12999845             108
   2.13999844             108
   2.14999843             106
   2.15999842             104
   2.16999841             102
   2.17999840             100
   2.18999839             100
   2.19999838              99
   2.20999837              96
   2.21999836              96
   2.22999835              95
   2.23999834              95
   2.24999833              91
   2.25999832              90
   2.26999831              89
   2.27999830              89
   2.28999829              87
   2.29999828              87
   2.30999827              84
   2.31999826              83
   2.32999825              82
   2.33999825              79
   2.34999824              76
   2.35999823              75
   2.36999822              75
   2.37999821              75
   2.38999820              75
   2.39999819              73
   2.40999818              73
   2.41999817              73
   2.42999816              73
   2.43999815              72
   2.44999814              72
   2.45999813              71
   2.46999812              71
   2.47999811              71
   2.48999810              71
   2.49999809              69
   2.50999808              68
   2.51999807              67
   2.52999806              66
   2.53999805              65
   2.54999804              65
   2.55999804              65
   2.56999803              63
   2.57999802              62
   2.58999801              62
   2.59999800              62
   2.60999799              62
   2.61999798              61
   2.62999797              60
   2.63999796              59
   2.64999795              59
   2.65999794              58
   2.66999793              58
   2.67999792              58
   2.68999791              58
   2.69999790              58
   2.70999789              58
   2.71999788              57
   2.72999787              54
   2.73999786              54
   2.74999785              54
   2.75999784              54
   2.76999784              53
   2.77999783              53
   2.78999782              53
   2.79999781              53
   2.80999780              53
   2.81999779              52
   2.82999778              51
   2.83999777              51
   2.84999776              51
   2.85999775              51
   2.86999774              48
   2.87999773              48
   2.88999772              47
   2.89999771              46
   2.90999770              46
   2.91999769              46
   2.92999768              46
   2.93999767              46
   2.94999766              46
   2.95999765              46
   2.96999764              45
   2.97999763              45
   2.98999763              45
   2.99999762              45
   3.00999761              45
   3.01999760              45
   3.02999759              45
   3.03999758              45
   3.04999757              45
   3.05999756              45
   3.06999755              44
   3.07999754              44
   3.08999753              44
   3.09999752              44
   3.10999751              44
   3.11999750              44
   3.12999749              44
   3.13999748              44
   3.14999747              44
   3.15999746              44
   3.16999745              44
   3.17999744              44
   3.18999743              44
   3.19999743              44
   3.20999742              42
   3.21999741              42
   3.22999740              42
   3.23999739              42
   3.24999738              41
   3.25999737              40
   3.26999736              40
   3.27999735              40
   3.28999734              40
   3.29999733              39
   3.30999732              39
   3.31999731              39
   3.32999730              39
   3.33999729              39
   3.34999728              39
   3.35999727              39
   3.36999726              38
   3.37999725              38
   3.38999724              37
   3.39999723              35
   3.40999722              33
   3.41999722              32
   3.42999721              32
   3.43999720              32
   3.44999719              32
   3.45999718              32
   3.46999717              31
   3.47999716              30
   3.48999715              30
   3.49999714              30
   3.50999713              30
   3.51999712              30
   3.52999711              30
   3.53999710              30
   3.54999709              29
   3.55999708              29
   3.56999707              29
   3.57999706              29
   3.58999705              29
   3.59999704              29
   3.60999703              29
   3.61999702              29
   3.62999701              28
   3.63999701              28
   3.64999700              28
   3.65999699              27
   3.66999698              27
   3.67999697              26
   3.68999696              26
   3.69999695              26
   3.70999694              26
   3.71999693              26
   3.72999692              26
   3.73999691              26
   3.74999690              25
   3.75999689              25
   3.76999688              24
   3.77999687              22
   3.78999686              22
   3.79999685              22
   3.80999684              22
   3.81999683              22
   3.82999682              22
   3.83999681              21
   3.84999681              21
   3.85999680              21
   3.86999679              21
   3.87999678              21
   3.88999677              20
   3.89999676              20
   3.90999675              19
   3.91999674              18
   3.92999673              18
   3.93999672              18
   3.94999671              18
   3.95999670              18
   3.96999669              17
   3.97999668              17
   3.98999667              17
   3.99999666              17
   4.00999689              17
   4.01999712              16
   4.02999735              16
   4.03999758              16
   4.04999781              16
   4.05999804              16
   4.06999826              16
   4.07999849              16
   4.08999872              16
   4.09999895              15
   4.10999918              15
   4.11999941              15
   4.12999964              14
   4.13999987              14
   4.15000010              14
   4.16000032              14
   4.17000055              14
   4.18000078              14
   4.19000101              14
   4.20000124              14
   4.21000147              14
   4.22000170              14
   4.23000193              14
   4.24000216              14
   4.25000238              14
   4.26000261              14
   4.27000284              14
   4.28000307              13
   4.29000330              13
   4.30000353              13
   4.31000376              13
   4.32000399              13
   4.33000422              13
   4.34000444              13
   4.35000467              13
   4.36000490              13
   4.37000513              13
   4.38000536              13
   4.39000559              13
   4.40000582              13
   4.41000605              13
   4.42000628              13
   4.43000650              13
   4.44000673              13
   4.45000696              13
   4.46000719              13
   4.47000742              13
   4.48000765              13
   4.49000788              12
   4.50000811              12
   4.51000834              11
   4.52000856              10
   4.53000879              10
   4.54000902              10
   4.55000925              10
   4.56000948              10
   4.57000971              10
   4.58000994              10
   4.59001017              10
   4.60001040               9
   4.61001062               9
   4.62001085               9
   4.63001108               9
   4.64001131               9
   4.65001154               9
   4.66001177               9
   4.67001200               9
   4.68001223               9
   4.69001245               9
   4.70001268               9
   4.71001291               9
   4.72001314               9
   4.73001337               9
   4.74001360               9
   4.75001383               9
   4.76001406               8
   4.77001429               8
   4.78001451               8
   4.79001474               8
   4.80001497               8
   4.81001520               8
   4.82001543               8
   4.83001566               8
   4.84001589               8
   4.85001612               7
   4.86001635               7
   4.87001657               7
   4.88001680               7
   4.89001703               7
   4.90001726               7
   4.91001749               7
   4.92001772               7
   4.93001795               7
   4.94001818               7
   4.95001841               7
   4.96001863               7
   4.97001886               7
   4.98001909               7
   4.99001932               7
   5.00001955               7
   5.01001978               7
   5.02002001               7
   5.03002024               7
   5.04002047               7
   5.05002069               7
   5.06002092               6
   5.07002115               6
   5.08002138               6
   5.09002161               6
   5.10002184               6
   5.11002207               6
   5.12002230               6
   5.13002253               6
   5.14002275               6
   5.15002298               6
   5.16002321               6
   5.17002344               6
   5.18002367               6
   5.19002390               6
   5.20002413               6
   5.21002436               6
   5.22002459               6
   5.23002481               6
   5.24002504               6
   5.25002527               6
   5.26002550               6
   5.27002573               6
   5.28002596               5
   5.29002619               5
   5.30002642               5
   5.31002665               5
   5.32002687               5
   5.33002710               5
   5.34002733               5
   5.35002756               5
   5.36002779               5
   5.37002802               5
   5.38002825               5
   5.39002848               5
   5.40002871               5
   5.41002893               5
   5.42002916               5
   5.43002939               5
   5.44002962               5
   5.45002985               5
   5.46003008               5
   5.47003031               5
   5.48003054               5
   5.49003077               5
   5.50003099               5
   5.51003122               5
   5.52003145               3
   5.53003168               3
   5.54003191               3
   5.55003214               3
   5.56003237               3
   5.57003260               3
   5.58003283               3
   5.59003305               3
   5.60003328               3
   5.61003351               3
   5.62003374               3
   5.63003397               3
   5.64003420               3
   5.65003443               3
   5.66003466               3
   5.67003489               3
   5.68003511               3
   5.69003534               3
   5.70003557               3
   5.71003580               3
   5.72003603               3
   5.73003626               3
   5.74003649               3
   5.75003672               3
   5.76003695               3
   5.77003717               3
   5.78003740               3
   5.79003763               3
   5.80003786               3
   5.81003809               3
   5.82003832               3
   5.83003855               3
   5.84003878               3
   5.85003901               3
   5.86003923               3
   5.87003946               3
   5.88003969               3
   5.89003992               3
   5.90004015               3
   5.91004038               3
   5.92004061               3
   5.93004084               3
   5.94004107               3
   5.95004129               3
   5.96004152               3
   5.97004175               3
   5.98004198               3
   5.99004221               3
   6.00004244               3
   6.01004267               3
   6.02004290               3
   6.03004313               2
   6.04004335               2
   6.05004358               2
   6.06004381               2
   6.07004404               2
   6.08004427               2
   6.09004450               2
   6.10004473               2
   6.11004496               2
   6.12004519               2
   6.13004541               2
   6.14004564               2
   6.15004587               2
   6.16004610               2
   6.17004633               2
   6.18004656               2
   6.19004679               2
   6.20004702               2
   6.21004725               2
   6.22004747               2
   6.23004770               2
   6.24004793               2
   6.25004816               2
   6.26004839               2
   6.27004862               2
   6.28004885               2
   6.29004908               2
   6.30004930               2
   6.31004953               2
   6.32004976               2
   6.33004999               2
   6.34005022               2
   6.35005045               2
   6.36005068               2
   6.37005091               2
   6.38005114               2
   6.39005136               2
   6.40005159               2
   6.41005182               2
   6.42005205               2
   6.43005228               2
   6.44005251               2
   6.45005274               2
   6.46005297               2
   6.47005320               2
   6.48005342               2
   6.49005365               2
   6.50005388               2
   6.51005411               2
   6.52005434               2
   6.53005457               2
   6.54005480               2
   6.55005503               2
   6.56005526               2
   6.57005548               2
   6.58005571               2
   6.59005594               2
   6.60005617               2
   6.61005640               2
   6.62005663               2
   6.63005686               2
   6.64005709               2
   6.65005732               2
   6.66005754               2
   6.67005777               2
   6.68005800               2
   6.69005823               2
   6.70005846               2
   6.71005869               2
   6.72005892               2
   6.73005915               2
   6.74005938               2
   6.75005960               2
   6.76005983               2
   6.77006006               2
   6.78006029               2
   6.79006052               2
   6.80006075               2
   6.81006098               2
   6.82006121               2
   6.83006144               2
   6.84006166               2
   6.85006189               2
   6.86006212               2
   6.87006235               2
   6.88006258               2
   6.89006281               2
   6.90006304               2
   6.91006327               2
   6.92006350               2
   6.93006372               2
   6.94006395               2
   6.95006418               2
   6.96006441               2
   6.97006464               2
   6.98006487               2
   6.99006510               2
   7.00006533               2
   7.01006556               2
   7.02006578               2
   7.03006601               2
   7.04006624               2
   7.05006647               2
   7.06006670               2
   7.07006693               2
   7.08006716               2
   7.09006739               2
   7.10006762               2
   7.11006784               2
   7.12006807               2
   7.13006830               2
   7.14006853               2
   7.15006876               2
   7.16006899               2
   7.17006922               2
   7.18006945               2
   7.19006968               2
   7.20006990               2
   7.21007013               2
   7.22007036               2
   7.23007059               2
   7.24007082               2
   7.25007105               2
   7.26007128               2
   7.27007151               2
   7.28007174               2
   7.29007196               2
   7.30007219               2
   7.31007242               2
   7.32007265               2
   7.33007288               2
   7.34007311               2
   7.35007334               2
   7.36007357               2
   7.37007380               2
   7.38007402               2
   7.39007425               2
   7.40007448               2
   7.41007471               2
   7.42007494               2
   7.43007517               2
   7.44007540               2
   7.45007563               2
   7.46007586               2
   7.47007608               2
   7.48007631               2
   7.49007654               2
   7.50007677               2
   7.51007700               2
   7.52007723               1
   7.53007746               1
   7.54007769               1
   7.55007792               1
   7.56007814               1
   7.57007837               1
   7.58007860               1
   7.59007883               1
   7.60007906               1
   7.61007929               1
   7.62007952               1
   7.63007975               1
   7.64007998               1
   7.65008020               1
   7.66008043               1
   7.67008066               1
   7.68008089               1
   7.69008112               1
   7.70008135               1
   7.71008158               1
   7.72008181               1
   7.73008204               1
   7.74008226               1
   7.75008249               1
   7.76008272               1
   7.77008295               1
   7.78008318               1
   7.79008341               1
   7.80008364               1
   7.81008387               1
   7.82008410               1
   7.83008432               1
   7.84008455               1
   7.85008478               1
   7.86008501               1
   7.87008524               1
   7.88008547               1
   7.89008570               1
   7.90008593               1
   7.91008615               1
   7.92008638               1
   7.93008661               1
   7.94008684               1
   7.95008707               1
   7.96008730               1
   7.97008753               1
   7.98008776               1
   7.99008799               1
   8.00008774               1
