   0.00000000             987
   9.99999978E-03         975
   1.99999996E-02         971
   2.99999993E-02         956
   3.99999991E-02         944
   4.99999970E-02         933
   5.99999949E-02         923
   6.99999928E-02         910
   7.99999908E-02         895
   8.99999887E-02         889
   9.99999866E-02         876
  0.109999985             867
  0.119999982             858
  0.129999980             847
  0.139999986             842
  0.149999991             835
  0.159999996             827
  0.170000002             821
  0.180000007             815
  0.190000013             801
  0.200000018             797
  0.210000023             788
  0.220000029             778
  0.230000034             769
  0.240000039             760
  0.250000030             754
  0.260000020             744
  0.270000011             737
  0.280000001             734
  0.289999992             725
  0.299999982             714
  0.309999973             703
  0.319999963             697
  0.329999954             691
  0.339999944             681
  0.349999934             672
  0.359999925             663
  0.369999915             658
  0.379999906             645
  0.389999896             633
  0.399999887             627
  0.409999877             619
  0.419999868             609
  0.429999858             601
  0.439999849             594
  0.449999839             588
  0.459999830             584
  0.469999820             577
  0.479999810             574
  0.489999801             566
  0.499999791             563
  0.509999812             556
  0.519999802             550
  0.529999793             541
  0.539999783             534
  0.549999774             523
  0.559999764             518
  0.569999754             512
  0.579999745             504
  0.589999735             502
  0.599999726             498
  0.609999716             494
  0.619999707             487
  0.629999697             485
  0.639999688             482
  0.649999678             479
  0.659999669             473
  0.669999659             470
  0.679999650             466
  0.689999640             461
  0.699999630             454
  0.709999621             446
  0.719999611             443
  0.729999602             443
  0.739999592             439
  0.749999583             435
  0.759999573             434
  0.769999564             426
  0.779999554             423
  0.789999545             422
  0.799999535             416
  0.809999526             413
  0.819999516             410
  0.829999506             404
  0.839999497             400
  0.849999487             400
  0.859999478             395
  0.869999468             395
  0.879999459             393
  0.889999449             389
  0.899999440             387
  0.909999430             386
  0.919999421             381
  0.929999411             376
  0.939999402             375
  0.949999392             372
  0.959999382             369
  0.969999373             364
  0.979999363             363
  0.989999354             360
  0.999999344             359
   1.00999939             354
   1.01999938             353
   1.02999938             349
   1.03999937             345
   1.04999936             340
   1.05999935             335
   1.06999934             331
   1.07999933             324
   1.08999932             321
   1.09999931             317
   1.10999930             316
   1.11999929             315
   1.12999928             313
   1.13999927             311
   1.14999926             306
   1.15999925             303
   1.16999924             301
   1.17999923             300
   1.18999922             298
   1.19999921             295
   1.20999920             294
   1.21999919             291
   1.22999918             288
   1.23999918             287
   1.24999917             286
   1.25999916             280
   1.26999915             279
   1.27999914             278
   1.28999913             277
   1.29999912             274
   1.30999911             272
   1.31999910             270
   1.32999909             265
   1.33999908             265
   1.34999907             263
   1.35999906             261
   1.36999905             260
   1.37999904             258
   1.38999903             257
   1.39999902             256
   1.40999901             253
   1.41999900             249
   1.42999899             248
   1.43999898             246
   1.44999897             243
   1.45999897             243
   1.46999896             242
   1.47999895             239
   1.48999894             235
   1.49999893             233
   1.50999892             230
   1.51999891             230
   1.52999890             229
   1.53999889             225
   1.54999888             220
   1.55999887             220
   1.56999886             215
   1.57999885             215
   1.58999884             213
   1.59999883             213
   1.60999882             212
   1.61999881             211
   1.62999880             210
   1.63999879             209
   1.64999878             205
   1.65999877             204
   1.66999876             201
   1.67999876             200
   1.68999875             196
   1.69999874             195
   1.70999873             193
   1.71999872             193
   1.72999871             190
   1.73999870             187
   1.74999869             187
   1.75999868             184
   1.76999867             182
   1.77999866             182
   1.78999865             179
   1.79999864             178
   1.80999863             175
   1.81999862             170
   1.82999861             168
   1.83999860             167
   1.84999859             165
   1.85999858             163
   1.86999857             163
   1.87999856             161
   1.88999856             158
   1.89999855             157
   1.90999854             156
   1.91999853             155
   1.92999852             155
   1.93999851             151
   1.94999850             150
   1.95999849             150
   1.96999848             148
   1.97999847             147
   1.98999846             147
   1.99999845             147
   2.00999856             146
   2.01999855             145
   2.02999854             141
   2.03999853             139
   2.04999852             139
   2.05999851             139
   2.06999850             139
   2.07999849             139
   2.08999848             138
   2.09999847             138
   2.10999846             137
   2.11999846             137
   2.12999845             137
   2.13999844             137
   2.14999843             136
   2.15999842             136
   2.16999841             134
   2.17999840             133
   2.18999839             131
   2.19999838             130
   2.20999837             126
   2.21999836             125
   2.22999835             125
   2.23999834             122
   2.24999833             122
   2.25999832             122
   2.26999831             122
   2.27999830             120
   2.28999829             119
   2.29999828             119
   2.30999827             119
   2.31999826             119
   2.32999825             119
   2.33999825             118
   2.34999824             115
   2.35999823             115
   2.36999822             113
   2.37999821             112
   2.38999820             112
   2.39999819             110
   2.40999818             110
   2.41999817             110
   2.42999816             107
   2.43999815             107
   2.44999814             105
   2.45999813             104
   2.46999812             104
   2.47999811             103
   2.48999810             102
   2.49999809             102
   2.50999808             102
   2.51999807             100
   2.52999806              99
   2.53999805              99
   2.54999804              99
   2.55999804              98
   2.56999803              96
   2.57999802              95
   2.58999801              94
   2.59999800              92
   2.60999799              89
   2.61999798              89
   2.62999797              89
   2.63999796              89
   2.64999795              88
   2.65999794              88
   2.66999793              87
   2.67999792              86
   2.68999791              85
   2.69999790              82
   2.70999789              80
   2.71999788              79
   2.72999787              79
   2.73999786              79
   2.74999785              78
   2.75999784              75
   2.76999784              75
   2.77999783              74
   2.78999782              74
   2.79999781              73
   2.80999780              73
   2.81999779              72
   2.82999778              71
   2.83999777              71
   2.84999776              70
   2.85999775              70
   2.86999774              69
   2.87999773              68
   2.88999772              68
   2.89999771              67
   2.90999770              65
   2.91999769              64
   2.92999768              63
   2.93999767              60
   2.94999766              59
   2.95999765              57
   2.96999764              57
   2.97999763              57
   2.98999763              57
   2.99999762              56
   3.00999761              56
   3.01999760              56
   3.02999759              55
   3.03999758              55
   3.04999757              54
   3.05999756              54
   3.06999755              53
   3.07999754              53
   3.08999753              52
   3.09999752              52
   3.10999751              52
   3.11999750              52
   3.12999749              51
   3.13999748              50
   3.14999747              48
   3.15999746              48
   3.16999745              47
   3.17999744              46
   3.18999743              46
   3.19999743              46
   3.20999742              46
   3.21999741              45
   3.22999740              44
   3.23999739              43
   3.24999738              43
   3.25999737              42
   3.26999736              41
   3.27999735              41
   3.28999734              40
   3.29999733              40
   3.30999732              40
   3.31999731              40
   3.32999730              40
   3.33999729              40
   3.34999728              40
   3.35999727              40
   3.36999726              40
   3.37999725              40
   3.38999724              40
   3.39999723              40
   3.40999722              40
   3.41999722              38
   3.42999721              38
   3.43999720              37
   3.44999719              37
   3.45999718              37
   3.46999717              36
   3.47999716              36
   3.48999715              35
   3.49999714              34
   3.50999713              34
   3.51999712              34
   3.52999711              34
   3.53999710              34
   3.54999709              34
   3.55999708              34
   3.56999707              34
   3.57999706              34
   3.58999705              34
   3.59999704              34
   3.60999703              34
   3.61999702              34
   3.62999701              33
   3.63999701              33
   3.64999700              32
   3.65999699              32
   3.66999698              31
   3.67999697              31
   3.68999696              31
   3.69999695              31
   3.70999694              31
   3.71999693              31
   3.72999692              31
   3.73999691              31
   3.74999690              31
   3.75999689              31
   3.76999688              31
   3.77999687              31
   3.78999686              31
   3.79999685              31
   3.80999684              30
   3.81999683              28
   3.82999682              27
   3.83999681              26
   3.84999681              26
   3.85999680              26
   3.86999679              25
   3.87999678              25
   3.88999677              25
   3.89999676              25
   3.90999675              25
   3.91999674              23
   3.92999673              23
   3.93999672              23
   3.94999671              23
   3.95999670              23
   3.96999669              23
   3.97999668              23
   3.98999667              23
   3.99999666              23
   4.00999689              23
   4.01999712              23
   4.02999735              23
   4.03999758              23
   4.04999781              23
   4.05999804              22
   4.06999826              22
   4.07999849              22
   4.08999872              22
   4.09999895              21
   4.10999918              20
   4.11999941              20
   4.12999964              20
   4.13999987              20
   4.15000010              19
   4.16000032              19
   4.17000055              19
   4.18000078              18
   4.19000101              16
   4.20000124              16
   4.21000147              16
   4.22000170              16
   4.23000193              16
   4.24000216              16
   4.25000238              15
   4.26000261              15
   4.27000284              15
   4.28000307              15
   4.29000330              15
   4.30000353              15
   4.31000376              15
   4.32000399              15
   4.33000422              15
   4.34000444              15
   4.35000467              15
   4.36000490              15
   4.37000513              15
   4.38000536              15
   4.39000559              15
   4.40000582              15
   4.41000605              15
   4.42000628              15
   4.43000650              15
   4.44000673              14
   4.45000696              14
   4.46000719              14
   4.47000742              14
   4.48000765              14
   4.49000788              14
   4.50000811              14
   4.51000834              14
   4.52000856              14
   4.53000879              14
   4.54000902              14
   4.55000925              14
   4.56000948              14
   4.57000971              13
   4.58000994              13
   4.59001017              13
   4.60001040              13
   4.61001062              13
   4.62001085              13
   4.63001108              13
   4.64001131              13
   4.65001154              13
   4.66001177              13
   4.67001200              13
   4.68001223              13
   4.69001245              13
   4.70001268              13
   4.71001291              13
   4.72001314              13
   4.73001337              13
   4.74001360              13
   4.75001383              13
   4.76001406              13
   4.77001429              13
   4.78001451              13
   4.79001474              13
   4.80001497              13
   4.81001520              13
   4.82001543              13
   4.83001566              13
   4.84001589              12
   4.85001612              12
   4.86001635              12
   4.87001657              12
   4.88001680              12
   4.89001703              12
   4.90001726              12
   4.91001749              11
   4.92001772              11
   4.93001795              11
   4.94001818              11
   4.95001841              11
   4.96001863              10
   4.97001886               9
   4.98001909               9
   4.99001932               9
   5.00001955               9
   5.01001978               9
   5.02002001               9
   5.03002024               9
   5.04002047               9
   5.05002069               9
   5.06002092               9
   5.07002115               9
   5.08002138               9
   5.09002161               9
   5.10002184               9
   5.11002207               9
   5.12002230               9
   5.13002253               9
   5.14002275               9
   5.15002298               9
   5.16002321               9
   5.17002344               9
   5.18002367               9
   5.19002390               9
   5.20002413               9
   5.21002436               9
   5.22002459               9
   5.23002481               9
   5.24002504               9
   5.25002527               9
   5.26002550               9
   5.27002573               9
   5.28002596               9
   5.29002619               8
   5.30002642               8
   5.31002665               8
   5.32002687               8
   5.33002710               8
   5.34002733               8
   5.35002756               8
   5.36002779               8
   5.37002802               8
   5.38002825               8
   5.39002848               8
   5.40002871               8
   5.41002893               8
   5.42002916               8
   5.43002939               8
   5.44002962               8
   5.45002985               8
   5.46003008               8
   5.47003031               8
   5.48003054               8
   5.49003077               8
   5.50003099               8
   5.51003122               8
   5.52003145               7
   5.53003168               7
   5.54003191               7
   5.55003214               7
   5.56003237               7
   5.57003260               7
   5.58003283               7
   5.59003305               7
   5.60003328               7
   5.61003351               7
   5.62003374               7
   5.63003397               7
   5.64003420               7
   5.65003443               7
   5.66003466               7
   5.67003489               7
   5.68003511               7
   5.69003534               7
   5.70003557               7
   5.71003580               7
   5.72003603               7
   5.73003626               7
   5.74003649               7
   5.75003672               7
   5.76003695               7
   5.77003717               7
   5.78003740               7
   5.79003763               6
   5.80003786               6
   5.81003809               6
   5.82003832               6
   5.83003855               6
   5.84003878               5
   5.85003901               5
   5.86003923               5
   5.87003946               5
   5.88003969               5
   5.89003992               5
   5.90004015               5
   5.91004038               5
   5.92004061               5
   5.93004084               5
   5.94004107               5
   5.95004129               5
   5.96004152               5
   5.97004175               5
   5.98004198               5
   5.99004221               5
   6.00004244               5
   6.01004267               5
   6.02004290               5
   6.03004313               5
   6.04004335               5
   6.05004358               5
   6.06004381               5
   6.07004404               5
   6.08004427               4
   6.09004450               4
   6.10004473               4
   6.11004496               4
   6.12004519               4
   6.13004541               4
   6.14004564               4
   6.15004587               4
   6.16004610               4
   6.17004633               4
   6.18004656               4
   6.19004679               4
   6.20004702               4
   6.21004725               4
   6.22004747               4
   6.23004770               4
   6.24004793               4
   6.25004816               4
   6.26004839               4
   6.27004862               4
   6.28004885               4
   6.29004908               4
   6.30004930               4
   6.31004953               4
   6.32004976               3
   6.33004999               3
   6.34005022               3
   6.35005045               3
   6.36005068               3
   6.37005091               3
   6.38005114               3
   6.39005136               3
   6.40005159               3
   6.41005182               3
   6.42005205               3
   6.43005228               3
   6.44005251               3
   6.45005274               3
   6.46005297               3
   6.47005320               3
   6.48005342               3
   6.49005365               3
   6.50005388               3
   6.51005411               3
   6.52005434               3
   6.53005457               2
   6.54005480               2
   6.55005503               2
   6.56005526               1
   6.57005548               1
   6.58005571               1
   6.59005594               1
   6.60005617               1
   6.61005640               1
   6.62005663               1
   6.63005686               1
   6.64005709               1
   6.65005732               1
   6.66005754               1
   6.67005777               1
   6.68005800               1
   6.69005823               1
   6.70005846               1
   6.71005869               1
   6.72005892               1
   6.73005915               1
   6.74005938               1
   6.75005960               1
   6.76005983               1
   6.77006006               1
   6.78006029               1
   6.79006052               1
   6.80006075               1
   6.81006098               1
   6.82006121               1
   6.83006144               1
   6.84006166               1
   6.85006189               1
   6.86006212               1
   6.87006235               1
   6.88006258               1
   6.89006281               1
   6.90006304               1
   6.91006327               1
   6.92006350               1
   6.93006372               1
   6.94006395               1
   6.95006418               1
   6.96006441               1
   6.97006464               1
   6.98006487               1
   6.99006510               1
   7.00006533               1
   7.01006556               1
   7.02006578               1
   7.03006601               1
   7.04006624               1
   7.05006647               1
   7.06006670               1
   7.07006693               1
   7.08006716               1
   7.09006739               1
   7.10006762               1
   7.11006784               1
   7.12006807               1
   7.13006830               1
   7.14006853               1
   7.15006876               1
   7.16006899               1
   7.17006922               1
   7.18006945               1
   7.19006968               1
   7.20006990               1
   7.21007013               1
   7.22007036               1
   7.23007059               1
   7.24007082               1
   7.25007105               1
   7.26007128               1
   7.27007151               1
   7.28007174               1
   7.29007196               1
   7.30007219               1
   7.31007242               1
   7.32007265               1
   7.33007288               1
   7.34007311               1
   7.35007334               1
   7.36007357               1
   7.37007380               1
   7.38007402               1
   7.39007425               1
   7.40007448               1
   7.41007471               1
   7.42007494               1
   7.43007517               1
   7.44007540               1
   7.45007563               1
   7.46007586               1
   7.47007608               1
   7.48007631               1
   7.49007654               1
   7.50007677               1
   7.51007700               0
   7.52007723               0
   7.53007746               0
   7.54007769               0
   7.55007792               0
   7.56007814               0
   7.57007837               0
   7.58007860               0
   7.59007883               0
   7.60007906               0
   7.61007929               0
   7.62007952               0
   7.63007975               0
   7.64007998               0
   7.65008020               0
   7.66008043               0
   7.67008066               0
   7.68008089               0
   7.69008112               0
   7.70008135               0
   7.71008158               0
   7.72008181               0
   7.73008204               0
   7.74008226               0
   7.75008249               0
   7.76008272               0
   7.77008295               0
   7.78008318               0
   7.79008341               0
   7.80008364               0
   7.81008387               0
   7.82008410               0
   7.83008432               0
   7.84008455               0
   7.85008478               0
   7.86008501               0
   7.87008524               0
   7.88008547               0
   7.89008570               0
   7.90008593               0
   7.91008615               0
   7.92008638               0
   7.93008661               0
   7.94008684               0
   7.95008707               0
   7.96008730               0
   7.97008753               0
   7.98008776               0
   7.99008799               0
   8.00008774               0
