   0.00000000             986
   9.99999978E-03         973
   1.99999996E-02         965
   2.99999993E-02         953
   3.99999991E-02         949
   4.99999970E-02         941
   5.99999949E-02         927
   6.99999928E-02         911
   7.99999908E-02         902
   8.99999887E-02         892
   9.99999866E-02         881
  0.109999985             871
  0.119999982             864
  0.129999980             854
  0.139999986             843
  0.149999991             841
  0.159999996             829
  0.170000002             821
  0.180000007             815
  0.190000013             808
  0.200000018             803
  0.210000023             795
  0.220000029             787
  0.230000034             783
  0.240000039             776
  0.250000030             768
  0.260000020             763
  0.270000011             753
  0.280000001             743
  0.289999992             740
  0.299999982             735
  0.309999973             727
  0.319999963             719
  0.329999954             714
  0.339999944             706
  0.349999934             699
  0.359999925             695
  0.369999915             690
  0.379999906             681
  0.389999896             674
  0.399999887             667
  0.409999877             659
  0.419999868             654
  0.429999858             649
  0.439999849             637
  0.449999839             630
  0.459999830             625
  0.469999820             623
  0.479999810             617
  0.489999801             613
  0.499999791             605
  0.509999812             594
  0.519999802             589
  0.529999793             586
  0.539999783             581
  0.549999774             576
  0.559999764             570
  0.569999754             565
  0.579999745             562
  0.589999735             558
  0.599999726             555
  0.609999716             553
  0.619999707             546
  0.629999697             540
  0.639999688             537
  0.649999678             529
  0.659999669             523
  0.669999659             514
  0.679999650             512
  0.689999640             508
  0.699999630             505
  0.709999621             497
  0.719999611             491
  0.729999602             485
  0.739999592             481
  0.749999583             475
  0.759999573             473
  0.769999564             471
  0.779999554             464
  0.789999545             458
  0.799999535             451
  0.809999526             447
  0.819999516             443
  0.829999506             438
  0.839999497             432
  0.849999487             429
  0.859999478             425
  0.869999468             421
  0.879999459             420
  0.889999449             416
  0.899999440             412
  0.909999430             406
  0.919999421             401
  0.929999411             400
  0.939999402             398
  0.949999392             391
  0.959999382             387
  0.969999373             380
  0.979999363             378
  0.989999354             373
  0.999999344             372
   1.00999939             365
   1.01999938             362
   1.02999938             361
   1.03999937             354
   1.04999936             352
   1.05999935             349
   1.06999934             345
   1.07999933             340
   1.08999932             337
   1.09999931             332
   1.10999930             329
   1.11999929             323
   1.12999928             319
   1.13999927             319
   1.14999926             319
   1.15999925             317
   1.16999924             315
   1.17999923             314
   1.18999922             313
   1.19999921             308
   1.20999920             305
   1.21999919             305
   1.22999918             300
   1.23999918             295
   1.24999917             290
   1.25999916             287
   1.26999915             282
   1.27999914             279
   1.28999913             275
   1.29999912             272
   1.30999911             270
   1.31999910             270
   1.32999909             266
   1.33999908             264
   1.34999907             261
   1.35999906             259
   1.36999905             254
   1.37999904             252
   1.38999903             252
   1.39999902             246
   1.40999901             246
   1.41999900             244
   1.42999899             244
   1.43999898             243
   1.44999897             238
   1.45999897             235
   1.46999896             231
   1.47999895             228
   1.48999894             226
   1.49999893             225
   1.50999892             223
   1.51999891             223
   1.52999890             222
   1.53999889             218
   1.54999888             214
   1.55999887             211
   1.56999886             211
   1.57999885             210
   1.58999884             209
   1.59999883             208
   1.60999882             206
   1.61999881             201
   1.62999880             196
   1.63999879             193
   1.64999878             191
   1.65999877             190
   1.66999876             188
   1.67999876             188
   1.68999875             186
   1.69999874             184
   1.70999873             184
   1.71999872             182
   1.72999871             180
   1.73999870             178
   1.74999869             177
   1.75999868             177
   1.76999867             174
   1.77999866             173
   1.78999865             173
   1.79999864             171
   1.80999863             168
   1.81999862             166
   1.82999861             165
   1.83999860             160
   1.84999859             159
   1.85999858             159
   1.86999857             158
   1.87999856             157
   1.88999856             156
   1.89999855             155
   1.90999854             153
   1.91999853             151
   1.92999852             148
   1.93999851             147
   1.94999850             146
   1.95999849             146
   1.96999848             145
   1.97999847             143
   1.98999846             141
   1.99999845             141
   2.00999856             140
   2.01999855             138
   2.02999854             135
   2.03999853             134
   2.04999852             134
   2.05999851             133
   2.06999850             131
   2.07999849             130
   2.08999848             126
   2.09999847             125
   2.10999846             123
   2.11999846             121
   2.12999845             121
   2.13999844             121
   2.14999843             120
   2.15999842             117
   2.16999841             116
   2.17999840             114
   2.18999839             113
   2.19999838             113
   2.20999837             112
   2.21999836             111
   2.22999835             111
   2.23999834             110
   2.24999833             108
   2.25999832             105
   2.26999831             104
   2.27999830             104
   2.28999829             103
   2.29999828             102
   2.30999827             102
   2.31999826             100
   2.32999825              98
   2.33999825              97
   2.34999824              96
   2.35999823              94
   2.36999822              94
   2.37999821              93
   2.38999820              93
   2.39999819              92
   2.40999818              91
   2.41999817              90
   2.42999816              88
   2.43999815              88
   2.44999814              87
   2.45999813              87
   2.46999812              87
   2.47999811              86
   2.48999810              86
   2.49999809              85
   2.50999808              84
   2.51999807              83
   2.52999806              82
   2.53999805              79
   2.54999804              79
   2.55999804              79
   2.56999803              79
   2.57999802              78
   2.58999801              76
   2.59999800              76
   2.60999799              76
   2.61999798              76
   2.62999797              73
   2.63999796              71
   2.64999795              70
   2.65999794              69
   2.66999793              67
   2.67999792              67
   2.68999791              67
   2.69999790              67
   2.70999789              66
   2.71999788              66
   2.72999787              66
   2.73999786              66
   2.74999785              66
   2.75999784              66
   2.76999784              65
   2.77999783              65
   2.78999782              65
   2.79999781              64
   2.80999780              64
   2.81999779              61
   2.82999778              61
   2.83999777              60
   2.84999776              59
   2.85999775              59
   2.86999774              59
   2.87999773              58
   2.88999772              57
   2.89999771              57
   2.90999770              57
   2.91999769              56
   2.92999768              54
   2.93999767              53
   2.94999766              52
   2.95999765              52
   2.96999764              52
   2.97999763              52
   2.98999763              52
   2.99999762              52
   3.00999761              52
   3.01999760              52
   3.02999759              51
   3.03999758              51
   3.04999757              50
   3.05999756              48
   3.06999755              48
   3.07999754              48
   3.08999753              48
   3.09999752              48
   3.10999751              48
   3.11999750              47
   3.12999749              46
   3.13999748              46
   3.14999747              46
   3.15999746              46
   3.16999745              46
   3.17999744              46
   3.18999743              43
   3.19999743              43
   3.20999742              43
   3.21999741              43
   3.22999740              43
   3.23999739              43
   3.24999738              43
   3.25999737              43
   3.26999736              43
   3.27999735              43
   3.28999734              43
   3.29999733              42
   3.30999732              41
   3.31999731              41
   3.32999730              41
   3.33999729              41
   3.34999728              41
   3.35999727              40
   3.36999726              39
   3.37999725              38
   3.38999724              38
   3.39999723              38
   3.40999722              38
   3.41999722              35
   3.42999721              35
   3.43999720              35
   3.44999719              34
   3.45999718              34
   3.46999717              34
   3.47999716              33
   3.48999715              33
   3.49999714              33
   3.50999713              33
   3.51999712              32
   3.52999711              32
   3.53999710              32
   3.54999709              32
   3.55999708              32
   3.56999707              32
   3.57999706              32
   3.58999705              32
   3.59999704              32
   3.60999703              32
   3.61999702              32
   3.62999701              32
   3.63999701              32
   3.64999700              32
   3.65999699              31
   3.66999698              31
   3.67999697              30
   3.68999696              30
   3.69999695              30
   3.70999694              30
   3.71999693              30
   3.72999692              30
   3.73999691              30
   3.74999690              30
   3.75999689              30
   3.76999688              30
   3.77999687              28
   3.78999686              28
   3.79999685              28
   3.80999684              27
   3.81999683              26
   3.82999682              26
   3.83999681              25
   3.84999681              25
   3.85999680              24
   3.86999679              24
   3.87999678              23
   3.88999677              23
   3.89999676              23
   3.90999675              23
   3.91999674              23
   3.92999673              22
   3.93999672              22
   3.94999671              22
   3.95999670              22
   3.96999669              22
   3.97999668              22
   3.98999667              22
   3.99999666              22
   4.00999689              22
   4.01999712              22
   4.02999735              22
   4.03999758              22
   4.04999781              21
   4.05999804              21
   4.06999826              21
   4.07999849              21
   4.08999872              21
   4.09999895              21
   4.10999918              21
   4.11999941              21
   4.12999964              21
   4.13999987              21
   4.15000010              21
   4.16000032              21
   4.17000055              21
   4.18000078              19
   4.19000101              19
   4.20000124              19
   4.21000147              19
   4.22000170              19
   4.23000193              18
   4.24000216              18
   4.25000238              17
   4.26000261              17
   4.27000284              17
   4.28000307              17
   4.29000330              17
   4.30000353              15
   4.31000376              15
   4.32000399              15
   4.33000422              15
   4.34000444              15
   4.35000467              15
   4.36000490              15
   4.37000513              15
   4.38000536              15
   4.39000559              15
   4.40000582              15
   4.41000605              14
   4.42000628              14
   4.43000650              14
   4.44000673              14
   4.45000696              13
   4.46000719              13
   4.47000742              13
   4.48000765              13
   4.49000788              13
   4.50000811              13
   4.51000834              13
   4.52000856              13
   4.53000879              13
   4.54000902              13
   4.55000925              13
   4.56000948              12
   4.57000971              12
   4.58000994              12
   4.59001017              12
   4.60001040              12
   4.61001062              12
   4.62001085              12
   4.63001108              12
   4.64001131              12
   4.65001154              12
   4.66001177              12
   4.67001200              12
   4.68001223              12
   4.69001245              11
   4.70001268              11
   4.71001291              11
   4.72001314              11
   4.73001337              11
   4.74001360              11
   4.75001383              11
   4.76001406              11
   4.77001429              10
   4.78001451              10
   4.79001474              10
   4.80001497              10
   4.81001520              10
   4.82001543              10
   4.83001566              10
   4.84001589              10
   4.85001612              10
   4.86001635              10
   4.87001657              10
   4.88001680              10
   4.89001703              10
   4.90001726              10
   4.91001749              10
   4.92001772              10
   4.93001795              10
   4.94001818              10
   4.95001841              10
   4.96001863              10
   4.97001886              10
   4.98001909              10
   4.99001932              10
   5.00001955              10
   5.01001978              10
   5.02002001              10
   5.03002024              10
   5.04002047              10
   5.05002069              10
   5.06002092              10
   5.07002115              10
   5.08002138               9
   5.09002161               9
   5.10002184               9
   5.11002207               9
   5.12002230               9
   5.13002253               9
   5.14002275               9
   5.15002298               9
   5.16002321               9
   5.17002344               9
   5.18002367               9
   5.19002390               9
   5.20002413               9
   5.21002436               9
   5.22002459               9
   5.23002481               9
   5.24002504               9
   5.25002527               9
   5.26002550               9
   5.27002573               9
   5.28002596               9
   5.29002619               9
   5.30002642               9
   5.31002665               9
   5.32002687               9
   5.33002710               9
   5.34002733               9
   5.35002756               8
   5.36002779               8
   5.37002802               8
   5.38002825               8
   5.39002848               8
   5.40002871               8
   5.41002893               8
   5.42002916               8
   5.43002939               7
   5.44002962               7
   5.45002985               7
   5.46003008               7
   5.47003031               7
   5.48003054               7
   5.49003077               7
   5.50003099               7
   5.51003122               7
   5.52003145               7
   5.53003168               7
   5.54003191               7
   5.55003214               7
   5.56003237               7
   5.57003260               7
   5.58003283               7
   5.59003305               7
   5.60003328               7
   5.61003351               7
   5.62003374               7
   5.63003397               7
   5.64003420               7
   5.65003443               7
   5.66003466               7
   5.67003489               7
   5.68003511               7
   5.69003534               7
   5.70003557               7
   5.71003580               7
   5.72003603               7
   5.73003626               7
   5.74003649               7
   5.75003672               7
   5.76003695               7
   5.77003717               7
   5.78003740               7
   5.79003763               7
   5.80003786               6
   5.81003809               6
   5.82003832               6
   5.83003855               6
   5.84003878               6
   5.85003901               6
   5.86003923               6
   5.87003946               6
   5.88003969               6
   5.89003992               6
   5.90004015               6
   5.91004038               6
   5.92004061               6
   5.93004084               6
   5.94004107               6
   5.95004129               6
   5.96004152               6
   5.97004175               6
   5.98004198               6
   5.99004221               6
   6.00004244               6
   6.01004267               6
   6.02004290               6
   6.03004313               6
   6.04004335               6
   6.05004358               6
   6.06004381               6
   6.07004404               6
   6.08004427               6
   6.09004450               6
   6.10004473               6
   6.11004496               6
   6.12004519               6
   6.13004541               6
   6.14004564               5
   6.15004587               5
   6.16004610               5
   6.17004633               5
   6.18004656               5
   6.19004679               5
   6.20004702               5
   6.21004725               5
   6.22004747               5
   6.23004770               5
   6.24004793               5
   6.25004816               5
   6.26004839               5
   6.27004862               4
   6.28004885               4
   6.29004908               4
   6.30004930               4
   6.31004953               4
   6.32004976               4
   6.33004999               4
   6.34005022               4
   6.35005045               4
   6.36005068               4
   6.37005091               4
   6.38005114               4
   6.39005136               4
   6.40005159               4
   6.41005182               4
   6.42005205               3
   6.43005228               3
   6.44005251               3
   6.45005274               3
   6.46005297               3
   6.47005320               3
   6.48005342               3
   6.49005365               3
   6.50005388               3
   6.51005411               3
   6.52005434               3
   6.53005457               3
   6.54005480               3
   6.55005503               3
   6.56005526               3
   6.57005548               3
   6.58005571               3
   6.59005594               3
   6.60005617               3
   6.61005640               3
   6.62005663               3
   6.63005686               3
   6.64005709               3
   6.65005732               3
   6.66005754               3
   6.67005777               3
   6.68005800               3
   6.69005823               3
   6.70005846               3
   6.71005869               3
   6.72005892               3
   6.73005915               3
   6.74005938               3
   6.75005960               3
   6.76005983               2
   6.77006006               2
   6.78006029               2
   6.79006052               2
   6.80006075               2
   6.81006098               2
   6.82006121               2
   6.83006144               2
   6.84006166               2
   6.85006189               2
   6.86006212               2
   6.87006235               2
   6.88006258               2
   6.89006281               2
   6.90006304               1
   6.91006327               1
   6.92006350               1
   6.93006372               1
   6.94006395               1
   6.95006418               1
   6.96006441               1
   6.97006464               1
   6.98006487               1
   6.99006510               1
   7.00006533               1
   7.01006556               1
   7.02006578               1
   7.03006601               1
   7.04006624               1
   7.05006647               1
   7.06006670               1
   7.07006693               1
   7.08006716               1
   7.09006739               1
   7.10006762               1
   7.11006784               1
   7.12006807               1
   7.13006830               1
   7.14006853               1
   7.15006876               1
   7.16006899               1
   7.17006922               1
   7.18006945               1
   7.19006968               1
   7.20006990               1
   7.21007013               1
   7.22007036               1
   7.23007059               1
   7.24007082               1
   7.25007105               1
   7.26007128               1
   7.27007151               1
   7.28007174               1
   7.29007196               1
   7.30007219               1
   7.31007242               1
   7.32007265               1
   7.33007288               1
   7.34007311               1
   7.35007334               1
   7.36007357               1
   7.37007380               1
   7.38007402               1
   7.39007425               1
   7.40007448               1
   7.41007471               1
   7.42007494               1
   7.43007517               1
   7.44007540               1
   7.45007563               1
   7.46007586               1
   7.47007608               1
   7.48007631               1
   7.49007654               1
   7.50007677               1
   7.51007700               1
   7.52007723               1
   7.53007746               1
   7.54007769               1
   7.55007792               1
   7.56007814               1
   7.57007837               1
   7.58007860               1
   7.59007883               1
   7.60007906               1
   7.61007929               1
   7.62007952               1
   7.63007975               1
   7.64007998               1
   7.65008020               1
   7.66008043               1
   7.67008066               1
   7.68008089               1
   7.69008112               1
   7.70008135               1
   7.71008158               1
   7.72008181               1
   7.73008204               1
   7.74008226               1
   7.75008249               1
   7.76008272               1
   7.77008295               1
   7.78008318               1
   7.79008341               1
   7.80008364               1
   7.81008387               1
   7.82008410               1
   7.83008432               1
   7.84008455               1
   7.85008478               1
   7.86008501               1
   7.87008524               1
   7.88008547               1
   7.89008570               1
   7.90008593               1
   7.91008615               1
   7.92008638               1
   7.93008661               1
   7.94008684               1
   7.95008707               1
   7.96008730               1
   7.97008753               1
   7.98008776               1
   7.99008799               1
   8.00008774               1
