   0.00000000             993
   9.99999978E-03         980
   1.99999996E-02         969
   2.99999993E-02         962
   3.99999991E-02         955
   4.99999970E-02         948
   5.99999949E-02         937
   6.99999928E-02         929
   7.99999908E-02         922
   8.99999887E-02         914
   9.99999866E-02         901
  0.109999985             895
  0.119999982             886
  0.129999980             876
  0.139999986             867
  0.149999991             857
  0.159999996             846
  0.170000002             836
  0.180000007             828
  0.190000013             819
  0.200000018             809
  0.210000023             803
  0.220000029             798
  0.230000034             794
  0.240000039             787
  0.250000030             775
  0.260000020             766
  0.270000011             758
  0.280000001             751
  0.289999992             747
  0.299999982             735
  0.309999973             727
  0.319999963             716
  0.329999954             710
  0.339999944             706
  0.349999934             697
  0.359999925             693
  0.369999915             688
  0.379999906             681
  0.389999896             675
  0.399999887             666
  0.409999877             663
  0.419999868             657
  0.429999858             652
  0.439999849             647
  0.449999839             640
  0.459999830             632
  0.469999820             625
  0.479999810             623
  0.489999801             614
  0.499999791             601
  0.509999812             595
  0.519999802             587
  0.529999793             581
  0.539999783             578
  0.549999774             571
  0.559999764             567
  0.569999754             564
  0.579999745             557
  0.589999735             554
  0.599999726             550
  0.609999716             546
  0.619999707             539
  0.629999697             535
  0.639999688             530
  0.649999678             528
  0.659999669             525
  0.669999659             520
  0.679999650             513
  0.689999640             512
  0.699999630             509
  0.709999621             503
  0.719999611             492
  0.729999602             490
  0.739999592             488
  0.749999583             483
  0.759999573             476
  0.769999564             472
  0.779999554             466
  0.789999545             462
  0.799999535             456
  0.809999526             450
  0.819999516             448
  0.829999506             445
  0.839999497             444
  0.849999487             436
  0.859999478             431
  0.869999468             428
  0.879999459             425
  0.889999449             421
  0.899999440             417
  0.909999430             415
  0.919999421             408
  0.929999411             402
  0.939999402             397
  0.949999392             394
  0.959999382             392
  0.969999373             390
  0.979999363             384
  0.989999354             377
  0.999999344             371
   1.00999939             370
   1.01999938             367
   1.02999938             364
   1.03999937             363
   1.04999936             361
   1.05999935             355
   1.06999934             355
   1.07999933             352
   1.08999932             349
   1.09999931             343
   1.10999930             340
   1.11999929             337
   1.12999928             333
   1.13999927             327
   1.14999926             326
   1.15999925             323
   1.16999924             321
   1.17999923             319
   1.18999922             318
   1.19999921             313
   1.20999920             309
   1.21999919             306
   1.22999918             302
   1.23999918             299
   1.24999917             297
   1.25999916             292
   1.26999915             291
   1.27999914             288
   1.28999913             284
   1.29999912             282
   1.30999911             279
   1.31999910             277
   1.32999909             274
   1.33999908             271
   1.34999907             268
   1.35999906             267
   1.36999905             266
   1.37999904             263
   1.38999903             261
   1.39999902             260
   1.40999901             259
   1.41999900             254
   1.42999899             251
   1.43999898             248
   1.44999897             246
   1.45999897             243
   1.46999896             242
   1.47999895             241
   1.48999894             240
   1.49999893             235
   1.50999892             232
   1.51999891             227
   1.52999890             224
   1.53999889             224
   1.54999888             221
   1.55999887             221
   1.56999886             219
   1.57999885             217
   1.58999884             216
   1.59999883             215
   1.60999882             212
   1.61999881             210
   1.62999880             209
   1.63999879             203
   1.64999878             203
   1.65999877             203
   1.66999876             200
   1.67999876             197
   1.68999875             196
   1.69999874             194
   1.70999873             192
   1.71999872             191
   1.72999871             188
   1.73999870             185
   1.74999869             180
   1.75999868             180
   1.76999867             175
   1.77999866             173
   1.78999865             169
   1.79999864             169
   1.80999863             168
   1.81999862             168
   1.82999861             168
   1.83999860             164
   1.84999859             163
   1.85999858             163
   1.86999857             160
   1.87999856             159
   1.88999856             156
   1.89999855             155
   1.90999854             153
   1.91999853             151
   1.92999852             148
   1.93999851             147
   1.94999850             146
   1.95999849             142
   1.96999848             140
   1.97999847             136
   1.98999846             133
   1.99999845             131
   2.00999856             131
   2.01999855             130
   2.02999854             130
   2.03999853             129
   2.04999852             125
   2.05999851             124
   2.06999850             121
   2.07999849             121
   2.08999848             119
   2.09999847             118
   2.10999846             118
   2.11999846             114
   2.12999845             111
   2.13999844             111
   2.14999843             110
   2.15999842             109
   2.16999841             108
   2.17999840             108
   2.18999839             108
   2.19999838             107
   2.20999837             107
   2.21999836             107
   2.22999835             106
   2.23999834             106
   2.24999833             105
   2.25999832             104
   2.26999831             104
   2.27999830             104
   2.28999829             104
   2.29999828             102
   2.30999827             102
   2.31999826             102
   2.32999825             101
   2.33999825             100
   2.34999824             100
   2.35999823             100
   2.36999822             100
   2.37999821              98
   2.38999820              97
   2.39999819              95
   2.40999818              95
   2.41999817              95
   2.42999816              95
   2.43999815              94
   2.44999814              93
   2.45999813              93
   2.46999812              93
   2.47999811              91
   2.48999810              90
   2.49999809              89
   2.50999808              89
   2.51999807              88
   2.52999806              88
   2.53999805              88
   2.54999804              86
   2.55999804              86
   2.56999803              86
   2.57999802              86
   2.58999801              86
   2.59999800              86
   2.60999799              84
   2.61999798              84
   2.62999797              81
   2.63999796              81
   2.64999795              81
   2.65999794              81
   2.66999793              80
   2.67999792              79
   2.68999791              78
   2.69999790              77
   2.70999789              77
   2.71999788              77
   2.72999787              75
   2.73999786              74
   2.74999785              74
   2.75999784              74
   2.76999784              74
   2.77999783              74
   2.78999782              72
   2.79999781              70
   2.80999780              70
   2.81999779              68
   2.82999778              68
   2.83999777              67
   2.84999776              66
   2.85999775              64
   2.86999774              64
   2.87999773              64
   2.88999772              62
   2.89999771              61
   2.90999770              61
   2.91999769              61
   2.92999768              60
   2.93999767              60
   2.94999766              60
   2.95999765              60
   2.96999764              60
   2.97999763              60
   2.98999763              60
   2.99999762              59
   3.00999761              58
   3.01999760              58
   3.02999759              58
   3.03999758              55
   3.04999757              53
   3.05999756              53
   3.06999755              53
   3.07999754              52
   3.08999753              52
   3.09999752              51
   3.10999751              51
   3.11999750              51
   3.12999749              51
   3.13999748              51
   3.14999747              50
   3.15999746              50
   3.16999745              49
   3.17999744              47
   3.18999743              47
   3.19999743              46
   3.20999742              46
   3.21999741              46
   3.22999740              45
   3.23999739              44
   3.24999738              43
   3.25999737              43
   3.26999736              43
   3.27999735              43
   3.28999734              42
   3.29999733              42
   3.30999732              42
   3.31999731              42
   3.32999730              42
   3.33999729              42
   3.34999728              42
   3.35999727              42
   3.36999726              42
   3.37999725              42
   3.38999724              42
   3.39999723              42
   3.40999722              42
   3.41999722              40
   3.42999721              40
   3.43999720              40
   3.44999719              37
   3.45999718              37
   3.46999717              37
   3.47999716              36
   3.48999715              36
   3.49999714              36
   3.50999713              36
   3.51999712              36
   3.52999711              36
   3.53999710              36
   3.54999709              35
   3.55999708              35
   3.56999707              35
   3.57999706              35
   3.58999705              35
   3.59999704              34
   3.60999703              34
   3.61999702              34
   3.62999701              34
   3.63999701              34
   3.64999700              34
   3.65999699              34
   3.66999698              34
   3.67999697              34
   3.68999696              34
   3.69999695              34
   3.70999694              34
   3.71999693              34
   3.72999692              34
   3.73999691              33
   3.74999690              33
   3.75999689              33
   3.76999688              33
   3.77999687              33
   3.78999686              31
   3.79999685              31
   3.80999684              31
   3.81999683              30
   3.82999682              30
   3.83999681              30
   3.84999681              30
   3.85999680              29
   3.86999679              29
   3.87999678              29
   3.88999677              29
   3.89999676              29
   3.90999675              29
   3.91999674              29
   3.92999673              29
   3.93999672              29
   3.94999671              28
   3.95999670              28
   3.96999669              28
   3.97999668              27
   3.98999667              27
   3.99999666              27
   4.00999689              27
   4.01999712              26
   4.02999735              26
   4.03999758              26
   4.04999781              26
   4.05999804              26
   4.06999826              26
   4.07999849              26
   4.08999872              26
   4.09999895              26
   4.10999918              26
   4.11999941              26
   4.12999964              26
   4.13999987              26
   4.15000010              25
   4.16000032              25
   4.17000055              25
   4.18000078              25
   4.19000101              25
   4.20000124              25
   4.21000147              25
   4.22000170              25
   4.23000193              25
   4.24000216              24
   4.25000238              24
   4.26000261              23
   4.27000284              23
   4.28000307              23
   4.29000330              23
   4.30000353              23
   4.31000376              23
   4.32000399              23
   4.33000422              23
   4.34000444              23
   4.35000467              23
   4.36000490              23
   4.37000513              23
   4.38000536              23
   4.39000559              22
   4.40000582              21
   4.41000605              21
   4.42000628              21
   4.43000650              21
   4.44000673              21
   4.45000696              21
   4.46000719              21
   4.47000742              21
   4.48000765              21
   4.49000788              20
   4.50000811              20
   4.51000834              20
   4.52000856              20
   4.53000879              20
   4.54000902              20
   4.55000925              19
   4.56000948              19
   4.57000971              19
   4.58000994              19
   4.59001017              19
   4.60001040              19
   4.61001062              19
   4.62001085              18
   4.63001108              17
   4.64001131              16
   4.65001154              16
   4.66001177              16
   4.67001200              16
   4.68001223              16
   4.69001245              15
   4.70001268              15
   4.71001291              15
   4.72001314              14
   4.73001337              14
   4.74001360              14
   4.75001383              14
   4.76001406              14
   4.77001429              13
   4.78001451              13
   4.79001474              13
   4.80001497              13
   4.81001520              13
   4.82001543              13
   4.83001566              13
   4.84001589              13
   4.85001612              13
   4.86001635              13
   4.87001657              11
   4.88001680              11
   4.89001703              10
   4.90001726              10
   4.91001749              10
   4.92001772              10
   4.93001795              10
   4.94001818              10
   4.95001841              10
   4.96001863              10
   4.97001886              10
   4.98001909              10
   4.99001932              10
   5.00001955               9
   5.01001978               9
   5.02002001               9
   5.03002024               9
   5.04002047               9
   5.05002069               9
   5.06002092               9
   5.07002115               9
   5.08002138               9
   5.09002161               9
   5.10002184               9
   5.11002207               9
   5.12002230               9
   5.13002253               8
   5.14002275               8
   5.15002298               8
   5.16002321               8
   5.17002344               8
   5.18002367               8
   5.19002390               8
   5.20002413               8
   5.21002436               7
   5.22002459               7
   5.23002481               7
   5.24002504               7
   5.25002527               7
   5.26002550               7
   5.27002573               7
   5.28002596               7
   5.29002619               7
   5.30002642               7
   5.31002665               7
   5.32002687               7
   5.33002710               7
   5.34002733               7
   5.35002756               7
   5.36002779               7
   5.37002802               7
   5.38002825               7
   5.39002848               7
   5.40002871               6
   5.41002893               6
   5.42002916               6
   5.43002939               6
   5.44002962               6
   5.45002985               6
   5.46003008               6
   5.47003031               6
   5.48003054               6
   5.49003077               6
   5.50003099               6
   5.51003122               6
   5.52003145               6
   5.53003168               6
   5.54003191               6
   5.55003214               6
   5.56003237               6
   5.57003260               5
   5.58003283               5
   5.59003305               5
   5.60003328               5
   5.61003351               5
   5.62003374               4
   5.63003397               4
   5.64003420               4
   5.65003443               4
   5.66003466               4
   5.67003489               4
   5.68003511               4
   5.69003534               4
   5.70003557               4
   5.71003580               4
   5.72003603               4
   5.73003626               4
   5.74003649               4
   5.75003672               4
   5.76003695               4
   5.77003717               3
   5.78003740               3
   5.79003763               3
   5.80003786               3
   5.81003809               3
   5.82003832               3
   5.83003855               3
   5.84003878               3
   5.85003901               3
   5.86003923               2
   5.87003946               2
   5.88003969               2
   5.89003992               2
   5.90004015               2
   5.91004038               2
   5.92004061               2
   5.93004084               2
   5.94004107               2
   5.95004129               2
   5.96004152               2
   5.97004175               2
   5.98004198               2
   5.99004221               2
   6.00004244               2
   6.01004267               2
   6.02004290               2
   6.03004313               2
   6.04004335               2
   6.05004358               2
   6.06004381               2
   6.07004404               2
   6.08004427               2
   6.09004450               2
   6.10004473               2
   6.11004496               2
   6.12004519               2
   6.13004541               2
   6.14004564               2
   6.15004587               2
   6.16004610               2
   6.17004633               2
   6.18004656               2
   6.19004679               2
   6.20004702               2
   6.21004725               2
   6.22004747               2
   6.23004770               2
   6.24004793               2
   6.25004816               2
   6.26004839               2
   6.27004862               2
   6.28004885               2
   6.29004908               2
   6.30004930               2
   6.31004953               2
   6.32004976               2
   6.33004999               2
   6.34005022               2
   6.35005045               2
   6.36005068               2
   6.37005091               2
   6.38005114               2
   6.39005136               2
   6.40005159               2
   6.41005182               2
   6.42005205               2
   6.43005228               2
   6.44005251               2
   6.45005274               2
   6.46005297               2
   6.47005320               2
   6.48005342               2
   6.49005365               2
   6.50005388               2
   6.51005411               2
   6.52005434               2
   6.53005457               2
   6.54005480               2
   6.55005503               2
   6.56005526               2
   6.57005548               2
   6.58005571               2
   6.59005594               2
   6.60005617               2
   6.61005640               2
   6.62005663               2
   6.63005686               2
   6.64005709               2
   6.65005732               2
   6.66005754               2
   6.67005777               2
   6.68005800               2
   6.69005823               2
   6.70005846               2
   6.71005869               2
   6.72005892               2
   6.73005915               2
   6.74005938               2
   6.75005960               2
   6.76005983               2
   6.77006006               2
   6.78006029               2
   6.79006052               2
   6.80006075               2
   6.81006098               2
   6.82006121               2
   6.83006144               2
   6.84006166               2
   6.85006189               2
   6.86006212               2
   6.87006235               2
   6.88006258               2
   6.89006281               2
   6.90006304               2
   6.91006327               2
   6.92006350               2
   6.93006372               2
   6.94006395               2
   6.95006418               2
   6.96006441               2
   6.97006464               2
   6.98006487               2
   6.99006510               2
   7.00006533               2
   7.01006556               2
   7.02006578               2
   7.03006601               2
   7.04006624               2
   7.05006647               2
   7.06006670               2
   7.07006693               2
   7.08006716               2
   7.09006739               2
   7.10006762               2
   7.11006784               2
   7.12006807               2
   7.13006830               2
   7.14006853               2
   7.15006876               2
   7.16006899               2
   7.17006922               2
   7.18006945               2
   7.19006968               2
   7.20006990               2
   7.21007013               1
   7.22007036               1
   7.23007059               1
   7.24007082               1
   7.25007105               1
   7.26007128               1
   7.27007151               1
   7.28007174               1
   7.29007196               1
   7.30007219               1
   7.31007242               1
   7.32007265               1
   7.33007288               1
   7.34007311               1
   7.35007334               1
   7.36007357               1
   7.37007380               1
   7.38007402               1
   7.39007425               1
   7.40007448               1
   7.41007471               1
   7.42007494               1
   7.43007517               1
   7.44007540               1
   7.45007563               1
   7.46007586               1
   7.47007608               1
   7.48007631               1
   7.49007654               1
   7.50007677               1
   7.51007700               1
   7.52007723               1
   7.53007746               1
   7.54007769               1
   7.55007792               1
   7.56007814               1
   7.57007837               1
   7.58007860               1
   7.59007883               1
   7.60007906               1
   7.61007929               1
   7.62007952               1
   7.63007975               1
   7.64007998               1
   7.65008020               1
   7.66008043               1
   7.67008066               1
   7.68008089               1
   7.69008112               1
   7.70008135               1
   7.71008158               1
   7.72008181               1
   7.73008204               1
   7.74008226               1
   7.75008249               1
   7.76008272               1
   7.77008295               1
   7.78008318               1
   7.79008341               1
   7.80008364               1
   7.81008387               1
   7.82008410               1
   7.83008432               1
   7.84008455               1
   7.85008478               1
   7.86008501               1
   7.87008524               1
   7.88008547               1
   7.89008570               1
   7.90008593               1
   7.91008615               1
   7.92008638               1
   7.93008661               1
   7.94008684               1
   7.95008707               1
   7.96008730               1
   7.97008753               1
   7.98008776               1
   7.99008799               1
   8.00008774               1
