   0.00000000             983
   9.99999978E-03         972
   1.99999996E-02         963
   2.99999993E-02         957
   3.99999991E-02         953
   4.99999970E-02         942
   5.99999949E-02         931
   6.99999928E-02         918
   7.99999908E-02         911
   8.99999887E-02         905
   9.99999866E-02         896
  0.109999985             877
  0.119999982             868
  0.129999980             856
  0.139999986             848
  0.149999991             839
  0.159999996             830
  0.170000002             821
  0.180000007             816
  0.190000013             805
  0.200000018             797
  0.210000023             794
  0.220000029             789
  0.230000034             780
  0.240000039             769
  0.250000030             763
  0.260000020             759
  0.270000011             748
  0.280000001             740
  0.289999992             731
  0.299999982             725
  0.309999973             721
  0.319999963             718
  0.329999954             706
  0.339999944             698
  0.349999934             693
  0.359999925             688
  0.369999915             681
  0.379999906             677
  0.389999896             673
  0.399999887             671
  0.409999877             669
  0.419999868             664
  0.429999858             659
  0.439999849             647
  0.449999839             638
  0.459999830             637
  0.469999820             630
  0.479999810             622
  0.489999801             612
  0.499999791             606
  0.509999812             597
  0.519999802             590
  0.529999793             585
  0.539999783             576
  0.549999774             570
  0.559999764             569
  0.569999754             560
  0.579999745             554
  0.589999735             549
  0.599999726             543
  0.609999716             536
  0.619999707             532
  0.629999697             530
  0.639999688             526
  0.649999678             523
  0.659999669             521
  0.669999659             518
  0.679999650             512
  0.689999640             508
  0.699999630             506
  0.709999621             499
  0.719999611             497
  0.729999602             493
  0.739999592             485
  0.749999583             481
  0.759999573             477
  0.769999564             471
  0.779999554             468
  0.789999545             456
  0.799999535             455
  0.809999526             450
  0.819999516             448
  0.829999506             441
  0.839999497             440
  0.849999487             438
  0.859999478             436
  0.869999468             433
  0.879999459             429
  0.889999449             421
  0.899999440             412
  0.909999430             411
  0.919999421             408
  0.929999411             403
  0.939999402             394
  0.949999392             390
  0.959999382             387
  0.969999373             385
  0.979999363             381
  0.989999354             378
  0.999999344             371
   1.00999939             368
   1.01999938             366
   1.02999938             359
   1.03999937             355
   1.04999936             352
   1.05999935             347
   1.06999934             343
   1.07999933             340
   1.08999932             336
   1.09999931             335
   1.10999930             331
   1.11999929             326
   1.12999928             323
   1.13999927             323
   1.14999926             317
   1.15999925             312
   1.16999924             311
   1.17999923             307
   1.18999922             305
   1.19999921             303
   1.20999920             302
   1.21999919             297
   1.22999918             296
   1.23999918             291
   1.24999917             290
   1.25999916             287
   1.26999915             285
   1.27999914             284
   1.28999913             283
   1.29999912             278
   1.30999911             275
   1.31999910             273
   1.32999909             271
   1.33999908             268
   1.34999907             265
   1.35999906             263
   1.36999905             260
   1.37999904             257
   1.38999903             255
   1.39999902             253
   1.40999901             252
   1.41999900             250
   1.42999899             248
   1.43999898             248
   1.44999897             247
   1.45999897             244
   1.46999896             242
   1.47999895             240
   1.48999894             238
   1.49999893             236
   1.50999892             235
   1.51999891             232
   1.52999890             230
   1.53999889             228
   1.54999888             225
   1.55999887             223
   1.56999886             222
   1.57999885             219
   1.58999884             215
   1.59999883             209
   1.60999882             206
   1.61999881             204
   1.62999880             202
   1.63999879             201
   1.64999878             199
   1.65999877             197
   1.66999876             193
   1.67999876             192
   1.68999875             190
   1.69999874             188
   1.70999873             185
   1.71999872             182
   1.72999871             180
   1.73999870             177
   1.74999869             174
   1.75999868             174
   1.76999867             172
   1.77999866             167
   1.78999865             165
   1.79999864             161
   1.80999863             159
   1.81999862             155
   1.82999861             154
   1.83999860             152
   1.84999859             148
   1.85999858             147
   1.86999857             145
   1.87999856             143
   1.88999856             140
   1.89999855             137
   1.90999854             137
   1.91999853             135
   1.92999852             134
   1.93999851             131
   1.94999850             130
   1.95999849             129
   1.96999848             128
   1.97999847             127
   1.98999846             125
   1.99999845             124
   2.00999856             123
   2.01999855             123
   2.02999854             123
   2.03999853             121
   2.04999852             119
   2.05999851             119
   2.06999850             118
   2.07999849             115
   2.08999848             115
   2.09999847             114
   2.10999846             114
   2.11999846             113
   2.12999845             112
   2.13999844             111
   2.14999843             110
   2.15999842             109
   2.16999841             107
   2.17999840             107
   2.18999839             106
   2.19999838             104
   2.20999837             100
   2.21999836             100
   2.22999835              99
   2.23999834              98
   2.24999833              94
   2.25999832              93
   2.26999831              92
   2.27999830              92
   2.28999829              91
   2.29999828              91
   2.30999827              90
   2.31999826              88
   2.32999825              88
   2.33999825              85
   2.34999824              85
   2.35999823              85
   2.36999822              82
   2.37999821              81
   2.38999820              81
   2.39999819              79
   2.40999818              79
   2.41999817              78
   2.42999816              77
   2.43999815              76
   2.44999814              76
   2.45999813              76
   2.46999812              76
   2.47999811              76
   2.48999810              76
   2.49999809              75
   2.50999808              73
   2.51999807              71
   2.52999806              70
   2.53999805              70
   2.54999804              70
   2.55999804              69
   2.56999803              68
   2.57999802              68
   2.58999801              67
   2.59999800              66
   2.60999799              66
   2.61999798              63
   2.62999797              63
   2.63999796              63
   2.64999795              61
   2.65999794              61
   2.66999793              61
   2.67999792              61
   2.68999791              59
   2.69999790              59
   2.70999789              58
   2.71999788              57
   2.72999787              57
   2.73999786              57
   2.74999785              56
   2.75999784              56
   2.76999784              55
   2.77999783              54
   2.78999782              53
   2.79999781              52
   2.80999780              51
   2.81999779              51
   2.82999778              51
   2.83999777              51
   2.84999776              51
   2.85999775              51
   2.86999774              51
   2.87999773              50
   2.88999772              49
   2.89999771              47
   2.90999770              47
   2.91999769              47
   2.92999768              47
   2.93999767              47
   2.94999766              46
   2.95999765              46
   2.96999764              46
   2.97999763              46
   2.98999763              46
   2.99999762              46
   3.00999761              46
   3.01999760              46
   3.02999759              45
   3.03999758              44
   3.04999757              44
   3.05999756              44
   3.06999755              44
   3.07999754              44
   3.08999753              43
   3.09999752              43
   3.10999751              43
   3.11999750              42
   3.12999749              42
   3.13999748              42
   3.14999747              42
   3.15999746              42
   3.16999745              42
   3.17999744              42
   3.18999743              42
   3.19999743              42
   3.20999742              41
   3.21999741              41
   3.22999740              40
   3.23999739              38
   3.24999738              38
   3.25999737              38
   3.26999736              36
   3.27999735              35
   3.28999734              35
   3.29999733              35
   3.30999732              35
   3.31999731              35
   3.32999730              35
   3.33999729              35
   3.34999728              34
   3.35999727              34
   3.36999726              34
   3.37999725              34
   3.38999724              34
   3.39999723              34
   3.40999722              34
   3.41999722              34
   3.42999721              34
   3.43999720              34
   3.44999719              34
   3.45999718              33
   3.46999717              33
   3.47999716              33
   3.48999715              33
   3.49999714              32
   3.50999713              32
   3.51999712              30
   3.52999711              28
   3.53999710              27
   3.54999709              26
   3.55999708              26
   3.56999707              25
   3.57999706              25
   3.58999705              25
   3.59999704              25
   3.60999703              25
   3.61999702              25
   3.62999701              25
   3.63999701              24
   3.64999700              23
   3.65999699              23
   3.66999698              23
   3.67999697              23
   3.68999696              23
   3.69999695              23
   3.70999694              23
   3.71999693              23
   3.72999692              23
   3.73999691              23
   3.74999690              23
   3.75999689              23
   3.76999688              23
   3.77999687              23
   3.78999686              22
   3.79999685              22
   3.80999684              22
   3.81999683              22
   3.82999682              21
   3.83999681              21
   3.84999681              21
   3.85999680              21
   3.86999679              21
   3.87999678              21
   3.88999677              21
   3.89999676              21
   3.90999675              21
   3.91999674              21
   3.92999673              21
   3.93999672              21
   3.94999671              21
   3.95999670              21
   3.96999669              21
   3.97999668              21
   3.98999667              21
   3.99999666              20
   4.00999689              20
   4.01999712              20
   4.02999735              20
   4.03999758              20
   4.04999781              20
   4.05999804              20
   4.06999826              20
   4.07999849              20
   4.08999872              20
   4.09999895              19
   4.10999918              19
   4.11999941              19
   4.12999964              19
   4.13999987              19
   4.15000010              19
   4.16000032              19
   4.17000055              18
   4.18000078              18
   4.19000101              17
   4.20000124              17
   4.21000147              17
   4.22000170              17
   4.23000193              17
   4.24000216              16
   4.25000238              16
   4.26000261              15
   4.27000284              15
   4.28000307              15
   4.29000330              15
   4.30000353              15
   4.31000376              15
   4.32000399              15
   4.33000422              15
   4.34000444              15
   4.35000467              15
   4.36000490              15
   4.37000513              15
   4.38000536              15
   4.39000559              15
   4.40000582              14
   4.41000605              14
   4.42000628              14
   4.43000650              14
   4.44000673              13
   4.45000696              13
   4.46000719              12
   4.47000742              11
   4.48000765              11
   4.49000788              11
   4.50000811              11
   4.51000834              11
   4.52000856              10
   4.53000879              10
   4.54000902              10
   4.55000925              10
   4.56000948              10
   4.57000971              10
   4.58000994              10
   4.59001017              10
   4.60001040              10
   4.61001062              10
   4.62001085              10
   4.63001108              10
   4.64001131              10
   4.65001154              10
   4.66001177              10
   4.67001200               9
   4.68001223               8
   4.69001245               8
   4.70001268               7
   4.71001291               6
   4.72001314               6
   4.73001337               6
   4.74001360               6
   4.75001383               6
   4.76001406               6
   4.77001429               6
   4.78001451               6
   4.79001474               5
   4.80001497               5
   4.81001520               5
   4.82001543               5
   4.83001566               5
   4.84001589               5
   4.85001612               5
   4.86001635               5
   4.87001657               5
   4.88001680               5
   4.89001703               5
   4.90001726               5
   4.91001749               5
   4.92001772               5
   4.93001795               5
   4.94001818               5
   4.95001841               5
   4.96001863               5
   4.97001886               5
   4.98001909               5
   4.99001932               5
   5.00001955               5
   5.01001978               5
   5.02002001               5
   5.03002024               5
   5.04002047               5
   5.05002069               4
   5.06002092               4
   5.07002115               4
   5.08002138               4
   5.09002161               4
   5.10002184               4
   5.11002207               4
   5.12002230               4
   5.13002253               4
   5.14002275               3
   5.15002298               3
   5.16002321               3
   5.17002344               3
   5.18002367               3
   5.19002390               3
   5.20002413               3
   5.21002436               3
   5.22002459               3
   5.23002481               3
   5.24002504               3
   5.25002527               3
   5.26002550               3
   5.27002573               3
   5.28002596               3
   5.29002619               3
   5.30002642               3
   5.31002665               3
   5.32002687               3
   5.33002710               3
   5.34002733               3
   5.35002756               3
   5.36002779               3
   5.37002802               3
   5.38002825               3
   5.39002848               3
   5.40002871               3
   5.41002893               3
   5.42002916               3
   5.43002939               3
   5.44002962               2
   5.45002985               2
   5.46003008               2
   5.47003031               2
   5.48003054               2
   5.49003077               2
   5.50003099               2
   5.51003122               2
   5.52003145               2
   5.53003168               2
   5.54003191               2
   5.55003214               2
   5.56003237               2
   5.57003260               2
   5.58003283               2
   5.59003305               2
   5.60003328               2
   5.61003351               2
   5.62003374               2
   5.63003397               2
   5.64003420               2
   5.65003443               2
   5.66003466               2
   5.67003489               2
   5.68003511               2
   5.69003534               2
   5.70003557               2
   5.71003580               2
   5.72003603               2
   5.73003626               2
   5.74003649               2
   5.75003672               2
   5.76003695               2
   5.77003717               2
   5.78003740               2
   5.79003763               2
   5.80003786               2
   5.81003809               2
   5.82003832               2
   5.83003855               2
   5.84003878               2
   5.85003901               2
   5.86003923               2
   5.87003946               2
   5.88003969               2
   5.89003992               2
   5.90004015               2
   5.91004038               2
   5.92004061               2
   5.93004084               2
   5.94004107               2
   5.95004129               2
   5.96004152               2
   5.97004175               2
   5.98004198               2
   5.99004221               2
   6.00004244               2
   6.01004267               2
   6.02004290               2
   6.03004313               2
   6.04004335               2
   6.05004358               2
   6.06004381               1
   6.07004404               1
   6.08004427               1
   6.09004450               1
   6.10004473               1
   6.11004496               1
   6.12004519               1
   6.13004541               1
   6.14004564               1
   6.15004587               1
   6.16004610               1
   6.17004633               1
   6.18004656               1
   6.19004679               1
   6.20004702               1
   6.21004725               1
   6.22004747               1
   6.23004770               1
   6.24004793               1
   6.25004816               1
   6.26004839               1
   6.27004862               1
   6.28004885               1
   6.29004908               1
   6.30004930               1
   6.31004953               1
   6.32004976               1
   6.33004999               1
   6.34005022               1
   6.35005045               1
   6.36005068               1
   6.37005091               1
   6.38005114               1
   6.39005136               1
   6.40005159               1
   6.41005182               1
   6.42005205               1
   6.43005228               1
   6.44005251               1
   6.45005274               1
   6.46005297               1
   6.47005320               1
   6.48005342               1
   6.49005365               1
   6.50005388               1
   6.51005411               1
   6.52005434               1
   6.53005457               1
   6.54005480               1
   6.55005503               1
   6.56005526               1
   6.57005548               1
   6.58005571               1
   6.59005594               1
   6.60005617               1
   6.61005640               1
   6.62005663               1
   6.63005686               1
   6.64005709               1
   6.65005732               1
   6.66005754               1
   6.67005777               1
   6.68005800               1
   6.69005823               1
   6.70005846               1
   6.71005869               1
   6.72005892               1
   6.73005915               1
   6.74005938               1
   6.75005960               1
   6.76005983               1
   6.77006006               1
   6.78006029               1
   6.79006052               1
   6.80006075               1
   6.81006098               1
   6.82006121               1
   6.83006144               1
   6.84006166               1
   6.85006189               1
   6.86006212               1
   6.87006235               1
   6.88006258               0
   6.89006281               0
   6.90006304               0
   6.91006327               0
   6.92006350               0
   6.93006372               0
   6.94006395               0
   6.95006418               0
   6.96006441               0
   6.97006464               0
   6.98006487               0
   6.99006510               0
   7.00006533               0
   7.01006556               0
   7.02006578               0
   7.03006601               0
   7.04006624               0
   7.05006647               0
   7.06006670               0
   7.07006693               0
   7.08006716               0
   7.09006739               0
   7.10006762               0
   7.11006784               0
   7.12006807               0
   7.13006830               0
   7.14006853               0
   7.15006876               0
   7.16006899               0
   7.17006922               0
   7.18006945               0
   7.19006968               0
   7.20006990               0
   7.21007013               0
   7.22007036               0
   7.23007059               0
   7.24007082               0
   7.25007105               0
   7.26007128               0
   7.27007151               0
   7.28007174               0
   7.29007196               0
   7.30007219               0
   7.31007242               0
   7.32007265               0
   7.33007288               0
   7.34007311               0
   7.35007334               0
   7.36007357               0
   7.37007380               0
   7.38007402               0
   7.39007425               0
   7.40007448               0
   7.41007471               0
   7.42007494               0
   7.43007517               0
   7.44007540               0
   7.45007563               0
   7.46007586               0
   7.47007608               0
   7.48007631               0
   7.49007654               0
   7.50007677               0
   7.51007700               0
   7.52007723               0
   7.53007746               0
   7.54007769               0
   7.55007792               0
   7.56007814               0
   7.57007837               0
   7.58007860               0
   7.59007883               0
   7.60007906               0
   7.61007929               0
   7.62007952               0
   7.63007975               0
   7.64007998               0
   7.65008020               0
   7.66008043               0
   7.67008066               0
   7.68008089               0
   7.69008112               0
   7.70008135               0
   7.71008158               0
   7.72008181               0
   7.73008204               0
   7.74008226               0
   7.75008249               0
   7.76008272               0
   7.77008295               0
   7.78008318               0
   7.79008341               0
   7.80008364               0
   7.81008387               0
   7.82008410               0
   7.83008432               0
   7.84008455               0
   7.85008478               0
   7.86008501               0
   7.87008524               0
   7.88008547               0
   7.89008570               0
   7.90008593               0
   7.91008615               0
   7.92008638               0
   7.93008661               0
   7.94008684               0
   7.95008707               0
   7.96008730               0
   7.97008753               0
   7.98008776               0
   7.99008799               0
   8.00008774               0
