   0.00000000             985
   9.99999978E-03         976
   1.99999996E-02         965
   2.99999993E-02         954
   3.99999991E-02         943
   4.99999970E-02         937
   5.99999949E-02         928
   6.99999928E-02         923
   7.99999908E-02         915
   8.99999887E-02         902
   9.99999866E-02         897
  0.109999985             890
  0.119999982             879
  0.129999980             870
  0.139999986             859
  0.149999991             853
  0.159999996             845
  0.170000002             842
  0.180000007             836
  0.190000013             828
  0.200000018             820
  0.210000023             811
  0.220000029             802
  0.230000034             796
  0.240000039             790
  0.250000030             782
  0.260000020             767
  0.270000011             758
  0.280000001             750
  0.289999992             746
  0.299999982             738
  0.309999973             732
  0.319999963             723
  0.329999954             710
  0.339999944             703
  0.349999934             695
  0.359999925             689
  0.369999915             686
  0.379999906             678
  0.389999896             673
  0.399999887             663
  0.409999877             655
  0.419999868             651
  0.429999858             642
  0.439999849             636
  0.449999839             627
  0.459999830             619
  0.469999820             612
  0.479999810             610
  0.489999801             605
  0.499999791             598
  0.509999812             588
  0.519999802             584
  0.529999793             577
  0.539999783             573
  0.549999774             567
  0.559999764             562
  0.569999754             557
  0.579999745             551
  0.589999735             546
  0.599999726             543
  0.609999716             539
  0.619999707             531
  0.629999697             525
  0.639999688             520
  0.649999678             519
  0.659999669             514
  0.669999659             509
  0.679999650             503
  0.689999640             500
  0.699999630             497
  0.709999621             495
  0.719999611             488
  0.729999602             482
  0.739999592             480
  0.749999583             474
  0.759999573             473
  0.769999564             469
  0.779999554             465
  0.789999545             461
  0.799999535             455
  0.809999526             451
  0.819999516             445
  0.829999506             443
  0.839999497             442
  0.849999487             436
  0.859999478             434
  0.869999468             433
  0.879999459             431
  0.889999449             427
  0.899999440             422
  0.909999430             418
  0.919999421             414
  0.929999411             411
  0.939999402             404
  0.949999392             398
  0.959999382             394
  0.969999373             390
  0.979999363             385
  0.989999354             382
  0.999999344             379
   1.00999939             373
   1.01999938             372
   1.02999938             368
   1.03999937             363
   1.04999936             361
   1.05999935             358
   1.06999934             354
   1.07999933             349
   1.08999932             347
   1.09999931             345
   1.10999930             342
   1.11999929             339
   1.12999928             339
   1.13999927             338
   1.14999926             333
   1.15999925             329
   1.16999924             325
   1.17999923             319
   1.18999922             316
   1.19999921             310
   1.20999920             305
   1.21999919             301
   1.22999918             298
   1.23999918             294
   1.24999917             290
   1.25999916             283
   1.26999915             280
   1.27999914             277
   1.28999913             275
   1.29999912             272
   1.30999911             270
   1.31999910             267
   1.32999909             267
   1.33999908             265
   1.34999907             262
   1.35999906             261
   1.36999905             259
   1.37999904             256
   1.38999903             255
   1.39999902             251
   1.40999901             248
   1.41999900             247
   1.42999899             246
   1.43999898             244
   1.44999897             243
   1.45999897             243
   1.46999896             241
   1.47999895             239
   1.48999894             235
   1.49999893             228
   1.50999892             225
   1.51999891             224
   1.52999890             223
   1.53999889             222
   1.54999888             218
   1.55999887             215
   1.56999886             213
   1.57999885             212
   1.58999884             212
   1.59999883             209
   1.60999882             207
   1.61999881             205
   1.62999880             204
   1.63999879             201
   1.64999878             199
   1.65999877             194
   1.66999876             192
   1.67999876             190
   1.68999875             188
   1.69999874             186
   1.70999873             184
   1.71999872             183
   1.72999871             181
   1.73999870             181
   1.74999869             180
   1.75999868             180
   1.76999867             179
   1.77999866             177
   1.78999865             175
   1.79999864             174
   1.80999863             173
   1.81999862             171
   1.82999861             170
   1.83999860             169
   1.84999859             167
   1.85999858             165
   1.86999857             162
   1.87999856             162
   1.88999856             159
   1.89999855             158
   1.90999854             157
   1.91999853             155
   1.92999852             152
   1.93999851             151
   1.94999850             148
   1.95999849             146
   1.96999848             144
   1.97999847             141
   1.98999846             141
   1.99999845             141
   2.00999856             141
   2.01999855             139
   2.02999854             136
   2.03999853             135
   2.04999852             135
   2.05999851             134
   2.06999850             133
   2.07999849             131
   2.08999848             131
   2.09999847             131
   2.10999846             131
   2.11999846             129
   2.12999845             128
   2.13999844             127
   2.14999843             124
   2.15999842             118
   2.16999841             118
   2.17999840             117
   2.18999839             117
   2.19999838             116
   2.20999837             111
   2.21999836             111
   2.22999835             111
   2.23999834             109
   2.24999833             109
   2.25999832             109
   2.26999831             106
   2.27999830             104
   2.28999829             104
   2.29999828             103
   2.30999827             100
   2.31999826              99
   2.32999825              99
   2.33999825              96
   2.34999824              95
   2.35999823              95
   2.36999822              95
   2.37999821              94
   2.38999820              93
   2.39999819              92
   2.40999818              92
   2.41999817              90
   2.42999816              90
   2.43999815              89
   2.44999814              88
   2.45999813              88
   2.46999812              85
   2.47999811              84
   2.48999810              84
   2.49999809              84
   2.50999808              84
   2.51999807              83
   2.52999806              82
   2.53999805              81
   2.54999804              81
   2.55999804              81
   2.56999803              79
   2.57999802              78
   2.58999801              77
   2.59999800              77
   2.60999799              77
   2.61999798              76
   2.62999797              76
   2.63999796              76
   2.64999795              74
   2.65999794              73
   2.66999793              72
   2.67999792              71
   2.68999791              70
   2.69999790              70
   2.70999789              70
   2.71999788              70
   2.72999787              69
   2.73999786              69
   2.74999785              69
   2.75999784              68
   2.76999784              66
   2.77999783              65
   2.78999782              65
   2.79999781              65
   2.80999780              64
   2.81999779              64
   2.82999778              63
   2.83999777              62
   2.84999776              62
   2.85999775              61
   2.86999774              61
   2.87999773              60
   2.88999772              59
   2.89999771              59
   2.90999770              59
   2.91999769              59
   2.92999768              58
   2.93999767              58
   2.94999766              57
   2.95999765              57
   2.96999764              56
   2.97999763              55
   2.98999763              55
   2.99999762              55
   3.00999761              54
   3.01999760              53
   3.02999759              53
   3.03999758              53
   3.04999757              53
   3.05999756              52
   3.06999755              51
   3.07999754              51
   3.08999753              51
   3.09999752              51
   3.10999751              51
   3.11999750              51
   3.12999749              51
   3.13999748              50
   3.14999747              49
   3.15999746              49
   3.16999745              47
   3.17999744              47
   3.18999743              45
   3.19999743              45
   3.20999742              43
   3.21999741              43
   3.22999740              42
   3.23999739              42
   3.24999738              42
   3.25999737              42
   3.26999736              42
   3.27999735              41
   3.28999734              41
   3.29999733              40
   3.30999732              39
   3.31999731              38
   3.32999730              38
   3.33999729              37
   3.34999728              37
   3.35999727              36
   3.36999726              36
   3.37999725              36
   3.38999724              35
   3.39999723              35
   3.40999722              35
   3.41999722              35
   3.42999721              34
   3.43999720              34
   3.44999719              33
   3.45999718              33
   3.46999717              33
   3.47999716              33
   3.48999715              33
   3.49999714              33
   3.50999713              33
   3.51999712              33
   3.52999711              32
   3.53999710              31
   3.54999709              31
   3.55999708              30
   3.56999707              30
   3.57999706              28
   3.58999705              27
   3.59999704              27
   3.60999703              27
   3.61999702              26
   3.62999701              26
   3.63999701              26
   3.64999700              26
   3.65999699              26
   3.66999698              26
   3.67999697              26
   3.68999696              26
   3.69999695              26
   3.70999694              26
   3.71999693              26
   3.72999692              26
   3.73999691              26
   3.74999690              26
   3.75999689              26
   3.76999688              25
   3.77999687              24
   3.78999686              24
   3.79999685              24
   3.80999684              24
   3.81999683              24
   3.82999682              23
   3.83999681              21
   3.84999681              21
   3.85999680              21
   3.86999679              21
   3.87999678              20
   3.88999677              20
   3.89999676              20
   3.90999675              20
   3.91999674              20
   3.92999673              20
   3.93999672              20
   3.94999671              20
   3.95999670              20
   3.96999669              19
   3.97999668              18
   3.98999667              18
   3.99999666              18
   4.00999689              18
   4.01999712              18
   4.02999735              17
   4.03999758              17
   4.04999781              17
   4.05999804              17
   4.06999826              16
   4.07999849              16
   4.08999872              15
   4.09999895              15
   4.10999918              14
   4.11999941              14
   4.12999964              14
   4.13999987              14
   4.15000010              14
   4.16000032              13
   4.17000055              13
   4.18000078              13
   4.19000101              13
   4.20000124              13
   4.21000147              13
   4.22000170              13
   4.23000193              13
   4.24000216              13
   4.25000238              13
   4.26000261              13
   4.27000284              13
   4.28000307              13
   4.29000330              12
   4.30000353              12
   4.31000376              12
   4.32000399              12
   4.33000422              12
   4.34000444              12
   4.35000467              12
   4.36000490              12
   4.37000513              12
   4.38000536              12
   4.39000559              12
   4.40000582              12
   4.41000605              12
   4.42000628              12
   4.43000650              12
   4.44000673              12
   4.45000696              12
   4.46000719              12
   4.47000742              12
   4.48000765              12
   4.49000788              12
   4.50000811              12
   4.51000834              12
   4.52000856              12
   4.53000879              12
   4.54000902              12
   4.55000925              12
   4.56000948              12
   4.57000971              12
   4.58000994              12
   4.59001017              12
   4.60001040              12
   4.61001062              12
   4.62001085              12
   4.63001108              12
   4.64001131              11
   4.65001154              11
   4.66001177              11
   4.67001200              11
   4.68001223              11
   4.69001245              11
   4.70001268              11
   4.71001291              11
   4.72001314              11
   4.73001337              11
   4.74001360              11
   4.75001383              11
   4.76001406              11
   4.77001429              11
   4.78001451              11
   4.79001474              11
   4.80001497              11
   4.81001520              11
   4.82001543              11
   4.83001566              11
   4.84001589              11
   4.85001612              11
   4.86001635              10
   4.87001657              10
   4.88001680              10
   4.89001703               9
   4.90001726               9
   4.91001749               9
   4.92001772               9
   4.93001795               9
   4.94001818               9
   4.95001841               9
   4.96001863               9
   4.97001886               9
   4.98001909               9
   4.99001932               9
   5.00001955               9
   5.01001978               8
   5.02002001               8
   5.03002024               8
   5.04002047               8
   5.05002069               8
   5.06002092               8
   5.07002115               8
   5.08002138               8
   5.09002161               8
   5.10002184               8
   5.11002207               8
   5.12002230               8
   5.13002253               8
   5.14002275               8
   5.15002298               8
   5.16002321               8
   5.17002344               8
   5.18002367               8
   5.19002390               8
   5.20002413               8
   5.21002436               8
   5.22002459               8
   5.23002481               7
   5.24002504               7
   5.25002527               7
   5.26002550               7
   5.27002573               7
   5.28002596               7
   5.29002619               7
   5.30002642               7
   5.31002665               7
   5.32002687               7
   5.33002710               7
   5.34002733               7
   5.35002756               7
   5.36002779               7
   5.37002802               7
   5.38002825               7
   5.39002848               7
   5.40002871               7
   5.41002893               7
   5.42002916               7
   5.43002939               7
   5.44002962               7
   5.45002985               7
   5.46003008               7
   5.47003031               7
   5.48003054               7
   5.49003077               7
   5.50003099               7
   5.51003122               7
   5.52003145               7
   5.53003168               7
   5.54003191               7
   5.55003214               7
   5.56003237               7
   5.57003260               7
   5.58003283               7
   5.59003305               6
   5.60003328               6
   5.61003351               6
   5.62003374               6
   5.63003397               6
   5.64003420               6
   5.65003443               6
   5.66003466               6
   5.67003489               6
   5.68003511               6
   5.69003534               6
   5.70003557               6
   5.71003580               6
   5.72003603               6
   5.73003626               4
   5.74003649               4
   5.75003672               4
   5.76003695               4
   5.77003717               4
   5.78003740               4
   5.79003763               4
   5.80003786               4
   5.81003809               4
   5.82003832               4
   5.83003855               4
   5.84003878               4
   5.85003901               4
   5.86003923               4
   5.87003946               4
   5.88003969               4
   5.89003992               4
   5.90004015               4
   5.91004038               4
   5.92004061               4
   5.93004084               4
   5.94004107               4
   5.95004129               4
   5.96004152               4
   5.97004175               4
   5.98004198               4
   5.99004221               4
   6.00004244               4
   6.01004267               4
   6.02004290               4
   6.03004313               4
   6.04004335               4
   6.05004358               4
   6.06004381               4
   6.07004404               4
   6.08004427               4
   6.09004450               4
   6.10004473               4
   6.11004496               4
   6.12004519               4
   6.13004541               4
   6.14004564               4
   6.15004587               4
   6.16004610               4
   6.17004633               4
   6.18004656               4
   6.19004679               4
   6.20004702               4
   6.21004725               4
   6.22004747               4
   6.23004770               4
   6.24004793               4
   6.25004816               4
   6.26004839               4
   6.27004862               4
   6.28004885               4
   6.29004908               4
   6.30004930               4
   6.31004953               4
   6.32004976               3
   6.33004999               3
   6.34005022               3
   6.35005045               3
   6.36005068               3
   6.37005091               3
   6.38005114               3
   6.39005136               3
   6.40005159               3
   6.41005182               3
   6.42005205               3
   6.43005228               3
   6.44005251               3
   6.45005274               3
   6.46005297               3
   6.47005320               3
   6.48005342               3
   6.49005365               3
   6.50005388               3
   6.51005411               3
   6.52005434               3
   6.53005457               3
   6.54005480               3
   6.55005503               3
   6.56005526               2
   6.57005548               2
   6.58005571               2
   6.59005594               2
   6.60005617               2
   6.61005640               2
   6.62005663               2
   6.63005686               2
   6.64005709               2
   6.65005732               2
   6.66005754               2
   6.67005777               2
   6.68005800               2
   6.69005823               2
   6.70005846               2
   6.71005869               2
   6.72005892               2
   6.73005915               2
   6.74005938               2
   6.75005960               2
   6.76005983               2
   6.77006006               2
   6.78006029               2
   6.79006052               2
   6.80006075               2
   6.81006098               2
   6.82006121               2
   6.83006144               2
   6.84006166               2
   6.85006189               2
   6.86006212               2
   6.87006235               2
   6.88006258               2
   6.89006281               2
   6.90006304               2
   6.91006327               2
   6.92006350               2
   6.93006372               2
   6.94006395               2
   6.95006418               2
   6.96006441               2
   6.97006464               2
   6.98006487               2
   6.99006510               1
   7.00006533               1
   7.01006556               1
   7.02006578               1
   7.03006601               1
   7.04006624               1
   7.05006647               1
   7.06006670               1
   7.07006693               1
   7.08006716               1
   7.09006739               1
   7.10006762               1
   7.11006784               1
   7.12006807               1
   7.13006830               1
   7.14006853               1
   7.15006876               1
   7.16006899               1
   7.17006922               1
   7.18006945               1
   7.19006968               1
   7.20006990               1
   7.21007013               1
   7.22007036               1
   7.23007059               1
   7.24007082               1
   7.25007105               1
   7.26007128               1
   7.27007151               1
   7.28007174               1
   7.29007196               1
   7.30007219               1
   7.31007242               1
   7.32007265               1
   7.33007288               1
   7.34007311               1
   7.35007334               1
   7.36007357               0
   7.37007380               0
   7.38007402               0
   7.39007425               0
   7.40007448               0
   7.41007471               0
   7.42007494               0
   7.43007517               0
   7.44007540               0
   7.45007563               0
   7.46007586               0
   7.47007608               0
   7.48007631               0
   7.49007654               0
   7.50007677               0
   7.51007700               0
   7.52007723               0
   7.53007746               0
   7.54007769               0
   7.55007792               0
   7.56007814               0
   7.57007837               0
   7.58007860               0
   7.59007883               0
   7.60007906               0
   7.61007929               0
   7.62007952               0
   7.63007975               0
   7.64007998               0
   7.65008020               0
   7.66008043               0
   7.67008066               0
   7.68008089               0
   7.69008112               0
   7.70008135               0
   7.71008158               0
   7.72008181               0
   7.73008204               0
   7.74008226               0
   7.75008249               0
   7.76008272               0
   7.77008295               0
   7.78008318               0
   7.79008341               0
   7.80008364               0
   7.81008387               0
   7.82008410               0
   7.83008432               0
   7.84008455               0
   7.85008478               0
   7.86008501               0
   7.87008524               0
   7.88008547               0
   7.89008570               0
   7.90008593               0
   7.91008615               0
   7.92008638               0
   7.93008661               0
   7.94008684               0
   7.95008707               0
   7.96008730               0
   7.97008753               0
   7.98008776               0
   7.99008799               0
   8.00008774               0
