   0.00000000             992
   9.99999978E-03         985
   1.99999996E-02         977
   2.99999993E-02         968
   3.99999991E-02         956
   4.99999970E-02         955
   5.99999949E-02         945
   6.99999928E-02         938
   7.99999908E-02         932
   8.99999887E-02         925
   9.99999866E-02         913
  0.109999985             901
  0.119999982             889
  0.129999980             884
  0.139999986             871
  0.149999991             863
  0.159999996             854
  0.170000002             845
  0.180000007             839
  0.190000013             832
  0.200000018             822
  0.210000023             813
  0.220000029             801
  0.230000034             796
  0.240000039             786
  0.250000030             779
  0.260000020             774
  0.270000011             768
  0.280000001             762
  0.289999992             759
  0.299999982             749
  0.309999973             739
  0.319999963             730
  0.329999954             726
  0.339999944             715
  0.349999934             704
  0.359999925             698
  0.369999915             697
  0.379999906             689
  0.389999896             679
  0.399999887             671
  0.409999877             666
  0.419999868             662
  0.429999858             656
  0.439999849             650
  0.449999839             642
  0.459999830             635
  0.469999820             630
  0.479999810             616
  0.489999801             610
  0.499999791             601
  0.509999812             594
  0.519999802             588
  0.529999793             583
  0.539999783             580
  0.549999774             576
  0.559999764             570
  0.569999754             565
  0.579999745             560
  0.589999735             558
  0.599999726             554
  0.609999716             548
  0.619999707             541
  0.629999697             533
  0.639999688             529
  0.649999678             522
  0.659999669             517
  0.669999659             512
  0.679999650             504
  0.689999640             496
  0.699999630             494
  0.709999621             493
  0.719999611             489
  0.729999602             485
  0.739999592             481
  0.749999583             473
  0.759999573             468
  0.769999564             464
  0.779999554             464
  0.789999545             457
  0.799999535             456
  0.809999526             450
  0.819999516             446
  0.829999506             444
  0.839999497             438
  0.849999487             433
  0.859999478             431
  0.869999468             427
  0.879999459             423
  0.889999449             418
  0.899999440             415
  0.909999430             411
  0.919999421             408
  0.929999411             404
  0.939999402             396
  0.949999392             391
  0.959999382             386
  0.969999373             385
  0.979999363             380
  0.989999354             378
  0.999999344             371
   1.00999939             370
   1.01999938             360
   1.02999938             357
   1.03999937             352
   1.04999936             346
   1.05999935             340
   1.06999934             339
   1.07999933             337
   1.08999932             334
   1.09999931             331
   1.10999930             327
   1.11999929             325
   1.12999928             323
   1.13999927             319
   1.14999926             316
   1.15999925             312
   1.16999924             312
   1.17999923             308
   1.18999922             305
   1.19999921             299
   1.20999920             293
   1.21999919             288
   1.22999918             286
   1.23999918             284
   1.24999917             281
   1.25999916             276
   1.26999915             273
   1.27999914             271
   1.28999913             266
   1.29999912             264
   1.30999911             258
   1.31999910             257
   1.32999909             254
   1.33999908             252
   1.34999907             249
   1.35999906             246
   1.36999905             242
   1.37999904             238
   1.38999903             236
   1.39999902             234
   1.40999901             231
   1.41999900             230
   1.42999899             226
   1.43999898             225
   1.44999897             222
   1.45999897             219
   1.46999896             219
   1.47999895             216
   1.48999894             214
   1.49999893             209
   1.50999892             209
   1.51999891             207
   1.52999890             203
   1.53999889             203
   1.54999888             199
   1.55999887             199
   1.56999886             196
   1.57999885             196
   1.58999884             196
   1.59999883             193
   1.60999882             189
   1.61999881             188
   1.62999880             188
   1.63999879             186
   1.64999878             184
   1.65999877             184
   1.66999876             183
   1.67999876             181
   1.68999875             179
   1.69999874             178
   1.70999873             177
   1.71999872             174
   1.72999871             172
   1.73999870             170
   1.74999869             166
   1.75999868             164
   1.76999867             161
   1.77999866             159
   1.78999865             157
   1.79999864             155
   1.80999863             154
   1.81999862             153
   1.82999861             152
   1.83999860             152
   1.84999859             152
   1.85999858             151
   1.86999857             149
   1.87999856             149
   1.88999856             147
   1.89999855             143
   1.90999854             142
   1.91999853             142
   1.92999852             141
   1.93999851             140
   1.94999850             138
   1.95999849             138
   1.96999848             138
   1.97999847             138
   1.98999846             138
   1.99999845             136
   2.00999856             135
   2.01999855             134
   2.02999854             134
   2.03999853             132
   2.04999852             129
   2.05999851             126
   2.06999850             126
   2.07999849             126
   2.08999848             126
   2.09999847             125
   2.10999846             124
   2.11999846             124
   2.12999845             123
   2.13999844             123
   2.14999843             123
   2.15999842             123
   2.16999841             123
   2.17999840             121
   2.18999839             121
   2.19999838             120
   2.20999837             120
   2.21999836             120
   2.22999835             119
   2.23999834             116
   2.24999833             111
   2.25999832             109
   2.26999831             108
   2.27999830             105
   2.28999829             104
   2.29999828             104
   2.30999827             103
   2.31999826             102
   2.32999825             102
   2.33999825             101
   2.34999824             101
   2.35999823             101
   2.36999822              98
   2.37999821              97
   2.38999820              94
   2.39999819              92
   2.40999818              91
   2.41999817              90
   2.42999816              90
   2.43999815              88
   2.44999814              87
   2.45999813              86
   2.46999812              85
   2.47999811              84
   2.48999810              83
   2.49999809              83
   2.50999808              83
   2.51999807              82
   2.52999806              82
   2.53999805              81
   2.54999804              80
   2.55999804              79
   2.56999803              78
   2.57999802              78
   2.58999801              78
   2.59999800              77
   2.60999799              77
   2.61999798              77
   2.62999797              76
   2.63999796              76
   2.64999795              74
   2.65999794              74
   2.66999793              73
   2.67999792              73
   2.68999791              73
   2.69999790              73
   2.70999789              72
   2.71999788              72
   2.72999787              72
   2.73999786              72
   2.74999785              71
   2.75999784              71
   2.76999784              71
   2.77999783              71
   2.78999782              70
   2.79999781              69
   2.80999780              67
   2.81999779              67
   2.82999778              64
   2.83999777              64
   2.84999776              64
   2.85999775              64
   2.86999774              63
   2.87999773              63
   2.88999772              63
   2.89999771              63
   2.90999770              63
   2.91999769              61
   2.92999768              61
   2.93999767              58
   2.94999766              57
   2.95999765              57
   2.96999764              57
   2.97999763              57
   2.98999763              56
   2.99999762              55
   3.00999761              53
   3.01999760              52
   3.02999759              52
   3.03999758              52
   3.04999757              50
   3.05999756              50
   3.06999755              49
   3.07999754              49
   3.08999753              49
   3.09999752              49
   3.10999751              49
   3.11999750              49
   3.12999749              49
   3.13999748              49
   3.14999747              47
   3.15999746              47
   3.16999745              47
   3.17999744              47
   3.18999743              46
   3.19999743              46
   3.20999742              46
   3.21999741              46
   3.22999740              46
   3.23999739              46
   3.24999738              45
   3.25999737              45
   3.26999736              45
   3.27999735              45
   3.28999734              44
   3.29999733              44
   3.30999732              43
   3.31999731              43
   3.32999730              43
   3.33999729              43
   3.34999728              43
   3.35999727              43
   3.36999726              42
   3.37999725              42
   3.38999724              42
   3.39999723              42
   3.40999722              42
   3.41999722              42
   3.42999721              42
   3.43999720              41
   3.44999719              41
   3.45999718              41
   3.46999717              41
   3.47999716              41
   3.48999715              41
   3.49999714              40
   3.50999713              40
   3.51999712              39
   3.52999711              39
   3.53999710              39
   3.54999709              39
   3.55999708              38
   3.56999707              38
   3.57999706              37
   3.58999705              37
   3.59999704              36
   3.60999703              36
   3.61999702              35
   3.62999701              35
   3.63999701              35
   3.64999700              35
   3.65999699              35
   3.66999698              35
   3.67999697              34
   3.68999696              34
   3.69999695              34
   3.70999694              33
   3.71999693              33
   3.72999692              33
   3.73999691              33
   3.74999690              33
   3.75999689              33
   3.76999688              32
   3.77999687              32
   3.78999686              31
   3.79999685              31
   3.80999684              31
   3.81999683              31
   3.82999682              31
   3.83999681              30
   3.84999681              30
   3.85999680              30
   3.86999679              29
   3.87999678              28
   3.88999677              28
   3.89999676              28
   3.90999675              27
   3.91999674              27
   3.92999673              27
   3.93999672              27
   3.94999671              26
   3.95999670              26
   3.96999669              26
   3.97999668              26
   3.98999667              26
   3.99999666              26
   4.00999689              25
   4.01999712              25
   4.02999735              25
   4.03999758              24
   4.04999781              22
   4.05999804              22
   4.06999826              21
   4.07999849              21
   4.08999872              21
   4.09999895              21
   4.10999918              21
   4.11999941              21
   4.12999964              21
   4.13999987              21
   4.15000010              21
   4.16000032              21
   4.17000055              21
   4.18000078              21
   4.19000101              21
   4.20000124              21
   4.21000147              21
   4.22000170              21
   4.23000193              21
   4.24000216              21
   4.25000238              21
   4.26000261              21
   4.27000284              21
   4.28000307              20
   4.29000330              20
   4.30000353              20
   4.31000376              20
   4.32000399              20
   4.33000422              19
   4.34000444              18
   4.35000467              18
   4.36000490              17
   4.37000513              17
   4.38000536              17
   4.39000559              17
   4.40000582              17
   4.41000605              17
   4.42000628              17
   4.43000650              17
   4.44000673              17
   4.45000696              17
   4.46000719              16
   4.47000742              16
   4.48000765              16
   4.49000788              15
   4.50000811              15
   4.51000834              15
   4.52000856              15
   4.53000879              15
   4.54000902              15
   4.55000925              15
   4.56000948              14
   4.57000971              14
   4.58000994              14
   4.59001017              14
   4.60001040              14
   4.61001062              14
   4.62001085              14
   4.63001108              14
   4.64001131              14
   4.65001154              14
   4.66001177              14
   4.67001200              14
   4.68001223              13
   4.69001245              13
   4.70001268              13
   4.71001291              13
   4.72001314              13
   4.73001337              13
   4.74001360              13
   4.75001383              13
   4.76001406              13
   4.77001429              13
   4.78001451              13
   4.79001474              13
   4.80001497              12
   4.81001520              12
   4.82001543              12
   4.83001566              12
   4.84001589              12
   4.85001612              12
   4.86001635              12
   4.87001657              12
   4.88001680              12
   4.89001703              12
   4.90001726              12
   4.91001749              11
   4.92001772              11
   4.93001795              11
   4.94001818              11
   4.95001841              11
   4.96001863              11
   4.97001886              11
   4.98001909              11
   4.99001932              11
   5.00001955              10
   5.01001978               9
   5.02002001               9
   5.03002024               9
   5.04002047               9
   5.05002069               9
   5.06002092               9
   5.07002115               9
   5.08002138               9
   5.09002161               9
   5.10002184               9
   5.11002207               9
   5.12002230               8
   5.13002253               8
   5.14002275               8
   5.15002298               8
   5.16002321               8
   5.17002344               8
   5.18002367               8
   5.19002390               8
   5.20002413               8
   5.21002436               8
   5.22002459               8
   5.23002481               8
   5.24002504               8
   5.25002527               8
   5.26002550               8
   5.27002573               8
   5.28002596               8
   5.29002619               8
   5.30002642               8
   5.31002665               8
   5.32002687               8
   5.33002710               8
   5.34002733               8
   5.35002756               8
   5.36002779               8
   5.37002802               8
   5.38002825               8
   5.39002848               8
   5.40002871               8
   5.41002893               8
   5.42002916               8
   5.43002939               8
   5.44002962               8
   5.45002985               8
   5.46003008               8
   5.47003031               8
   5.48003054               8
   5.49003077               8
   5.50003099               8
   5.51003122               8
   5.52003145               8
   5.53003168               8
   5.54003191               8
   5.55003214               8
   5.56003237               8
   5.57003260               8
   5.58003283               8
   5.59003305               8
   5.60003328               8
   5.61003351               8
   5.62003374               8
   5.63003397               8
   5.64003420               8
   5.65003443               7
   5.66003466               7
   5.67003489               7
   5.68003511               6
   5.69003534               6
   5.70003557               6
   5.71003580               6
   5.72003603               6
   5.73003626               6
   5.74003649               5
   5.75003672               5
   5.76003695               5
   5.77003717               5
   5.78003740               5
   5.79003763               5
   5.80003786               5
   5.81003809               5
   5.82003832               5
   5.83003855               5
   5.84003878               5
   5.85003901               5
   5.86003923               5
   5.87003946               5
   5.88003969               5
   5.89003992               5
   5.90004015               5
   5.91004038               5
   5.92004061               5
   5.93004084               5
   5.94004107               5
   5.95004129               5
   5.96004152               5
   5.97004175               5
   5.98004198               5
   5.99004221               5
   6.00004244               5
   6.01004267               5
   6.02004290               5
   6.03004313               5
   6.04004335               5
   6.05004358               5
   6.06004381               5
   6.07004404               5
   6.08004427               5
   6.09004450               5
   6.10004473               5
   6.11004496               5
   6.12004519               5
   6.13004541               5
   6.14004564               5
   6.15004587               5
   6.16004610               5
   6.17004633               4
   6.18004656               4
   6.19004679               4
   6.20004702               4
   6.21004725               4
   6.22004747               4
   6.23004770               4
   6.24004793               4
   6.25004816               4
   6.26004839               4
   6.27004862               4
   6.28004885               4
   6.29004908               4
   6.30004930               4
   6.31004953               4
   6.32004976               4
   6.33004999               4
   6.34005022               4
   6.35005045               4
   6.36005068               4
   6.37005091               4
   6.38005114               4
   6.39005136               4
   6.40005159               4
   6.41005182               4
   6.42005205               4
   6.43005228               4
   6.44005251               4
   6.45005274               4
   6.46005297               4
   6.47005320               4
   6.48005342               4
   6.49005365               4
   6.50005388               4
   6.51005411               4
   6.52005434               4
   6.53005457               4
   6.54005480               4
   6.55005503               4
   6.56005526               4
   6.57005548               4
   6.58005571               4
   6.59005594               4
   6.60005617               3
   6.61005640               3
   6.62005663               2
   6.63005686               2
   6.64005709               2
   6.65005732               2
   6.66005754               2
   6.67005777               2
   6.68005800               2
   6.69005823               2
   6.70005846               2
   6.71005869               2
   6.72005892               2
   6.73005915               2
   6.74005938               2
   6.75005960               2
   6.76005983               2
   6.77006006               2
   6.78006029               2
   6.79006052               2
   6.80006075               2
   6.81006098               2
   6.82006121               2
   6.83006144               2
   6.84006166               2
   6.85006189               2
   6.86006212               2
   6.87006235               2
   6.88006258               2
   6.89006281               2
   6.90006304               2
   6.91006327               2
   6.92006350               2
   6.93006372               2
   6.94006395               2
   6.95006418               2
   6.96006441               2
   6.97006464               2
   6.98006487               2
   6.99006510               2
   7.00006533               2
   7.01006556               2
   7.02006578               2
   7.03006601               2
   7.04006624               2
   7.05006647               2
   7.06006670               2
   7.07006693               2
   7.08006716               2
   7.09006739               2
   7.10006762               2
   7.11006784               2
   7.12006807               2
   7.13006830               2
   7.14006853               2
   7.15006876               2
   7.16006899               2
   7.17006922               2
   7.18006945               2
   7.19006968               2
   7.20006990               2
   7.21007013               2
   7.22007036               2
   7.23007059               2
   7.24007082               2
   7.25007105               2
   7.26007128               2
   7.27007151               2
   7.28007174               2
   7.29007196               2
   7.30007219               2
   7.31007242               2
   7.32007265               2
   7.33007288               2
   7.34007311               2
   7.35007334               2
   7.36007357               2
   7.37007380               2
   7.38007402               2
   7.39007425               2
   7.40007448               2
   7.41007471               2
   7.42007494               2
   7.43007517               2
   7.44007540               2
   7.45007563               2
   7.46007586               2
   7.47007608               2
   7.48007631               2
   7.49007654               2
   7.50007677               2
   7.51007700               2
   7.52007723               2
   7.53007746               2
   7.54007769               2
   7.55007792               2
   7.56007814               2
   7.57007837               2
   7.58007860               2
   7.59007883               2
   7.60007906               2
   7.61007929               2
   7.62007952               2
   7.63007975               2
   7.64007998               2
   7.65008020               2
   7.66008043               2
   7.67008066               2
   7.68008089               2
   7.69008112               2
   7.70008135               2
   7.71008158               2
   7.72008181               2
   7.73008204               2
   7.74008226               2
   7.75008249               2
   7.76008272               2
   7.77008295               2
   7.78008318               2
   7.79008341               2
   7.80008364               2
   7.81008387               2
   7.82008410               2
   7.83008432               2
   7.84008455               2
   7.85008478               2
   7.86008501               1
   7.87008524               1
   7.88008547               1
   7.89008570               1
   7.90008593               1
   7.91008615               1
   7.92008638               1
   7.93008661               1
   7.94008684               1
   7.95008707               0
   7.96008730               0
   7.97008753               0
   7.98008776               0
   7.99008799               0
   8.00008774               0
