   0.00000000             987
   9.99999978E-03         978
   1.99999996E-02         971
   2.99999993E-02         962
   3.99999991E-02         951
   4.99999970E-02         940
   5.99999949E-02         931
   6.99999928E-02         922
   7.99999908E-02         914
   8.99999887E-02         903
   9.99999866E-02         893
  0.109999985             886
  0.119999982             878
  0.129999980             871
  0.139999986             859
  0.149999991             849
  0.159999996             838
  0.170000002             830
  0.180000007             824
  0.190000013             814
  0.200000018             807
  0.210000023             803
  0.220000029             797
  0.230000034             790
  0.240000039             781
  0.250000030             777
  0.260000020             766
  0.270000011             758
  0.280000001             754
  0.289999992             749
  0.299999982             738
  0.309999973             732
  0.319999963             727
  0.329999954             711
  0.339999944             702
  0.349999934             695
  0.359999925             687
  0.369999915             677
  0.379999906             671
  0.389999896             668
  0.399999887             664
  0.409999877             660
  0.419999868             654
  0.429999858             646
  0.439999849             640
  0.449999839             632
  0.459999830             627
  0.469999820             621
  0.479999810             614
  0.489999801             603
  0.499999791             597
  0.509999812             592
  0.519999802             589
  0.529999793             580
  0.539999783             577
  0.549999774             573
  0.559999764             570
  0.569999754             566
  0.579999745             557
  0.589999735             552
  0.599999726             546
  0.609999716             539
  0.619999707             532
  0.629999697             524
  0.639999688             519
  0.649999678             510
  0.659999669             505
  0.669999659             493
  0.679999650             488
  0.689999640             481
  0.699999630             476
  0.709999621             471
  0.719999611             469
  0.729999602             462
  0.739999592             457
  0.749999583             452
  0.759999573             446
  0.769999564             443
  0.779999554             440
  0.789999545             439
  0.799999535             435
  0.809999526             430
  0.819999516             423
  0.829999506             417
  0.839999497             413
  0.849999487             408
  0.859999478             405
  0.869999468             401
  0.879999459             397
  0.889999449             393
  0.899999440             390
  0.909999430             388
  0.919999421             384
  0.929999411             376
  0.939999402             369
  0.949999392             367
  0.959999382             364
  0.969999373             363
  0.979999363             363
  0.989999354             360
  0.999999344             355
   1.00999939             351
   1.01999938             349
   1.02999938             346
   1.03999937             339
   1.04999936             338
   1.05999935             337
   1.06999934             336
   1.07999933             330
   1.08999932             326
   1.09999931             322
   1.10999930             319
   1.11999929             314
   1.12999928             308
   1.13999927             303
   1.14999926             302
   1.15999925             300
   1.16999924             294
   1.17999923             292
   1.18999922             290
   1.19999921             289
   1.20999920             288
   1.21999919             283
   1.22999918             282
   1.23999918             282
   1.24999917             277
   1.25999916             269
   1.26999915             265
   1.27999914             264
   1.28999913             261
   1.29999912             258
   1.30999911             253
   1.31999910             248
   1.32999909             243
   1.33999908             240
   1.34999907             236
   1.35999906             234
   1.36999905             233
   1.37999904             225
   1.38999903             223
   1.39999902             219
   1.40999901             216
   1.41999900             214
   1.42999899             212
   1.43999898             210
   1.44999897             210
   1.45999897             206
   1.46999896             206
   1.47999895             204
   1.48999894             201
   1.49999893             200
   1.50999892             199
   1.51999891             197
   1.52999890             196
   1.53999889             192
   1.54999888             187
   1.55999887             186
   1.56999886             183
   1.57999885             181
   1.58999884             180
   1.59999883             178
   1.60999882             177
   1.61999881             175
   1.62999880             172
   1.63999879             170
   1.64999878             167
   1.65999877             167
   1.66999876             166
   1.67999876             166
   1.68999875             164
   1.69999874             163
   1.70999873             161
   1.71999872             159
   1.72999871             158
   1.73999870             157
   1.74999869             154
   1.75999868             154
   1.76999867             151
   1.77999866             151
   1.78999865             150
   1.79999864             146
   1.80999863             145
   1.81999862             145
   1.82999861             144
   1.83999860             141
   1.84999859             139
   1.85999858             138
   1.86999857             137
   1.87999856             137
   1.88999856             135
   1.89999855             134
   1.90999854             133
   1.91999853             130
   1.92999852             130
   1.93999851             130
   1.94999850             129
   1.95999849             129
   1.96999848             127
   1.97999847             123
   1.98999846             122
   1.99999845             122
   2.00999856             120
   2.01999855             119
   2.02999854             114
   2.03999853             113
   2.04999852             112
   2.05999851             112
   2.06999850             112
   2.07999849             111
   2.08999848             109
   2.09999847             109
   2.10999846             108
   2.11999846             106
   2.12999845             106
   2.13999844             105
   2.14999843             105
   2.15999842             102
   2.16999841              95
   2.17999840              95
   2.18999839              94
   2.19999838              94
   2.20999837              92
   2.21999836              92
   2.22999835              92
   2.23999834              90
   2.24999833              88
   2.25999832              86
   2.26999831              84
   2.27999830              83
   2.28999829              83
   2.29999828              82
   2.30999827              82
   2.31999826              81
   2.32999825              79
   2.33999825              77
   2.34999824              77
   2.35999823              77
   2.36999822              77
   2.37999821              77
   2.38999820              76
   2.39999819              76
   2.40999818              76
   2.41999817              74
   2.42999816              72
   2.43999815              70
   2.44999814              69
   2.45999813              68
   2.46999812              65
   2.47999811              64
   2.48999810              64
   2.49999809              64
   2.50999808              64
   2.51999807              64
   2.52999806              64
   2.53999805              64
   2.54999804              64
   2.55999804              63
   2.56999803              63
   2.57999802              63
   2.58999801              62
   2.59999800              62
   2.60999799              62
   2.61999798              62
   2.62999797              62
   2.63999796              61
   2.64999795              60
   2.65999794              60
   2.66999793              60
   2.67999792              59
   2.68999791              59
   2.69999790              58
   2.70999789              58
   2.71999788              58
   2.72999787              58
   2.73999786              58
   2.74999785              58
   2.75999784              58
   2.76999784              56
   2.77999783              56
   2.78999782              56
   2.79999781              55
   2.80999780              55
   2.81999779              55
   2.82999778              54
   2.83999777              54
   2.84999776              53
   2.85999775              53
   2.86999774              51
   2.87999773              51
   2.88999772              51
   2.89999771              51
   2.90999770              51
   2.91999769              49
   2.92999768              49
   2.93999767              49
   2.94999766              49
   2.95999765              48
   2.96999764              46
   2.97999763              45
   2.98999763              45
   2.99999762              45
   3.00999761              44
   3.01999760              42
   3.02999759              41
   3.03999758              41
   3.04999757              40
   3.05999756              39
   3.06999755              39
   3.07999754              39
   3.08999753              39
   3.09999752              39
   3.10999751              39
   3.11999750              39
   3.12999749              39
   3.13999748              39
   3.14999747              39
   3.15999746              38
   3.16999745              38
   3.17999744              38
   3.18999743              38
   3.19999743              37
   3.20999742              37
   3.21999741              37
   3.22999740              37
   3.23999739              37
   3.24999738              37
   3.25999737              37
   3.26999736              37
   3.27999735              36
   3.28999734              36
   3.29999733              36
   3.30999732              33
   3.31999731              33
   3.32999730              33
   3.33999729              33
   3.34999728              33
   3.35999727              32
   3.36999726              31
   3.37999725              31
   3.38999724              31
   3.39999723              31
   3.40999722              29
   3.41999722              29
   3.42999721              29
   3.43999720              28
   3.44999719              28
   3.45999718              28
   3.46999717              28
   3.47999716              27
   3.48999715              26
   3.49999714              26
   3.50999713              26
   3.51999712              26
   3.52999711              26
   3.53999710              25
   3.54999709              25
   3.55999708              25
   3.56999707              24
   3.57999706              23
   3.58999705              23
   3.59999704              23
   3.60999703              23
   3.61999702              23
   3.62999701              22
   3.63999701              22
   3.64999700              22
   3.65999699              22
   3.66999698              21
   3.67999697              21
   3.68999696              21
   3.69999695              21
   3.70999694              19
   3.71999693              19
   3.72999692              19
   3.73999691              19
   3.74999690              19
   3.75999689              19
   3.76999688              19
   3.77999687              19
   3.78999686              19
   3.79999685              18
   3.80999684              18
   3.81999683              18
   3.82999682              17
   3.83999681              17
   3.84999681              17
   3.85999680              16
   3.86999679              16
   3.87999678              16
   3.88999677              16
   3.89999676              16
   3.90999675              16
   3.91999674              16
   3.92999673              16
   3.93999672              16
   3.94999671              16
   3.95999670              16
   3.96999669              15
   3.97999668              15
   3.98999667              15
   3.99999666              15
   4.00999689              15
   4.01999712              15
   4.02999735              15
   4.03999758              15
   4.04999781              14
   4.05999804              14
   4.06999826              14
   4.07999849              14
   4.08999872              14
   4.09999895              14
   4.10999918              14
   4.11999941              14
   4.12999964              14
   4.13999987              14
   4.15000010              14
   4.16000032              13
   4.17000055              13
   4.18000078              12
   4.19000101              12
   4.20000124              12
   4.21000147              12
   4.22000170              12
   4.23000193              12
   4.24000216              12
   4.25000238              12
   4.26000261              12
   4.27000284              12
   4.28000307              12
   4.29000330              12
   4.30000353              12
   4.31000376              12
   4.32000399              12
   4.33000422              11
   4.34000444              10
   4.35000467              10
   4.36000490              10
   4.37000513              10
   4.38000536              10
   4.39000559              10
   4.40000582              10
   4.41000605              10
   4.42000628              10
   4.43000650              10
   4.44000673              10
   4.45000696               9
   4.46000719               9
   4.47000742               8
   4.48000765               8
   4.49000788               8
   4.50000811               7
   4.51000834               7
   4.52000856               6
   4.53000879               6
   4.54000902               6
   4.55000925               6
   4.56000948               6
   4.57000971               6
   4.58000994               6
   4.59001017               6
   4.60001040               6
   4.61001062               6
   4.62001085               6
   4.63001108               6
   4.64001131               6
   4.65001154               6
   4.66001177               6
   4.67001200               6
   4.68001223               6
   4.69001245               6
   4.70001268               6
   4.71001291               5
   4.72001314               5
   4.73001337               5
   4.74001360               5
   4.75001383               5
   4.76001406               5
   4.77001429               5
   4.78001451               5
   4.79001474               5
   4.80001497               5
   4.81001520               5
   4.82001543               5
   4.83001566               5
   4.84001589               4
   4.85001612               4
   4.86001635               4
   4.87001657               4
   4.88001680               4
   4.89001703               4
   4.90001726               4
   4.91001749               4
   4.92001772               4
   4.93001795               4
   4.94001818               4
   4.95001841               4
   4.96001863               4
   4.97001886               4
   4.98001909               4
   4.99001932               4
   5.00001955               4
   5.01001978               4
   5.02002001               4
   5.03002024               4
   5.04002047               4
   5.05002069               4
   5.06002092               4
   5.07002115               4
   5.08002138               4
   5.09002161               4
   5.10002184               4
   5.11002207               4
   5.12002230               4
   5.13002253               4
   5.14002275               4
   5.15002298               4
   5.16002321               3
   5.17002344               3
   5.18002367               3
   5.19002390               3
   5.20002413               3
   5.21002436               3
   5.22002459               3
   5.23002481               3
   5.24002504               3
   5.25002527               3
   5.26002550               3
   5.27002573               3
   5.28002596               3
   5.29002619               3
   5.30002642               3
   5.31002665               2
   5.32002687               2
   5.33002710               2
   5.34002733               2
   5.35002756               2
   5.36002779               2
   5.37002802               2
   5.38002825               2
   5.39002848               2
   5.40002871               2
   5.41002893               2
   5.42002916               2
   5.43002939               2
   5.44002962               2
   5.45002985               2
   5.46003008               2
   5.47003031               2
   5.48003054               2
   5.49003077               2
   5.50003099               2
   5.51003122               2
   5.52003145               2
   5.53003168               2
   5.54003191               2
   5.55003214               2
   5.56003237               2
   5.57003260               2
   5.58003283               2
   5.59003305               2
   5.60003328               2
   5.61003351               2
   5.62003374               2
   5.63003397               2
   5.64003420               1
   5.65003443               1
   5.66003466               1
   5.67003489               1
   5.68003511               1
   5.69003534               1
   5.70003557               1
   5.71003580               1
   5.72003603               1
   5.73003626               1
   5.74003649               1
   5.75003672               1
   5.76003695               1
   5.77003717               1
   5.78003740               1
   5.79003763               1
   5.80003786               1
   5.81003809               1
   5.82003832               1
   5.83003855               1
   5.84003878               1
   5.85003901               1
   5.86003923               1
   5.87003946               1
   5.88003969               1
   5.89003992               1
   5.90004015               1
   5.91004038               1
   5.92004061               1
   5.93004084               1
   5.94004107               1
   5.95004129               1
   5.96004152               1
   5.97004175               1
   5.98004198               1
   5.99004221               1
   6.00004244               1
   6.01004267               1
   6.02004290               1
   6.03004313               1
   6.04004335               1
   6.05004358               0
   6.06004381               0
   6.07004404               0
   6.08004427               0
   6.09004450               0
   6.10004473               0
   6.11004496               0
   6.12004519               0
   6.13004541               0
   6.14004564               0
   6.15004587               0
   6.16004610               0
   6.17004633               0
   6.18004656               0
   6.19004679               0
   6.20004702               0
   6.21004725               0
   6.22004747               0
   6.23004770               0
   6.24004793               0
   6.25004816               0
   6.26004839               0
   6.27004862               0
   6.28004885               0
   6.29004908               0
   6.30004930               0
   6.31004953               0
   6.32004976               0
   6.33004999               0
   6.34005022               0
   6.35005045               0
   6.36005068               0
   6.37005091               0
   6.38005114               0
   6.39005136               0
   6.40005159               0
   6.41005182               0
   6.42005205               0
   6.43005228               0
   6.44005251               0
   6.45005274               0
   6.46005297               0
   6.47005320               0
   6.48005342               0
   6.49005365               0
   6.50005388               0
   6.51005411               0
   6.52005434               0
   6.53005457               0
   6.54005480               0
   6.55005503               0
   6.56005526               0
   6.57005548               0
   6.58005571               0
   6.59005594               0
   6.60005617               0
   6.61005640               0
   6.62005663               0
   6.63005686               0
   6.64005709               0
   6.65005732               0
   6.66005754               0
   6.67005777               0
   6.68005800               0
   6.69005823               0
   6.70005846               0
   6.71005869               0
   6.72005892               0
   6.73005915               0
   6.74005938               0
   6.75005960               0
   6.76005983               0
   6.77006006               0
   6.78006029               0
   6.79006052               0
   6.80006075               0
   6.81006098               0
   6.82006121               0
   6.83006144               0
   6.84006166               0
   6.85006189               0
   6.86006212               0
   6.87006235               0
   6.88006258               0
   6.89006281               0
   6.90006304               0
   6.91006327               0
   6.92006350               0
   6.93006372               0
   6.94006395               0
   6.95006418               0
   6.96006441               0
   6.97006464               0
   6.98006487               0
   6.99006510               0
   7.00006533               0
   7.01006556               0
   7.02006578               0
   7.03006601               0
   7.04006624               0
   7.05006647               0
   7.06006670               0
   7.07006693               0
   7.08006716               0
   7.09006739               0
   7.10006762               0
   7.11006784               0
   7.12006807               0
   7.13006830               0
   7.14006853               0
   7.15006876               0
   7.16006899               0
   7.17006922               0
   7.18006945               0
   7.19006968               0
   7.20006990               0
   7.21007013               0
   7.22007036               0
   7.23007059               0
   7.24007082               0
   7.25007105               0
   7.26007128               0
   7.27007151               0
   7.28007174               0
   7.29007196               0
   7.30007219               0
   7.31007242               0
   7.32007265               0
   7.33007288               0
   7.34007311               0
   7.35007334               0
   7.36007357               0
   7.37007380               0
   7.38007402               0
   7.39007425               0
   7.40007448               0
   7.41007471               0
   7.42007494               0
   7.43007517               0
   7.44007540               0
   7.45007563               0
   7.46007586               0
   7.47007608               0
   7.48007631               0
   7.49007654               0
   7.50007677               0
   7.51007700               0
   7.52007723               0
   7.53007746               0
   7.54007769               0
   7.55007792               0
   7.56007814               0
   7.57007837               0
   7.58007860               0
   7.59007883               0
   7.60007906               0
   7.61007929               0
   7.62007952               0
   7.63007975               0
   7.64007998               0
   7.65008020               0
   7.66008043               0
   7.67008066               0
   7.68008089               0
   7.69008112               0
   7.70008135               0
   7.71008158               0
   7.72008181               0
   7.73008204               0
   7.74008226               0
   7.75008249               0
   7.76008272               0
   7.77008295               0
   7.78008318               0
   7.79008341               0
   7.80008364               0
   7.81008387               0
   7.82008410               0
   7.83008432               0
   7.84008455               0
   7.85008478               0
   7.86008501               0
   7.87008524               0
   7.88008547               0
   7.89008570               0
   7.90008593               0
   7.91008615               0
   7.92008638               0
   7.93008661               0
   7.94008684               0
   7.95008707               0
   7.96008730               0
   7.97008753               0
   7.98008776               0
   7.99008799               0
   8.00008774               0
