   0.00000000             990
   9.99999978E-03         983
   1.99999996E-02         967
   2.99999993E-02         957
   3.99999991E-02         950
   4.99999970E-02         940
   5.99999949E-02         928
   6.99999928E-02         915
   7.99999908E-02         906
   8.99999887E-02         895
   9.99999866E-02         885
  0.109999985             874
  0.119999982             869
  0.129999980             859
  0.139999986             847
  0.149999991             841
  0.159999996             827
  0.170000002             815
  0.180000007             804
  0.190000013             799
  0.200000018             792
  0.210000023             783
  0.220000029             775
  0.230000034             767
  0.240000039             762
  0.250000030             754
  0.260000020             747
  0.270000011             738
  0.280000001             731
  0.289999992             721
  0.299999982             719
  0.309999973             712
  0.319999963             703
  0.329999954             699
  0.339999944             688
  0.349999934             682
  0.359999925             675
  0.369999915             670
  0.379999906             662
  0.389999896             658
  0.399999887             646
  0.409999877             636
  0.419999868             632
  0.429999858             629
  0.439999849             625
  0.449999839             625
  0.459999830             617
  0.469999820             611
  0.479999810             606
  0.489999801             599
  0.499999791             593
  0.509999812             585
  0.519999802             575
  0.529999793             568
  0.539999783             566
  0.549999774             555
  0.559999764             551
  0.569999754             546
  0.579999745             543
  0.589999735             538
  0.599999726             536
  0.609999716             530
  0.619999707             526
  0.629999697             525
  0.639999688             519
  0.649999678             516
  0.659999669             509
  0.669999659             502
  0.679999650             500
  0.689999640             497
  0.699999630             486
  0.709999621             482
  0.719999611             476
  0.729999602             464
  0.739999592             461
  0.749999583             460
  0.759999573             458
  0.769999564             452
  0.779999554             449
  0.789999545             443
  0.799999535             433
  0.809999526             430
  0.819999516             424
  0.829999506             423
  0.839999497             420
  0.849999487             418
  0.859999478             414
  0.869999468             411
  0.879999459             405
  0.889999449             402
  0.899999440             397
  0.909999430             392
  0.919999421             389
  0.929999411             383
  0.939999402             381
  0.949999392             377
  0.959999382             375
  0.969999373             373
  0.979999363             371
  0.989999354             366
  0.999999344             365
   1.00999939             361
   1.01999938             358
   1.02999938             355
   1.03999937             351
   1.04999936             346
   1.05999935             344
   1.06999934             340
   1.07999933             334
   1.08999932             331
   1.09999931             328
   1.10999930             325
   1.11999929             323
   1.12999928             318
   1.13999927             316
   1.14999926             311
   1.15999925             309
   1.16999924             309
   1.17999923             306
   1.18999922             302
   1.19999921             301
   1.20999920             298
   1.21999919             295
   1.22999918             292
   1.23999918             288
   1.24999917             285
   1.25999916             282
   1.26999915             277
   1.27999914             275
   1.28999913             274
   1.29999912             273
   1.30999911             273
   1.31999910             269
   1.32999909             266
   1.33999908             265
   1.34999907             263
   1.35999906             259
   1.36999905             257
   1.37999904             252
   1.38999903             247
   1.39999902             245
   1.40999901             241
   1.41999900             241
   1.42999899             240
   1.43999898             237
   1.44999897             237
   1.45999897             235
   1.46999896             231
   1.47999895             230
   1.48999894             229
   1.49999893             223
   1.50999892             221
   1.51999891             219
   1.52999890             218
   1.53999889             216
   1.54999888             216
   1.55999887             216
   1.56999886             216
   1.57999885             213
   1.58999884             213
   1.59999883             209
   1.60999882             206
   1.61999881             203
   1.62999880             201
   1.63999879             199
   1.64999878             197
   1.65999877             195
   1.66999876             191
   1.67999876             189
   1.68999875             187
   1.69999874             185
   1.70999873             184
   1.71999872             183
   1.72999871             181
   1.73999870             180
   1.74999869             178
   1.75999868             178
   1.76999867             174
   1.77999866             173
   1.78999865             170
   1.79999864             167
   1.80999863             165
   1.81999862             164
   1.82999861             162
   1.83999860             160
   1.84999859             160
   1.85999858             159
   1.86999857             158
   1.87999856             155
   1.88999856             152
   1.89999855             151
   1.90999854             148
   1.91999853             148
   1.92999852             146
   1.93999851             145
   1.94999850             145
   1.95999849             143
   1.96999848             143
   1.97999847             142
   1.98999846             141
   1.99999845             140
   2.00999856             140
   2.01999855             139
   2.02999854             137
   2.03999853             137
   2.04999852             136
   2.05999851             135
   2.06999850             134
   2.07999849             132
   2.08999848             131
   2.09999847             131
   2.10999846             130
   2.11999846             127
   2.12999845             127
   2.13999844             127
   2.14999843             125
   2.15999842             123
   2.16999841             123
   2.17999840             123
   2.18999839             120
   2.19999838             117
   2.20999837             117
   2.21999836             117
   2.22999835             115
   2.23999834             115
   2.24999833             113
   2.25999832             112
   2.26999831             112
   2.27999830             110
   2.28999829             109
   2.29999828             108
   2.30999827             107
   2.31999826             106
   2.32999825             105
   2.33999825             104
   2.34999824             104
   2.35999823             104
   2.36999822             104
   2.37999821             104
   2.38999820             103
   2.39999819             103
   2.40999818             103
   2.41999817             101
   2.42999816             100
   2.43999815              97
   2.44999814              96
   2.45999813              96
   2.46999812              96
   2.47999811              94
   2.48999810              93
   2.49999809              93
   2.50999808              92
   2.51999807              90
   2.52999806              90
   2.53999805              90
   2.54999804              88
   2.55999804              87
   2.56999803              86
   2.57999802              85
   2.58999801              85
   2.59999800              83
   2.60999799              82
   2.61999798              81
   2.62999797              79
   2.63999796              78
   2.64999795              78
   2.65999794              78
   2.66999793              78
   2.67999792              78
   2.68999791              77
   2.69999790              75
   2.70999789              74
   2.71999788              73
   2.72999787              73
   2.73999786              72
   2.74999785              72
   2.75999784              71
   2.76999784              70
   2.77999783              70
   2.78999782              70
   2.79999781              68
   2.80999780              68
   2.81999779              68
   2.82999778              66
   2.83999777              66
   2.84999776              65
   2.85999775              62
   2.86999774              61
   2.87999773              61
   2.88999772              60
   2.89999771              59
   2.90999770              58
   2.91999769              58
   2.92999768              58
   2.93999767              58
   2.94999766              58
   2.95999765              58
   2.96999764              58
   2.97999763              58
   2.98999763              58
   2.99999762              56
   3.00999761              55
   3.01999760              55
   3.02999759              54
   3.03999758              54
   3.04999757              54
   3.05999756              53
   3.06999755              53
   3.07999754              52
   3.08999753              50
   3.09999752              50
   3.10999751              50
   3.11999750              50
   3.12999749              50
   3.13999748              49
   3.14999747              49
   3.15999746              49
   3.16999745              46
   3.17999744              46
   3.18999743              46
   3.19999743              46
   3.20999742              46
   3.21999741              46
   3.22999740              45
   3.23999739              44
   3.24999738              44
   3.25999737              43
   3.26999736              43
   3.27999735              39
   3.28999734              39
   3.29999733              39
   3.30999732              39
   3.31999731              38
   3.32999730              38
   3.33999729              38
   3.34999728              38
   3.35999727              38
   3.36999726              38
   3.37999725              38
   3.38999724              37
   3.39999723              37
   3.40999722              37
   3.41999722              37
   3.42999721              37
   3.43999720              37
   3.44999719              37
   3.45999718              36
   3.46999717              36
   3.47999716              36
   3.48999715              36
   3.49999714              36
   3.50999713              36
   3.51999712              36
   3.52999711              35
   3.53999710              35
   3.54999709              34
   3.55999708              33
   3.56999707              33
   3.57999706              32
   3.58999705              32
   3.59999704              31
   3.60999703              31
   3.61999702              31
   3.62999701              31
   3.63999701              30
   3.64999700              30
   3.65999699              30
   3.66999698              30
   3.67999697              30
   3.68999696              30
   3.69999695              29
   3.70999694              29
   3.71999693              29
   3.72999692              29
   3.73999691              29
   3.74999690              28
   3.75999689              28
   3.76999688              28
   3.77999687              28
   3.78999686              28
   3.79999685              28
   3.80999684              28
   3.81999683              28
   3.82999682              28
   3.83999681              27
   3.84999681              26
   3.85999680              26
   3.86999679              26
   3.87999678              25
   3.88999677              24
   3.89999676              24
   3.90999675              24
   3.91999674              24
   3.92999673              23
   3.93999672              23
   3.94999671              23
   3.95999670              23
   3.96999669              23
   3.97999668              23
   3.98999667              23
   3.99999666              23
   4.00999689              23
   4.01999712              23
   4.02999735              23
   4.03999758              23
   4.04999781              23
   4.05999804              23
   4.06999826              23
   4.07999849              22
   4.08999872              22
   4.09999895              21
   4.10999918              19
   4.11999941              18
   4.12999964              18
   4.13999987              18
   4.15000010              18
   4.16000032              18
   4.17000055              18
   4.18000078              18
   4.19000101              17
   4.20000124              17
   4.21000147              17
   4.22000170              17
   4.23000193              17
   4.24000216              17
   4.25000238              17
   4.26000261              17
   4.27000284              17
   4.28000307              17
   4.29000330              17
   4.30000353              17
   4.31000376              17
   4.32000399              17
   4.33000422              16
   4.34000444              16
   4.35000467              16
   4.36000490              16
   4.37000513              16
   4.38000536              15
   4.39000559              15
   4.40000582              15
   4.41000605              15
   4.42000628              15
   4.43000650              14
   4.44000673              14
   4.45000696              14
   4.46000719              14
   4.47000742              14
   4.48000765              14
   4.49000788              14
   4.50000811              14
   4.51000834              14
   4.52000856              14
   4.53000879              14
   4.54000902              14
   4.55000925              14
   4.56000948              14
   4.57000971              14
   4.58000994              14
   4.59001017              14
   4.60001040              14
   4.61001062              13
   4.62001085              13
   4.63001108              13
   4.64001131              13
   4.65001154              12
   4.66001177              12
   4.67001200              12
   4.68001223              12
   4.69001245              12
   4.70001268              12
   4.71001291              12
   4.72001314              12
   4.73001337              12
   4.74001360              12
   4.75001383              12
   4.76001406              12
   4.77001429              12
   4.78001451              12
   4.79001474              12
   4.80001497              12
   4.81001520              12
   4.82001543              12
   4.83001566              12
   4.84001589              11
   4.85001612              11
   4.86001635              11
   4.87001657              11
   4.88001680              11
   4.89001703              11
   4.90001726              10
   4.91001749              10
   4.92001772              10
   4.93001795              10
   4.94001818              10
   4.95001841              10
   4.96001863              10
   4.97001886              10
   4.98001909              10
   4.99001932              10
   5.00001955              10
   5.01001978              10
   5.02002001              10
   5.03002024              10
   5.04002047              10
   5.05002069              10
   5.06002092              10
   5.07002115               9
   5.08002138               9
   5.09002161               9
   5.10002184               9
   5.11002207               9
   5.12002230               9
   5.13002253               9
   5.14002275               9
   5.15002298               9
   5.16002321               9
   5.17002344               9
   5.18002367               9
   5.19002390               9
   5.20002413               9
   5.21002436               9
   5.22002459               9
   5.23002481               9
   5.24002504               9
   5.25002527               8
   5.26002550               8
   5.27002573               7
   5.28002596               7
   5.29002619               7
   5.30002642               7
   5.31002665               6
   5.32002687               6
   5.33002710               5
   5.34002733               5
   5.35002756               5
   5.36002779               5
   5.37002802               5
   5.38002825               5
   5.39002848               5
   5.40002871               5
   5.41002893               5
   5.42002916               5
   5.43002939               5
   5.44002962               5
   5.45002985               5
   5.46003008               5
   5.47003031               5
   5.48003054               5
   5.49003077               5
   5.50003099               5
   5.51003122               5
   5.52003145               5
   5.53003168               5
   5.54003191               5
   5.55003214               5
   5.56003237               5
   5.57003260               5
   5.58003283               5
   5.59003305               4
   5.60003328               4
   5.61003351               4
   5.62003374               4
   5.63003397               4
   5.64003420               4
   5.65003443               4
   5.66003466               4
   5.67003489               4
   5.68003511               4
   5.69003534               4
   5.70003557               4
   5.71003580               4
   5.72003603               4
   5.73003626               4
   5.74003649               4
   5.75003672               4
   5.76003695               4
   5.77003717               4
   5.78003740               4
   5.79003763               4
   5.80003786               4
   5.81003809               4
   5.82003832               4
   5.83003855               4
   5.84003878               4
   5.85003901               4
   5.86003923               4
   5.87003946               4
   5.88003969               4
   5.89003992               4
   5.90004015               4
   5.91004038               4
   5.92004061               3
   5.93004084               3
   5.94004107               3
   5.95004129               3
   5.96004152               3
   5.97004175               3
   5.98004198               3
   5.99004221               3
   6.00004244               3
   6.01004267               3
   6.02004290               3
   6.03004313               3
   6.04004335               3
   6.05004358               3
   6.06004381               3
   6.07004404               3
   6.08004427               3
   6.09004450               3
   6.10004473               3
   6.11004496               3
   6.12004519               3
   6.13004541               3
   6.14004564               3
   6.15004587               3
   6.16004610               3
   6.17004633               3
   6.18004656               3
   6.19004679               3
   6.20004702               3
   6.21004725               3
   6.22004747               3
   6.23004770               3
   6.24004793               3
   6.25004816               3
   6.26004839               3
   6.27004862               3
   6.28004885               3
   6.29004908               3
   6.30004930               3
   6.31004953               3
   6.32004976               3
   6.33004999               3
   6.34005022               3
   6.35005045               3
   6.36005068               3
   6.37005091               3
   6.38005114               3
   6.39005136               2
   6.40005159               2
   6.41005182               2
   6.42005205               2
   6.43005228               2
   6.44005251               2
   6.45005274               2
   6.46005297               2
   6.47005320               2
   6.48005342               2
   6.49005365               2
   6.50005388               2
   6.51005411               2
   6.52005434               2
   6.53005457               2
   6.54005480               2
   6.55005503               2
   6.56005526               2
   6.57005548               2
   6.58005571               2
   6.59005594               2
   6.60005617               2
   6.61005640               2
   6.62005663               2
   6.63005686               2
   6.64005709               2
   6.65005732               2
   6.66005754               2
   6.67005777               2
   6.68005800               2
   6.69005823               2
   6.70005846               2
   6.71005869               2
   6.72005892               2
   6.73005915               2
   6.74005938               2
   6.75005960               2
   6.76005983               2
   6.77006006               2
   6.78006029               2
   6.79006052               2
   6.80006075               2
   6.81006098               2
   6.82006121               2
   6.83006144               2
   6.84006166               2
   6.85006189               2
   6.86006212               2
   6.87006235               2
   6.88006258               2
   6.89006281               2
   6.90006304               2
   6.91006327               2
   6.92006350               2
   6.93006372               1
   6.94006395               1
   6.95006418               1
   6.96006441               1
   6.97006464               1
   6.98006487               1
   6.99006510               1
   7.00006533               1
   7.01006556               1
   7.02006578               1
   7.03006601               1
   7.04006624               1
   7.05006647               1
   7.06006670               0
   7.07006693               0
   7.08006716               0
   7.09006739               0
   7.10006762               0
   7.11006784               0
   7.12006807               0
   7.13006830               0
   7.14006853               0
   7.15006876               0
   7.16006899               0
   7.17006922               0
   7.18006945               0
   7.19006968               0
   7.20006990               0
   7.21007013               0
   7.22007036               0
   7.23007059               0
   7.24007082               0
   7.25007105               0
   7.26007128               0
   7.27007151               0
   7.28007174               0
   7.29007196               0
   7.30007219               0
   7.31007242               0
   7.32007265               0
   7.33007288               0
   7.34007311               0
   7.35007334               0
   7.36007357               0
   7.37007380               0
   7.38007402               0
   7.39007425               0
   7.40007448               0
   7.41007471               0
   7.42007494               0
   7.43007517               0
   7.44007540               0
   7.45007563               0
   7.46007586               0
   7.47007608               0
   7.48007631               0
   7.49007654               0
   7.50007677               0
   7.51007700               0
   7.52007723               0
   7.53007746               0
   7.54007769               0
   7.55007792               0
   7.56007814               0
   7.57007837               0
   7.58007860               0
   7.59007883               0
   7.60007906               0
   7.61007929               0
   7.62007952               0
   7.63007975               0
   7.64007998               0
   7.65008020               0
   7.66008043               0
   7.67008066               0
   7.68008089               0
   7.69008112               0
   7.70008135               0
   7.71008158               0
   7.72008181               0
   7.73008204               0
   7.74008226               0
   7.75008249               0
   7.76008272               0
   7.77008295               0
   7.78008318               0
   7.79008341               0
   7.80008364               0
   7.81008387               0
   7.82008410               0
   7.83008432               0
   7.84008455               0
   7.85008478               0
   7.86008501               0
   7.87008524               0
   7.88008547               0
   7.89008570               0
   7.90008593               0
   7.91008615               0
   7.92008638               0
   7.93008661               0
   7.94008684               0
   7.95008707               0
   7.96008730               0
   7.97008753               0
   7.98008776               0
   7.99008799               0
   8.00008774               0
