   0.00000000             987
   9.99999978E-03         980
   1.99999996E-02         967
   2.99999993E-02         960
   3.99999991E-02         953
   4.99999970E-02         942
   5.99999949E-02         933
   6.99999928E-02         922
   7.99999908E-02         913
   8.99999887E-02         901
   9.99999866E-02         894
  0.109999985             884
  0.119999982             872
  0.129999980             860
  0.139999986             849
  0.149999991             837
  0.159999996             829
  0.170000002             824
  0.180000007             819
  0.190000013             811
  0.200000018             801
  0.210000023             795
  0.220000029             786
  0.230000034             779
  0.240000039             765
  0.250000030             760
  0.260000020             754
  0.270000011             743
  0.280000001             736
  0.289999992             727
  0.299999982             723
  0.309999973             719
  0.319999963             714
  0.329999954             706
  0.339999944             701
  0.349999934             694
  0.359999925             686
  0.369999915             681
  0.379999906             677
  0.389999896             673
  0.399999887             671
  0.409999877             667
  0.419999868             661
  0.429999858             655
  0.439999849             645
  0.449999839             638
  0.459999830             635
  0.469999820             628
  0.479999810             625
  0.489999801             621
  0.499999791             615
  0.509999812             611
  0.519999802             609
  0.529999793             607
  0.539999783             601
  0.549999774             598
  0.559999764             593
  0.569999754             587
  0.579999745             585
  0.589999735             579
  0.599999726             577
  0.609999716             575
  0.619999707             569
  0.629999697             563
  0.639999688             555
  0.649999678             550
  0.659999669             543
  0.669999659             537
  0.679999650             534
  0.689999640             531
  0.699999630             526
  0.709999621             519
  0.719999611             509
  0.729999602             504
  0.739999592             498
  0.749999583             494
  0.759999573             487
  0.769999564             481
  0.779999554             475
  0.789999545             468
  0.799999535             463
  0.809999526             459
  0.819999516             458
  0.829999506             458
  0.839999497             451
  0.849999487             449
  0.859999478             447
  0.869999468             443
  0.879999459             433
  0.889999449             427
  0.899999440             423
  0.909999430             421
  0.919999421             419
  0.929999411             411
  0.939999402             410
  0.949999392             404
  0.959999382             399
  0.969999373             395
  0.979999363             390
  0.989999354             385
  0.999999344             379
   1.00999939             374
   1.01999938             370
   1.02999938             366
   1.03999937             363
   1.04999936             360
   1.05999935             357
   1.06999934             353
   1.07999933             349
   1.08999932             345
   1.09999931             344
   1.10999930             337
   1.11999929             336
   1.12999928             334
   1.13999927             329
   1.14999926             327
   1.15999925             324
   1.16999924             322
   1.17999923             317
   1.18999922             312
   1.19999921             309
   1.20999920             305
   1.21999919             302
   1.22999918             301
   1.23999918             299
   1.24999917             293
   1.25999916             293
   1.26999915             292
   1.27999914             292
   1.28999913             289
   1.29999912             288
   1.30999911             287
   1.31999910             283
   1.32999909             281
   1.33999908             280
   1.34999907             278
   1.35999906             275
   1.36999905             273
   1.37999904             270
   1.38999903             269
   1.39999902             267
   1.40999901             264
   1.41999900             258
   1.42999899             256
   1.43999898             254
   1.44999897             250
   1.45999897             249
   1.46999896             245
   1.47999895             242
   1.48999894             240
   1.49999893             238
   1.50999892             236
   1.51999891             231
   1.52999890             230
   1.53999889             227
   1.54999888             224
   1.55999887             221
   1.56999886             221
   1.57999885             220
   1.58999884             218
   1.59999883             213
   1.60999882             213
   1.61999881             211
   1.62999880             207
   1.63999879             206
   1.64999878             206
   1.65999877             204
   1.66999876             204
   1.67999876             202
   1.68999875             201
   1.69999874             197
   1.70999873             196
   1.71999872             194
   1.72999871             191
   1.73999870             191
   1.74999869             191
   1.75999868             191
   1.76999867             187
   1.77999866             185
   1.78999865             182
   1.79999864             180
   1.80999863             180
   1.81999862             179
   1.82999861             179
   1.83999860             175
   1.84999859             175
   1.85999858             172
   1.86999857             171
   1.87999856             170
   1.88999856             169
   1.89999855             166
   1.90999854             164
   1.91999853             162
   1.92999852             161
   1.93999851             160
   1.94999850             159
   1.95999849             158
   1.96999848             158
   1.97999847             155
   1.98999846             152
   1.99999845             148
   2.00999856             147
   2.01999855             147
   2.02999854             146
   2.03999853             145
   2.04999852             143
   2.05999851             141
   2.06999850             141
   2.07999849             141
   2.08999848             140
   2.09999847             138
   2.10999846             137
   2.11999846             135
   2.12999845             131
   2.13999844             130
   2.14999843             128
   2.15999842             127
   2.16999841             125
   2.17999840             125
   2.18999839             123
   2.19999838             123
   2.20999837             122
   2.21999836             121
   2.22999835             119
   2.23999834             117
   2.24999833             116
   2.25999832             115
   2.26999831             113
   2.27999830             113
   2.28999829             110
   2.29999828             110
   2.30999827             109
   2.31999826             108
   2.32999825             108
   2.33999825             107
   2.34999824             106
   2.35999823             105
   2.36999822             104
   2.37999821             102
   2.38999820             101
   2.39999819             101
   2.40999818             101
   2.41999817             100
   2.42999816              98
   2.43999815              97
   2.44999814              97
   2.45999813              97
   2.46999812              95
   2.47999811              95
   2.48999810              94
   2.49999809              93
   2.50999808              93
   2.51999807              93
   2.52999806              92
   2.53999805              92
   2.54999804              92
   2.55999804              92
   2.56999803              92
   2.57999802              91
   2.58999801              91
   2.59999800              90
   2.60999799              88
   2.61999798              88
   2.62999797              88
   2.63999796              87
   2.64999795              87
   2.65999794              87
   2.66999793              87
   2.67999792              86
   2.68999791              85
   2.69999790              85
   2.70999789              83
   2.71999788              80
   2.72999787              79
   2.73999786              78
   2.74999785              78
   2.75999784              78
   2.76999784              78
   2.77999783              78
   2.78999782              78
   2.79999781              78
   2.80999780              78
   2.81999779              77
   2.82999778              76
   2.83999777              76
   2.84999776              75
   2.85999775              74
   2.86999774              74
   2.87999773              72
   2.88999772              70
   2.89999771              69
   2.90999770              69
   2.91999769              68
   2.92999768              68
   2.93999767              68
   2.94999766              68
   2.95999765              67
   2.96999764              66
   2.97999763              66
   2.98999763              66
   2.99999762              65
   3.00999761              65
   3.01999760              65
   3.02999759              65
   3.03999758              65
   3.04999757              64
   3.05999756              64
   3.06999755              64
   3.07999754              64
   3.08999753              63
   3.09999752              63
   3.10999751              62
   3.11999750              62
   3.12999749              62
   3.13999748              62
   3.14999747              61
   3.15999746              60
   3.16999745              60
   3.17999744              60
   3.18999743              58
   3.19999743              58
   3.20999742              58
   3.21999741              58
   3.22999740              58
   3.23999739              58
   3.24999738              57
   3.25999737              56
   3.26999736              56
   3.27999735              55
   3.28999734              55
   3.29999733              55
   3.30999732              53
   3.31999731              52
   3.32999730              51
   3.33999729              50
   3.34999728              49
   3.35999727              47
   3.36999726              47
   3.37999725              47
   3.38999724              47
   3.39999723              47
   3.40999722              46
   3.41999722              46
   3.42999721              45
   3.43999720              44
   3.44999719              44
   3.45999718              44
   3.46999717              44
   3.47999716              44
   3.48999715              44
   3.49999714              44
   3.50999713              44
   3.51999712              43
   3.52999711              43
   3.53999710              43
   3.54999709              43
   3.55999708              43
   3.56999707              41
   3.57999706              41
   3.58999705              40
   3.59999704              40
   3.60999703              40
   3.61999702              40
   3.62999701              40
   3.63999701              40
   3.64999700              40
   3.65999699              40
   3.66999698              40
   3.67999697              39
   3.68999696              38
   3.69999695              38
   3.70999694              38
   3.71999693              38
   3.72999692              38
   3.73999691              38
   3.74999690              38
   3.75999689              37
   3.76999688              36
   3.77999687              36
   3.78999686              36
   3.79999685              36
   3.80999684              36
   3.81999683              35
   3.82999682              34
   3.83999681              34
   3.84999681              33
   3.85999680              33
   3.86999679              33
   3.87999678              33
   3.88999677              33
   3.89999676              32
   3.90999675              32
   3.91999674              32
   3.92999673              32
   3.93999672              32
   3.94999671              32
   3.95999670              31
   3.96999669              31
   3.97999668              31
   3.98999667              31
   3.99999666              30
   4.00999689              30
   4.01999712              30
   4.02999735              30
   4.03999758              30
   4.04999781              29
   4.05999804              29
   4.06999826              29
   4.07999849              27
   4.08999872              27
   4.09999895              27
   4.10999918              27
   4.11999941              27
   4.12999964              26
   4.13999987              26
   4.15000010              26
   4.16000032              26
   4.17000055              23
   4.18000078              23
   4.19000101              22
   4.20000124              21
   4.21000147              21
   4.22000170              21
   4.23000193              21
   4.24000216              21
   4.25000238              21
   4.26000261              21
   4.27000284              20
   4.28000307              20
   4.29000330              20
   4.30000353              19
   4.31000376              19
   4.32000399              19
   4.33000422              19
   4.34000444              19
   4.35000467              19
   4.36000490              19
   4.37000513              18
   4.38000536              18
   4.39000559              18
   4.40000582              18
   4.41000605              18
   4.42000628              18
   4.43000650              18
   4.44000673              17
   4.45000696              17
   4.46000719              17
   4.47000742              17
   4.48000765              17
   4.49000788              17
   4.50000811              17
   4.51000834              17
   4.52000856              16
   4.53000879              16
   4.54000902              16
   4.55000925              16
   4.56000948              16
   4.57000971              16
   4.58000994              16
   4.59001017              16
   4.60001040              16
   4.61001062              16
   4.62001085              16
   4.63001108              16
   4.64001131              15
   4.65001154              15
   4.66001177              15
   4.67001200              15
   4.68001223              15
   4.69001245              15
   4.70001268              15
   4.71001291              15
   4.72001314              15
   4.73001337              15
   4.74001360              15
   4.75001383              15
   4.76001406              15
   4.77001429              14
   4.78001451              14
   4.79001474              14
   4.80001497              14
   4.81001520              14
   4.82001543              13
   4.83001566              13
   4.84001589              13
   4.85001612              13
   4.86001635              13
   4.87001657              13
   4.88001680              13
   4.89001703              13
   4.90001726              13
   4.91001749              13
   4.92001772              13
   4.93001795              12
   4.94001818              12
   4.95001841              12
   4.96001863              12
   4.97001886              12
   4.98001909              12
   4.99001932              12
   5.00001955              12
   5.01001978              11
   5.02002001              11
   5.03002024              11
   5.04002047              11
   5.05002069              11
   5.06002092              11
   5.07002115              11
   5.08002138              11
   5.09002161              11
   5.10002184              11
   5.11002207              11
   5.12002230              11
   5.13002253              11
   5.14002275              11
   5.15002298              11
   5.16002321              11
   5.17002344              11
   5.18002367              11
   5.19002390              11
   5.20002413              11
   5.21002436              11
   5.22002459              11
   5.23002481              11
   5.24002504              11
   5.25002527              11
   5.26002550              11
   5.27002573              11
   5.28002596              11
   5.29002619              11
   5.30002642              11
   5.31002665              11
   5.32002687              11
   5.33002710              11
   5.34002733              11
   5.35002756              11
   5.36002779              11
   5.37002802              11
   5.38002825              11
   5.39002848              10
   5.40002871              10
   5.41002893              10
   5.42002916              10
   5.43002939               9
   5.44002962               8
   5.45002985               8
   5.46003008               8
   5.47003031               8
   5.48003054               8
   5.49003077               8
   5.50003099               8
   5.51003122               8
   5.52003145               8
   5.53003168               8
   5.54003191               7
   5.55003214               7
   5.56003237               7
   5.57003260               7
   5.58003283               7
   5.59003305               7
   5.60003328               7
   5.61003351               7
   5.62003374               7
   5.63003397               7
   5.64003420               7
   5.65003443               7
   5.66003466               7
   5.67003489               7
   5.68003511               7
   5.69003534               7
   5.70003557               7
   5.71003580               7
   5.72003603               7
   5.73003626               7
   5.74003649               7
   5.75003672               7
   5.76003695               7
   5.77003717               7
   5.78003740               6
   5.79003763               6
   5.80003786               6
   5.81003809               6
   5.82003832               6
   5.83003855               6
   5.84003878               6
   5.85003901               6
   5.86003923               6
   5.87003946               6
   5.88003969               6
   5.89003992               6
   5.90004015               6
   5.91004038               6
   5.92004061               6
   5.93004084               6
   5.94004107               6
   5.95004129               6
   5.96004152               5
   5.97004175               5
   5.98004198               5
   5.99004221               5
   6.00004244               5
   6.01004267               5
   6.02004290               5
   6.03004313               5
   6.04004335               5
   6.05004358               5
   6.06004381               5
   6.07004404               5
   6.08004427               5
   6.09004450               5
   6.10004473               5
   6.11004496               5
   6.12004519               5
   6.13004541               5
   6.14004564               5
   6.15004587               5
   6.16004610               5
   6.17004633               5
   6.18004656               5
   6.19004679               5
   6.20004702               5
   6.21004725               5
   6.22004747               5
   6.23004770               5
   6.24004793               5
   6.25004816               5
   6.26004839               5
   6.27004862               5
   6.28004885               5
   6.29004908               5
   6.30004930               5
   6.31004953               5
   6.32004976               5
   6.33004999               5
   6.34005022               5
   6.35005045               5
   6.36005068               5
   6.37005091               5
   6.38005114               5
   6.39005136               5
   6.40005159               5
   6.41005182               5
   6.42005205               5
   6.43005228               5
   6.44005251               5
   6.45005274               5
   6.46005297               5
   6.47005320               5
   6.48005342               5
   6.49005365               5
   6.50005388               5
   6.51005411               5
   6.52005434               5
   6.53005457               5
   6.54005480               4
   6.55005503               4
   6.56005526               4
   6.57005548               4
   6.58005571               4
   6.59005594               4
   6.60005617               4
   6.61005640               4
   6.62005663               4
   6.63005686               4
   6.64005709               4
   6.65005732               4
   6.66005754               4
   6.67005777               4
   6.68005800               4
   6.69005823               4
   6.70005846               4
   6.71005869               4
   6.72005892               4
   6.73005915               4
   6.74005938               4
   6.75005960               4
   6.76005983               4
   6.77006006               4
   6.78006029               4
   6.79006052               3
   6.80006075               3
   6.81006098               3
   6.82006121               3
   6.83006144               3
   6.84006166               3
   6.85006189               3
   6.86006212               3
   6.87006235               3
   6.88006258               3
   6.89006281               3
   6.90006304               3
   6.91006327               3
   6.92006350               3
   6.93006372               3
   6.94006395               3
   6.95006418               3
   6.96006441               3
   6.97006464               3
   6.98006487               3
   6.99006510               3
   7.00006533               3
   7.01006556               3
   7.02006578               3
   7.03006601               3
   7.04006624               3
   7.05006647               3
   7.06006670               3
   7.07006693               3
   7.08006716               3
   7.09006739               3
   7.10006762               3
   7.11006784               3
   7.12006807               2
   7.13006830               2
   7.14006853               2
   7.15006876               2
   7.16006899               2
   7.17006922               2
   7.18006945               2
   7.19006968               2
   7.20006990               2
   7.21007013               2
   7.22007036               2
   7.23007059               2
   7.24007082               2
   7.25007105               2
   7.26007128               2
   7.27007151               2
   7.28007174               2
   7.29007196               2
   7.30007219               2
   7.31007242               2
   7.32007265               2
   7.33007288               2
   7.34007311               2
   7.35007334               2
   7.36007357               2
   7.37007380               2
   7.38007402               2
   7.39007425               2
   7.40007448               2
   7.41007471               2
   7.42007494               2
   7.43007517               2
   7.44007540               2
   7.45007563               2
   7.46007586               2
   7.47007608               2
   7.48007631               2
   7.49007654               2
   7.50007677               2
   7.51007700               2
   7.52007723               2
   7.53007746               2
   7.54007769               2
   7.55007792               2
   7.56007814               2
   7.57007837               2
   7.58007860               2
   7.59007883               2
   7.60007906               2
   7.61007929               2
   7.62007952               2
   7.63007975               2
   7.64007998               2
   7.65008020               2
   7.66008043               2
   7.67008066               2
   7.68008089               2
   7.69008112               2
   7.70008135               2
   7.71008158               2
   7.72008181               2
   7.73008204               2
   7.74008226               2
   7.75008249               2
   7.76008272               2
   7.77008295               2
   7.78008318               2
   7.79008341               2
   7.80008364               2
   7.81008387               2
   7.82008410               2
   7.83008432               2
   7.84008455               2
   7.85008478               2
   7.86008501               2
   7.87008524               2
   7.88008547               2
   7.89008570               2
   7.90008593               2
   7.91008615               2
   7.92008638               2
   7.93008661               2
   7.94008684               2
   7.95008707               2
   7.96008730               2
   7.97008753               2
   7.98008776               2
   7.99008799               2
   8.00008774               2
