   0.00000000             988
   9.99999978E-03         976
   1.99999996E-02         967
   2.99999993E-02         955
   3.99999991E-02         944
   4.99999970E-02         936
   5.99999949E-02         923
   6.99999928E-02         914
   7.99999908E-02         908
   8.99999887E-02         902
   9.99999866E-02         894
  0.109999985             887
  0.119999982             878
  0.129999980             864
  0.139999986             854
  0.149999991             847
  0.159999996             837
  0.170000002             830
  0.180000007             825
  0.190000013             820
  0.200000018             809
  0.210000023             804
  0.220000029             795
  0.230000034             788
  0.240000039             783
  0.250000030             779
  0.260000020             769
  0.270000011             759
  0.280000001             753
  0.289999992             749
  0.299999982             746
  0.309999973             739
  0.319999963             731
  0.329999954             726
  0.339999944             721
  0.349999934             715
  0.359999925             707
  0.369999915             699
  0.379999906             693
  0.389999896             691
  0.399999887             685
  0.409999877             677
  0.419999868             669
  0.429999858             661
  0.439999849             652
  0.449999839             645
  0.459999830             636
  0.469999820             633
  0.479999810             627
  0.489999801             621
  0.499999791             616
  0.509999812             606
  0.519999802             598
  0.529999793             597
  0.539999783             593
  0.549999774             584
  0.559999764             581
  0.569999754             580
  0.579999745             574
  0.589999735             567
  0.599999726             560
  0.609999716             556
  0.619999707             549
  0.629999697             543
  0.639999688             535
  0.649999678             531
  0.659999669             525
  0.669999659             516
  0.679999650             513
  0.689999640             508
  0.699999630             499
  0.709999621             496
  0.719999611             492
  0.729999602             491
  0.739999592             490
  0.749999583             484
  0.759999573             479
  0.769999564             477
  0.779999554             470
  0.789999545             463
  0.799999535             458
  0.809999526             454
  0.819999516             451
  0.829999506             447
  0.839999497             442
  0.849999487             437
  0.859999478             431
  0.869999468             430
  0.879999459             427
  0.889999449             419
  0.899999440             418
  0.909999430             416
  0.919999421             413
  0.929999411             410
  0.939999402             408
  0.949999392             403
  0.959999382             400
  0.969999373             398
  0.979999363             396
  0.989999354             394
  0.999999344             392
   1.00999939             386
   1.01999938             382
   1.02999938             378
   1.03999937             375
   1.04999936             373
   1.05999935             368
   1.06999934             359
   1.07999933             351
   1.08999932             347
   1.09999931             342
   1.10999930             335
   1.11999929             331
   1.12999928             329
   1.13999927             325
   1.14999926             317
   1.15999925             315
   1.16999924             313
   1.17999923             311
   1.18999922             310
   1.19999921             307
   1.20999920             305
   1.21999919             303
   1.22999918             300
   1.23999918             297
   1.24999917             292
   1.25999916             291
   1.26999915             287
   1.27999914             285
   1.28999913             282
   1.29999912             278
   1.30999911             276
   1.31999910             275
   1.32999909             272
   1.33999908             268
   1.34999907             266
   1.35999906             264
   1.36999905             263
   1.37999904             260
   1.38999903             260
   1.39999902             260
   1.40999901             258
   1.41999900             256
   1.42999899             250
   1.43999898             248
   1.44999897             248
   1.45999897             246
   1.46999896             243
   1.47999895             242
   1.48999894             242
   1.49999893             240
   1.50999892             234
   1.51999891             232
   1.52999890             231
   1.53999889             229
   1.54999888             227
   1.55999887             225
   1.56999886             223
   1.57999885             222
   1.58999884             219
   1.59999883             217
   1.60999882             215
   1.61999881             214
   1.62999880             213
   1.63999879             213
   1.64999878             213
   1.65999877             209
   1.66999876             208
   1.67999876             206
   1.68999875             203
   1.69999874             200
   1.70999873             195
   1.71999872             191
   1.72999871             188
   1.73999870             187
   1.74999869             187
   1.75999868             181
   1.76999867             180
   1.77999866             178
   1.78999865             177
   1.79999864             175
   1.80999863             169
   1.81999862             167
   1.82999861             167
   1.83999860             165
   1.84999859             162
   1.85999858             160
   1.86999857             158
   1.87999856             156
   1.88999856             153
   1.89999855             152
   1.90999854             151
   1.91999853             151
   1.92999852             150
   1.93999851             149
   1.94999850             147
   1.95999849             147
   1.96999848             146
   1.97999847             145
   1.98999846             144
   1.99999845             142
   2.00999856             140
   2.01999855             139
   2.02999854             139
   2.03999853             135
   2.04999852             134
   2.05999851             133
   2.06999850             130
   2.07999849             128
   2.08999848             128
   2.09999847             128
   2.10999846             127
   2.11999846             127
   2.12999845             126
   2.13999844             122
   2.14999843             120
   2.15999842             119
   2.16999841             117
   2.17999840             116
   2.18999839             115
   2.19999838             115
   2.20999837             113
   2.21999836             112
   2.22999835             112
   2.23999834             112
   2.24999833             111
   2.25999832             110
   2.26999831             106
   2.27999830             104
   2.28999829             102
   2.29999828             102
   2.30999827             102
   2.31999826             100
   2.32999825              99
   2.33999825              98
   2.34999824              96
   2.35999823              94
   2.36999822              90
   2.37999821              89
   2.38999820              88
   2.39999819              86
   2.40999818              84
   2.41999817              83
   2.42999816              82
   2.43999815              82
   2.44999814              82
   2.45999813              81
   2.46999812              81
   2.47999811              81
   2.48999810              80
   2.49999809              80
   2.50999808              78
   2.51999807              77
   2.52999806              76
   2.53999805              76
   2.54999804              75
   2.55999804              72
   2.56999803              71
   2.57999802              71
   2.58999801              71
   2.59999800              70
   2.60999799              70
   2.61999798              70
   2.62999797              70
   2.63999796              69
   2.64999795              66
   2.65999794              66
   2.66999793              65
   2.67999792              64
   2.68999791              64
   2.69999790              64
   2.70999789              63
   2.71999788              63
   2.72999787              63
   2.73999786              62
   2.74999785              62
   2.75999784              61
   2.76999784              61
   2.77999783              59
   2.78999782              59
   2.79999781              59
   2.80999780              59
   2.81999779              58
   2.82999778              58
   2.83999777              57
   2.84999776              57
   2.85999775              56
   2.86999774              56
   2.87999773              55
   2.88999772              55
   2.89999771              54
   2.90999770              54
   2.91999769              54
   2.92999768              54
   2.93999767              54
   2.94999766              53
   2.95999765              53
   2.96999764              53
   2.97999763              53
   2.98999763              53
   2.99999762              53
   3.00999761              52
   3.01999760              52
   3.02999759              52
   3.03999758              52
   3.04999757              51
   3.05999756              50
   3.06999755              48
   3.07999754              48
   3.08999753              47
   3.09999752              47
   3.10999751              47
   3.11999750              47
   3.12999749              47
   3.13999748              47
   3.14999747              47
   3.15999746              47
   3.16999745              46
   3.17999744              46
   3.18999743              46
   3.19999743              46
   3.20999742              44
   3.21999741              44
   3.22999740              42
   3.23999739              39
   3.24999738              39
   3.25999737              39
   3.26999736              39
   3.27999735              39
   3.28999734              39
   3.29999733              39
   3.30999732              39
   3.31999731              39
   3.32999730              39
   3.33999729              39
   3.34999728              39
   3.35999727              38
   3.36999726              35
   3.37999725              35
   3.38999724              35
   3.39999723              33
   3.40999722              33
   3.41999722              32
   3.42999721              31
   3.43999720              30
   3.44999719              29
   3.45999718              29
   3.46999717              27
   3.47999716              27
   3.48999715              27
   3.49999714              27
   3.50999713              26
   3.51999712              26
   3.52999711              26
   3.53999710              26
   3.54999709              26
   3.55999708              26
   3.56999707              26
   3.57999706              26
   3.58999705              26
   3.59999704              26
   3.60999703              25
   3.61999702              23
   3.62999701              23
   3.63999701              23
   3.64999700              23
   3.65999699              23
   3.66999698              22
   3.67999697              22
   3.68999696              22
   3.69999695              22
   3.70999694              22
   3.71999693              21
   3.72999692              20
   3.73999691              20
   3.74999690              20
   3.75999689              20
   3.76999688              20
   3.77999687              20
   3.78999686              19
   3.79999685              18
   3.80999684              18
   3.81999683              18
   3.82999682              17
   3.83999681              17
   3.84999681              16
   3.85999680              16
   3.86999679              15
   3.87999678              15
   3.88999677              15
   3.89999676              14
   3.90999675              14
   3.91999674              14
   3.92999673              14
   3.93999672              14
   3.94999671              14
   3.95999670              14
   3.96999669              14
   3.97999668              14
   3.98999667              14
   3.99999666              14
   4.00999689              14
   4.01999712              14
   4.02999735              14
   4.03999758              14
   4.04999781              14
   4.05999804              14
   4.06999826              14
   4.07999849              14
   4.08999872              14
   4.09999895              14
   4.10999918              14
   4.11999941              13
   4.12999964              13
   4.13999987              13
   4.15000010              13
   4.16000032              13
   4.17000055              13
   4.18000078              13
   4.19000101              13
   4.20000124              13
   4.21000147              13
   4.22000170              13
   4.23000193              13
   4.24000216              12
   4.25000238              12
   4.26000261              11
   4.27000284              11
   4.28000307              11
   4.29000330              11
   4.30000353              11
   4.31000376              10
   4.32000399              10
   4.33000422               9
   4.34000444               8
   4.35000467               8
   4.36000490               8
   4.37000513               8
   4.38000536               8
   4.39000559               7
   4.40000582               6
   4.41000605               6
   4.42000628               6
   4.43000650               6
   4.44000673               6
   4.45000696               6
   4.46000719               6
   4.47000742               6
   4.48000765               6
   4.49000788               6
   4.50000811               6
   4.51000834               6
   4.52000856               6
   4.53000879               6
   4.54000902               6
   4.55000925               6
   4.56000948               6
   4.57000971               6
   4.58000994               6
   4.59001017               6
   4.60001040               6
   4.61001062               6
   4.62001085               6
   4.63001108               6
   4.64001131               6
   4.65001154               6
   4.66001177               6
   4.67001200               6
   4.68001223               6
   4.69001245               6
   4.70001268               6
   4.71001291               6
   4.72001314               6
   4.73001337               6
   4.74001360               6
   4.75001383               6
   4.76001406               6
   4.77001429               6
   4.78001451               6
   4.79001474               6
   4.80001497               6
   4.81001520               6
   4.82001543               6
   4.83001566               6
   4.84001589               6
   4.85001612               6
   4.86001635               6
   4.87001657               6
   4.88001680               6
   4.89001703               6
   4.90001726               6
   4.91001749               6
   4.92001772               6
   4.93001795               6
   4.94001818               6
   4.95001841               6
   4.96001863               6
   4.97001886               6
   4.98001909               6
   4.99001932               5
   5.00001955               5
   5.01001978               5
   5.02002001               5
   5.03002024               5
   5.04002047               5
   5.05002069               5
   5.06002092               5
   5.07002115               5
   5.08002138               5
   5.09002161               5
   5.10002184               5
   5.11002207               5
   5.12002230               5
   5.13002253               5
   5.14002275               5
   5.15002298               5
   5.16002321               5
   5.17002344               5
   5.18002367               5
   5.19002390               5
   5.20002413               5
   5.21002436               5
   5.22002459               5
   5.23002481               5
   5.24002504               5
   5.25002527               5
   5.26002550               5
   5.27002573               5
   5.28002596               5
   5.29002619               5
   5.30002642               5
   5.31002665               5
   5.32002687               5
   5.33002710               5
   5.34002733               5
   5.35002756               5
   5.36002779               5
   5.37002802               5
   5.38002825               5
   5.39002848               5
   5.40002871               5
   5.41002893               5
   5.42002916               5
   5.43002939               5
   5.44002962               5
   5.45002985               5
   5.46003008               5
   5.47003031               5
   5.48003054               5
   5.49003077               5
   5.50003099               4
   5.51003122               3
   5.52003145               3
   5.53003168               3
   5.54003191               3
   5.55003214               3
   5.56003237               3
   5.57003260               3
   5.58003283               3
   5.59003305               3
   5.60003328               3
   5.61003351               3
   5.62003374               3
   5.63003397               3
   5.64003420               3
   5.65003443               3
   5.66003466               3
   5.67003489               3
   5.68003511               3
   5.69003534               3
   5.70003557               3
   5.71003580               3
   5.72003603               3
   5.73003626               3
   5.74003649               3
   5.75003672               3
   5.76003695               3
   5.77003717               3
   5.78003740               3
   5.79003763               3
   5.80003786               3
   5.81003809               3
   5.82003832               3
   5.83003855               3
   5.84003878               3
   5.85003901               3
   5.86003923               3
   5.87003946               3
   5.88003969               3
   5.89003992               3
   5.90004015               3
   5.91004038               3
   5.92004061               3
   5.93004084               3
   5.94004107               3
   5.95004129               3
   5.96004152               3
   5.97004175               3
   5.98004198               3
   5.99004221               3
   6.00004244               3
   6.01004267               3
   6.02004290               3
   6.03004313               3
   6.04004335               3
   6.05004358               3
   6.06004381               3
   6.07004404               3
   6.08004427               3
   6.09004450               3
   6.10004473               3
   6.11004496               3
   6.12004519               3
   6.13004541               3
   6.14004564               3
   6.15004587               3
   6.16004610               3
   6.17004633               3
   6.18004656               2
   6.19004679               2
   6.20004702               2
   6.21004725               2
   6.22004747               2
   6.23004770               2
   6.24004793               2
   6.25004816               2
   6.26004839               2
   6.27004862               2
   6.28004885               2
   6.29004908               2
   6.30004930               2
   6.31004953               2
   6.32004976               2
   6.33004999               2
   6.34005022               2
   6.35005045               2
   6.36005068               2
   6.37005091               2
   6.38005114               2
   6.39005136               2
   6.40005159               2
   6.41005182               2
   6.42005205               2
   6.43005228               2
   6.44005251               2
   6.45005274               2
   6.46005297               2
   6.47005320               2
   6.48005342               2
   6.49005365               2
   6.50005388               2
   6.51005411               2
   6.52005434               2
   6.53005457               2
   6.54005480               2
   6.55005503               2
   6.56005526               2
   6.57005548               2
   6.58005571               2
   6.59005594               2
   6.60005617               2
   6.61005640               2
   6.62005663               2
   6.63005686               2
   6.64005709               2
   6.65005732               2
   6.66005754               2
   6.67005777               2
   6.68005800               2
   6.69005823               2
   6.70005846               2
   6.71005869               2
   6.72005892               2
   6.73005915               2
   6.74005938               2
   6.75005960               2
   6.76005983               2
   6.77006006               2
   6.78006029               2
   6.79006052               2
   6.80006075               2
   6.81006098               2
   6.82006121               2
   6.83006144               2
   6.84006166               2
   6.85006189               2
   6.86006212               2
   6.87006235               2
   6.88006258               2
   6.89006281               2
   6.90006304               2
   6.91006327               2
   6.92006350               2
   6.93006372               2
   6.94006395               2
   6.95006418               2
   6.96006441               2
   6.97006464               2
   6.98006487               2
   6.99006510               2
   7.00006533               2
   7.01006556               2
   7.02006578               2
   7.03006601               2
   7.04006624               2
   7.05006647               2
   7.06006670               2
   7.07006693               2
   7.08006716               2
   7.09006739               2
   7.10006762               2
   7.11006784               2
   7.12006807               2
   7.13006830               2
   7.14006853               2
   7.15006876               2
   7.16006899               2
   7.17006922               2
   7.18006945               2
   7.19006968               2
   7.20006990               2
   7.21007013               2
   7.22007036               2
   7.23007059               2
   7.24007082               2
   7.25007105               2
   7.26007128               2
   7.27007151               2
   7.28007174               2
   7.29007196               2
   7.30007219               2
   7.31007242               2
   7.32007265               2
   7.33007288               2
   7.34007311               2
   7.35007334               2
   7.36007357               2
   7.37007380               2
   7.38007402               2
   7.39007425               2
   7.40007448               2
   7.41007471               2
   7.42007494               2
   7.43007517               2
   7.44007540               2
   7.45007563               2
   7.46007586               2
   7.47007608               2
   7.48007631               2
   7.49007654               2
   7.50007677               2
   7.51007700               2
   7.52007723               2
   7.53007746               2
   7.54007769               2
   7.55007792               2
   7.56007814               2
   7.57007837               2
   7.58007860               2
   7.59007883               2
   7.60007906               2
   7.61007929               2
   7.62007952               2
   7.63007975               2
   7.64007998               2
   7.65008020               2
   7.66008043               2
   7.67008066               2
   7.68008089               2
   7.69008112               2
   7.70008135               2
   7.71008158               2
   7.72008181               2
   7.73008204               2
   7.74008226               2
   7.75008249               2
   7.76008272               2
   7.77008295               2
   7.78008318               2
   7.79008341               2
   7.80008364               2
   7.81008387               2
   7.82008410               2
   7.83008432               2
   7.84008455               2
   7.85008478               2
   7.86008501               2
   7.87008524               2
   7.88008547               2
   7.89008570               2
   7.90008593               2
   7.91008615               2
   7.92008638               2
   7.93008661               2
   7.94008684               2
   7.95008707               2
   7.96008730               2
   7.97008753               2
   7.98008776               2
   7.99008799               2
   8.00008774               2
