   0.00000000             990
   9.99999978E-03         969
   1.99999996E-02         960
   2.99999993E-02         954
   3.99999991E-02         942
   4.99999970E-02         928
   5.99999949E-02         917
   6.99999928E-02         907
   7.99999908E-02         898
   8.99999887E-02         886
   9.99999866E-02         879
  0.109999985             872
  0.119999982             868
  0.129999980             854
  0.139999986             842
  0.149999991             828
  0.159999996             824
  0.170000002             815
  0.180000007             802
  0.190000013             792
  0.200000018             782
  0.210000023             775
  0.220000029             765
  0.230000034             761
  0.240000039             750
  0.250000030             742
  0.260000020             728
  0.270000011             725
  0.280000001             719
  0.289999992             709
  0.299999982             701
  0.309999973             689
  0.319999963             683
  0.329999954             679
  0.339999944             674
  0.349999934             670
  0.359999925             661
  0.369999915             653
  0.379999906             650
  0.389999896             643
  0.399999887             637
  0.409999877             627
  0.419999868             622
  0.429999858             619
  0.439999849             612
  0.449999839             609
  0.459999830             602
  0.469999820             592
  0.479999810             587
  0.489999801             580
  0.499999791             569
  0.509999812             562
  0.519999802             560
  0.529999793             553
  0.539999783             547
  0.549999774             540
  0.559999764             536
  0.569999754             534
  0.579999745             530
  0.589999735             528
  0.599999726             522
  0.609999716             515
  0.619999707             510
  0.629999697             500
  0.639999688             494
  0.649999678             486
  0.659999669             483
  0.669999659             481
  0.679999650             478
  0.689999640             472
  0.699999630             469
  0.709999621             464
  0.719999611             460
  0.729999602             456
  0.739999592             451
  0.749999583             446
  0.759999573             444
  0.769999564             443
  0.779999554             440
  0.789999545             435
  0.799999535             431
  0.809999526             426
  0.819999516             422
  0.829999506             418
  0.839999497             411
  0.849999487             409
  0.859999478             407
  0.869999468             404
  0.879999459             399
  0.889999449             394
  0.899999440             388
  0.909999430             382
  0.919999421             381
  0.929999411             379
  0.939999402             375
  0.949999392             367
  0.959999382             364
  0.969999373             356
  0.979999363             351
  0.989999354             348
  0.999999344             346
   1.00999939             343
   1.01999938             340
   1.02999938             337
   1.03999937             334
   1.04999936             330
   1.05999935             328
   1.06999934             323
   1.07999933             319
   1.08999932             316
   1.09999931             315
   1.10999930             312
   1.11999929             311
   1.12999928             310
   1.13999927             310
   1.14999926             305
   1.15999925             304
   1.16999924             300
   1.17999923             300
   1.18999922             299
   1.19999921             296
   1.20999920             294
   1.21999919             290
   1.22999918             289
   1.23999918             285
   1.24999917             283
   1.25999916             279
   1.26999915             278
   1.27999914             274
   1.28999913             272
   1.29999912             269
   1.30999911             266
   1.31999910             264
   1.32999909             263
   1.33999908             262
   1.34999907             259
   1.35999906             258
   1.36999905             257
   1.37999904             252
   1.38999903             250
   1.39999902             248
   1.40999901             244
   1.41999900             242
   1.42999899             239
   1.43999898             239
   1.44999897             239
   1.45999897             238
   1.46999896             235
   1.47999895             234
   1.48999894             234
   1.49999893             230
   1.50999892             229
   1.51999891             225
   1.52999890             223
   1.53999889             221
   1.54999888             218
   1.55999887             216
   1.56999886             216
   1.57999885             216
   1.58999884             210
   1.59999883             208
   1.60999882             208
   1.61999881             206
   1.62999880             205
   1.63999879             203
   1.64999878             200
   1.65999877             199
   1.66999876             198
   1.67999876             197
   1.68999875             196
   1.69999874             195
   1.70999873             192
   1.71999872             191
   1.72999871             188
   1.73999870             186
   1.74999869             184
   1.75999868             183
   1.76999867             182
   1.77999866             182
   1.78999865             180
   1.79999864             176
   1.80999863             175
   1.81999862             171
   1.82999861             170
   1.83999860             167
   1.84999859             166
   1.85999858             165
   1.86999857             163
   1.87999856             162
   1.88999856             159
   1.89999855             157
   1.90999854             156
   1.91999853             156
   1.92999852             156
   1.93999851             153
   1.94999850             151
   1.95999849             151
   1.96999848             148
   1.97999847             144
   1.98999846             144
   1.99999845             140
   2.00999856             139
   2.01999855             138
   2.02999854             135
   2.03999853             133
   2.04999852             130
   2.05999851             129
   2.06999850             127
   2.07999849             127
   2.08999848             124
   2.09999847             123
   2.10999846             122
   2.11999846             122
   2.12999845             120
   2.13999844             120
   2.14999843             118
   2.15999842             118
   2.16999841             117
   2.17999840             116
   2.18999839             115
   2.19999838             114
   2.20999837             113
   2.21999836             112
   2.22999835             111
   2.23999834             111
   2.24999833             110
   2.25999832             108
   2.26999831             108
   2.27999830             108
   2.28999829             108
   2.29999828             107
   2.30999827             107
   2.31999826             107
   2.32999825             106
   2.33999825             105
   2.34999824             103
   2.35999823             102
   2.36999822             100
   2.37999821              99
   2.38999820              99
   2.39999819              97
   2.40999818              95
   2.41999817              95
   2.42999816              95
   2.43999815              95
   2.44999814              94
   2.45999813              93
   2.46999812              92
   2.47999811              90
   2.48999810              89
   2.49999809              89
   2.50999808              88
   2.51999807              87
   2.52999806              85
   2.53999805              85
   2.54999804              82
   2.55999804              82
   2.56999803              81
   2.57999802              79
   2.58999801              79
   2.59999800              79
   2.60999799              79
   2.61999798              79
   2.62999797              75
   2.63999796              73
   2.64999795              72
   2.65999794              72
   2.66999793              72
   2.67999792              71
   2.68999791              71
   2.69999790              71
   2.70999789              70
   2.71999788              68
   2.72999787              68
   2.73999786              66
   2.74999785              66
   2.75999784              64
   2.76999784              64
   2.77999783              64
   2.78999782              64
   2.79999781              63
   2.80999780              63
   2.81999779              61
   2.82999778              61
   2.83999777              59
   2.84999776              58
   2.85999775              58
   2.86999774              58
   2.87999773              58
   2.88999772              58
   2.89999771              56
   2.90999770              55
   2.91999769              55
   2.92999768              55
   2.93999767              55
   2.94999766              55
   2.95999765              55
   2.96999764              55
   2.97999763              54
   2.98999763              53
   2.99999762              53
   3.00999761              51
   3.01999760              50
   3.02999759              49
   3.03999758              49
   3.04999757              49
   3.05999756              49
   3.06999755              49
   3.07999754              47
   3.08999753              46
   3.09999752              45
   3.10999751              45
   3.11999750              45
   3.12999749              45
   3.13999748              44
   3.14999747              44
   3.15999746              43
   3.16999745              43
   3.17999744              43
   3.18999743              43
   3.19999743              43
   3.20999742              43
   3.21999741              43
   3.22999740              42
   3.23999739              42
   3.24999738              41
   3.25999737              41
   3.26999736              41
   3.27999735              41
   3.28999734              41
   3.29999733              40
   3.30999732              40
   3.31999731              40
   3.32999730              40
   3.33999729              40
   3.34999728              40
   3.35999727              39
   3.36999726              38
   3.37999725              37
   3.38999724              36
   3.39999723              36
   3.40999722              36
   3.41999722              34
   3.42999721              34
   3.43999720              33
   3.44999719              33
   3.45999718              33
   3.46999717              33
   3.47999716              33
   3.48999715              32
   3.49999714              32
   3.50999713              32
   3.51999712              32
   3.52999711              30
   3.53999710              28
   3.54999709              28
   3.55999708              28
   3.56999707              28
   3.57999706              27
   3.58999705              27
   3.59999704              27
   3.60999703              27
   3.61999702              27
   3.62999701              27
   3.63999701              27
   3.64999700              27
   3.65999699              27
   3.66999698              27
   3.67999697              27
   3.68999696              27
   3.69999695              27
   3.70999694              27
   3.71999693              27
   3.72999692              26
   3.73999691              26
   3.74999690              26
   3.75999689              26
   3.76999688              26
   3.77999687              26
   3.78999686              26
   3.79999685              25
   3.80999684              23
   3.81999683              23
   3.82999682              23
   3.83999681              23
   3.84999681              23
   3.85999680              23
   3.86999679              21
   3.87999678              21
   3.88999677              21
   3.89999676              21
   3.90999675              20
   3.91999674              20
   3.92999673              20
   3.93999672              20
   3.94999671              20
   3.95999670              20
   3.96999669              20
   3.97999668              19
   3.98999667              18
   3.99999666              18
   4.00999689              18
   4.01999712              18
   4.02999735              18
   4.03999758              18
   4.04999781              18
   4.05999804              18
   4.06999826              18
   4.07999849              17
   4.08999872              17
   4.09999895              17
   4.10999918              17
   4.11999941              17
   4.12999964              17
   4.13999987              16
   4.15000010              16
   4.16000032              16
   4.17000055              16
   4.18000078              16
   4.19000101              16
   4.20000124              15
   4.21000147              15
   4.22000170              15
   4.23000193              15
   4.24000216              15
   4.25000238              15
   4.26000261              15
   4.27000284              15
   4.28000307              15
   4.29000330              14
   4.30000353              14
   4.31000376              14
   4.32000399              14
   4.33000422              14
   4.34000444              14
   4.35000467              14
   4.36000490              14
   4.37000513              14
   4.38000536              13
   4.39000559              13
   4.40000582              13
   4.41000605              13
   4.42000628              13
   4.43000650              13
   4.44000673              13
   4.45000696              13
   4.46000719              13
   4.47000742              13
   4.48000765              12
   4.49000788              12
   4.50000811              12
   4.51000834              12
   4.52000856              11
   4.53000879              11
   4.54000902              11
   4.55000925              11
   4.56000948              11
   4.57000971              11
   4.58000994              11
   4.59001017              11
   4.60001040              11
   4.61001062              11
   4.62001085              11
   4.63001108              11
   4.64001131              11
   4.65001154              11
   4.66001177              11
   4.67001200              11
   4.68001223              11
   4.69001245              11
   4.70001268              11
   4.71001291              11
   4.72001314              11
   4.73001337              11
   4.74001360              11
   4.75001383              11
   4.76001406              11
   4.77001429              11
   4.78001451              11
   4.79001474              11
   4.80001497               9
   4.81001520               9
   4.82001543               9
   4.83001566               9
   4.84001589               9
   4.85001612               9
   4.86001635               9
   4.87001657               9
   4.88001680               8
   4.89001703               7
   4.90001726               7
   4.91001749               7
   4.92001772               7
   4.93001795               7
   4.94001818               7
   4.95001841               7
   4.96001863               7
   4.97001886               7
   4.98001909               7
   4.99001932               7
   5.00001955               7
   5.01001978               7
   5.02002001               7
   5.03002024               7
   5.04002047               7
   5.05002069               7
   5.06002092               7
   5.07002115               7
   5.08002138               7
   5.09002161               7
   5.10002184               7
   5.11002207               7
   5.12002230               7
   5.13002253               7
   5.14002275               7
   5.15002298               7
   5.16002321               6
   5.17002344               5
   5.18002367               5
   5.19002390               5
   5.20002413               5
   5.21002436               5
   5.22002459               4
   5.23002481               4
   5.24002504               4
   5.25002527               4
   5.26002550               4
   5.27002573               4
   5.28002596               4
   5.29002619               4
   5.30002642               4
   5.31002665               4
   5.32002687               4
   5.33002710               4
   5.34002733               3
   5.35002756               3
   5.36002779               3
   5.37002802               3
   5.38002825               3
   5.39002848               3
   5.40002871               3
   5.41002893               3
   5.42002916               3
   5.43002939               3
   5.44002962               3
   5.45002985               3
   5.46003008               3
   5.47003031               3
   5.48003054               3
   5.49003077               3
   5.50003099               3
   5.51003122               3
   5.52003145               3
   5.53003168               3
   5.54003191               3
   5.55003214               3
   5.56003237               3
   5.57003260               3
   5.58003283               3
   5.59003305               3
   5.60003328               3
   5.61003351               3
   5.62003374               3
   5.63003397               3
   5.64003420               3
   5.65003443               3
   5.66003466               3
   5.67003489               3
   5.68003511               3
   5.69003534               3
   5.70003557               3
   5.71003580               3
   5.72003603               3
   5.73003626               3
   5.74003649               3
   5.75003672               3
   5.76003695               3
   5.77003717               3
   5.78003740               3
   5.79003763               3
   5.80003786               3
   5.81003809               3
   5.82003832               3
   5.83003855               3
   5.84003878               3
   5.85003901               3
   5.86003923               3
   5.87003946               3
   5.88003969               2
   5.89003992               2
   5.90004015               2
   5.91004038               2
   5.92004061               2
   5.93004084               2
   5.94004107               2
   5.95004129               2
   5.96004152               2
   5.97004175               2
   5.98004198               2
   5.99004221               2
   6.00004244               2
   6.01004267               2
   6.02004290               2
   6.03004313               2
   6.04004335               1
   6.05004358               1
   6.06004381               1
   6.07004404               1
   6.08004427               1
   6.09004450               1
   6.10004473               1
   6.11004496               1
   6.12004519               1
   6.13004541               1
   6.14004564               1
   6.15004587               1
   6.16004610               1
   6.17004633               1
   6.18004656               1
   6.19004679               1
   6.20004702               1
   6.21004725               1
   6.22004747               1
   6.23004770               1
   6.24004793               1
   6.25004816               1
   6.26004839               1
   6.27004862               1
   6.28004885               1
   6.29004908               1
   6.30004930               0
   6.31004953               0
   6.32004976               0
   6.33004999               0
   6.34005022               0
   6.35005045               0
   6.36005068               0
   6.37005091               0
   6.38005114               0
   6.39005136               0
   6.40005159               0
   6.41005182               0
   6.42005205               0
   6.43005228               0
   6.44005251               0
   6.45005274               0
   6.46005297               0
   6.47005320               0
   6.48005342               0
   6.49005365               0
   6.50005388               0
   6.51005411               0
   6.52005434               0
   6.53005457               0
   6.54005480               0
   6.55005503               0
   6.56005526               0
   6.57005548               0
   6.58005571               0
   6.59005594               0
   6.60005617               0
   6.61005640               0
   6.62005663               0
   6.63005686               0
   6.64005709               0
   6.65005732               0
   6.66005754               0
   6.67005777               0
   6.68005800               0
   6.69005823               0
   6.70005846               0
   6.71005869               0
   6.72005892               0
   6.73005915               0
   6.74005938               0
   6.75005960               0
   6.76005983               0
   6.77006006               0
   6.78006029               0
   6.79006052               0
   6.80006075               0
   6.81006098               0
   6.82006121               0
   6.83006144               0
   6.84006166               0
   6.85006189               0
   6.86006212               0
   6.87006235               0
   6.88006258               0
   6.89006281               0
   6.90006304               0
   6.91006327               0
   6.92006350               0
   6.93006372               0
   6.94006395               0
   6.95006418               0
   6.96006441               0
   6.97006464               0
   6.98006487               0
   6.99006510               0
   7.00006533               0
   7.01006556               0
   7.02006578               0
   7.03006601               0
   7.04006624               0
   7.05006647               0
   7.06006670               0
   7.07006693               0
   7.08006716               0
   7.09006739               0
   7.10006762               0
   7.11006784               0
   7.12006807               0
   7.13006830               0
   7.14006853               0
   7.15006876               0
   7.16006899               0
   7.17006922               0
   7.18006945               0
   7.19006968               0
   7.20006990               0
   7.21007013               0
   7.22007036               0
   7.23007059               0
   7.24007082               0
   7.25007105               0
   7.26007128               0
   7.27007151               0
   7.28007174               0
   7.29007196               0
   7.30007219               0
   7.31007242               0
   7.32007265               0
   7.33007288               0
   7.34007311               0
   7.35007334               0
   7.36007357               0
   7.37007380               0
   7.38007402               0
   7.39007425               0
   7.40007448               0
   7.41007471               0
   7.42007494               0
   7.43007517               0
   7.44007540               0
   7.45007563               0
   7.46007586               0
   7.47007608               0
   7.48007631               0
   7.49007654               0
   7.50007677               0
   7.51007700               0
   7.52007723               0
   7.53007746               0
   7.54007769               0
   7.55007792               0
   7.56007814               0
   7.57007837               0
   7.58007860               0
   7.59007883               0
   7.60007906               0
   7.61007929               0
   7.62007952               0
   7.63007975               0
   7.64007998               0
   7.65008020               0
   7.66008043               0
   7.67008066               0
   7.68008089               0
   7.69008112               0
   7.70008135               0
   7.71008158               0
   7.72008181               0
   7.73008204               0
   7.74008226               0
   7.75008249               0
   7.76008272               0
   7.77008295               0
   7.78008318               0
   7.79008341               0
   7.80008364               0
   7.81008387               0
   7.82008410               0
   7.83008432               0
   7.84008455               0
   7.85008478               0
   7.86008501               0
   7.87008524               0
   7.88008547               0
   7.89008570               0
   7.90008593               0
   7.91008615               0
   7.92008638               0
   7.93008661               0
   7.94008684               0
   7.95008707               0
   7.96008730               0
   7.97008753               0
   7.98008776               0
   7.99008799               0
   8.00008774               0
