   0.00000000             993
   9.99999978E-03         986
   1.99999996E-02         974
   2.99999993E-02         969
   3.99999991E-02         959
   4.99999970E-02         953
   5.99999949E-02         941
   6.99999928E-02         934
   7.99999908E-02         916
   8.99999887E-02         902
   9.99999866E-02         894
  0.109999985             888
  0.119999982             879
  0.129999980             868
  0.139999986             860
  0.149999991             848
  0.159999996             839
  0.170000002             830
  0.180000007             822
  0.190000013             811
  0.200000018             801
  0.210000023             791
  0.220000029             786
  0.230000034             782
  0.240000039             774
  0.250000030             766
  0.260000020             759
  0.270000011             755
  0.280000001             750
  0.289999992             745
  0.299999982             738
  0.309999973             732
  0.319999963             721
  0.329999954             716
  0.339999944             710
  0.349999934             702
  0.359999925             694
  0.369999915             690
  0.379999906             687
  0.389999896             681
  0.399999887             672
  0.409999877             662
  0.419999868             656
  0.429999858             645
  0.439999849             641
  0.449999839             635
  0.459999830             627
  0.469999820             617
  0.479999810             610
  0.489999801             602
  0.499999791             594
  0.509999812             581
  0.519999802             578
  0.529999793             571
  0.539999783             565
  0.549999774             556
  0.559999764             553
  0.569999754             546
  0.579999745             543
  0.589999735             536
  0.599999726             534
  0.609999716             529
  0.619999707             524
  0.629999697             515
  0.639999688             506
  0.649999678             502
  0.659999669             491
  0.669999659             483
  0.679999650             482
  0.689999640             476
  0.699999630             469
  0.709999621             465
  0.719999611             464
  0.729999602             457
  0.739999592             453
  0.749999583             448
  0.759999573             444
  0.769999564             441
  0.779999554             437
  0.789999545             435
  0.799999535             433
  0.809999526             427
  0.819999516             424
  0.829999506             419
  0.839999497             410
  0.849999487             404
  0.859999478             403
  0.869999468             397
  0.879999459             393
  0.889999449             390
  0.899999440             387
  0.909999430             381
  0.919999421             375
  0.929999411             369
  0.939999402             366
  0.949999392             365
  0.959999382             361
  0.969999373             357
  0.979999363             350
  0.989999354             346
  0.999999344             345
   1.00999939             341
   1.01999938             340
   1.02999938             337
   1.03999937             335
   1.04999936             332
   1.05999935             326
   1.06999934             322
   1.07999933             318
   1.08999932             317
   1.09999931             314
   1.10999930             310
   1.11999929             308
   1.12999928             304
   1.13999927             303
   1.14999926             303
   1.15999925             301
   1.16999924             298
   1.17999923             293
   1.18999922             289
   1.19999921             289
   1.20999920             288
   1.21999919             287
   1.22999918             285
   1.23999918             281
   1.24999917             276
   1.25999916             276
   1.26999915             273
   1.27999914             271
   1.28999913             270
   1.29999912             268
   1.30999911             266
   1.31999910             264
   1.32999909             263
   1.33999908             263
   1.34999907             260
   1.35999906             255
   1.36999905             252
   1.37999904             251
   1.38999903             249
   1.39999902             247
   1.40999901             244
   1.41999900             241
   1.42999899             239
   1.43999898             236
   1.44999897             233
   1.45999897             231
   1.46999896             226
   1.47999895             225
   1.48999894             222
   1.49999893             218
   1.50999892             215
   1.51999891             213
   1.52999890             211
   1.53999889             207
   1.54999888             203
   1.55999887             202
   1.56999886             201
   1.57999885             196
   1.58999884             192
   1.59999883             191
   1.60999882             191
   1.61999881             191
   1.62999880             191
   1.63999879             189
   1.64999878             188
   1.65999877             187
   1.66999876             185
   1.67999876             184
   1.68999875             183
   1.69999874             182
   1.70999873             182
   1.71999872             179
   1.72999871             178
   1.73999870             178
   1.74999869             177
   1.75999868             176
   1.76999867             175
   1.77999866             172
   1.78999865             170
   1.79999864             170
   1.80999863             170
   1.81999862             167
   1.82999861             166
   1.83999860             165
   1.84999859             160
   1.85999858             159
   1.86999857             159
   1.87999856             156
   1.88999856             156
   1.89999855             154
   1.90999854             153
   1.91999853             152
   1.92999852             152
   1.93999851             151
   1.94999850             149
   1.95999849             147
   1.96999848             147
   1.97999847             146
   1.98999846             144
   1.99999845             140
   2.00999856             139
   2.01999855             139
   2.02999854             138
   2.03999853             137
   2.04999852             136
   2.05999851             136
   2.06999850             136
   2.07999849             136
   2.08999848             136
   2.09999847             135
   2.10999846             135
   2.11999846             132
   2.12999845             129
   2.13999844             127
   2.14999843             125
   2.15999842             124
   2.16999841             122
   2.17999840             121
   2.18999839             120
   2.19999838             119
   2.20999837             119
   2.21999836             117
   2.22999835             115
   2.23999834             114
   2.24999833             113
   2.25999832             112
   2.26999831             111
   2.27999830             109
   2.28999829             108
   2.29999828             107
   2.30999827             107
   2.31999826             106
   2.32999825             104
   2.33999825             103
   2.34999824             102
   2.35999823             102
   2.36999822             100
   2.37999821             100
   2.38999820              99
   2.39999819              97
   2.40999818              96
   2.41999817              96
   2.42999816              95
   2.43999815              93
   2.44999814              92
   2.45999813              92
   2.46999812              91
   2.47999811              91
   2.48999810              91
   2.49999809              90
   2.50999808              90
   2.51999807              89
   2.52999806              89
   2.53999805              89
   2.54999804              89
   2.55999804              89
   2.56999803              87
   2.57999802              86
   2.58999801              86
   2.59999800              85
   2.60999799              85
   2.61999798              85
   2.62999797              85
   2.63999796              85
   2.64999795              85
   2.65999794              85
   2.66999793              84
   2.67999792              82
   2.68999791              82
   2.69999790              80
   2.70999789              80
   2.71999788              79
   2.72999787              78
   2.73999786              78
   2.74999785              78
   2.75999784              76
   2.76999784              76
   2.77999783              75
   2.78999782              75
   2.79999781              75
   2.80999780              74
   2.81999779              74
   2.82999778              73
   2.83999777              71
   2.84999776              69
   2.85999775              69
   2.86999774              68
   2.87999773              67
   2.88999772              66
   2.89999771              65
   2.90999770              64
   2.91999769              64
   2.92999768              64
   2.93999767              62
   2.94999766              62
   2.95999765              62
   2.96999764              61
   2.97999763              61
   2.98999763              61
   2.99999762              61
   3.00999761              61
   3.01999760              61
   3.02999759              61
   3.03999758              61
   3.04999757              60
   3.05999756              60
   3.06999755              60
   3.07999754              60
   3.08999753              60
   3.09999752              59
   3.10999751              58
   3.11999750              58
   3.12999749              58
   3.13999748              58
   3.14999747              58
   3.15999746              57
   3.16999745              57
   3.17999744              56
   3.18999743              54
   3.19999743              53
   3.20999742              53
   3.21999741              53
   3.22999740              53
   3.23999739              53
   3.24999738              53
   3.25999737              51
   3.26999736              51
   3.27999735              51
   3.28999734              51
   3.29999733              51
   3.30999732              50
   3.31999731              50
   3.32999730              49
   3.33999729              48
   3.34999728              48
   3.35999727              48
   3.36999726              48
   3.37999725              48
   3.38999724              48
   3.39999723              47
   3.40999722              47
   3.41999722              47
   3.42999721              46
   3.43999720              46
   3.44999719              46
   3.45999718              46
   3.46999717              44
   3.47999716              44
   3.48999715              42
   3.49999714              42
   3.50999713              42
   3.51999712              42
   3.52999711              41
   3.53999710              41
   3.54999709              41
   3.55999708              41
   3.56999707              41
   3.57999706              40
   3.58999705              39
   3.59999704              38
   3.60999703              38
   3.61999702              38
   3.62999701              38
   3.63999701              37
   3.64999700              37
   3.65999699              37
   3.66999698              36
   3.67999697              36
   3.68999696              36
   3.69999695              36
   3.70999694              34
   3.71999693              34
   3.72999692              34
   3.73999691              34
   3.74999690              34
   3.75999689              33
   3.76999688              33
   3.77999687              32
   3.78999686              32
   3.79999685              32
   3.80999684              32
   3.81999683              32
   3.82999682              32
   3.83999681              32
   3.84999681              32
   3.85999680              32
   3.86999679              32
   3.87999678              32
   3.88999677              32
   3.89999676              32
   3.90999675              32
   3.91999674              32
   3.92999673              32
   3.93999672              31
   3.94999671              30
   3.95999670              30
   3.96999669              30
   3.97999668              29
   3.98999667              27
   3.99999666              27
   4.00999689              27
   4.01999712              27
   4.02999735              27
   4.03999758              26
   4.04999781              26
   4.05999804              26
   4.06999826              25
   4.07999849              25
   4.08999872              24
   4.09999895              24
   4.10999918              24
   4.11999941              23
   4.12999964              22
   4.13999987              22
   4.15000010              22
   4.16000032              22
   4.17000055              22
   4.18000078              22
   4.19000101              22
   4.20000124              22
   4.21000147              22
   4.22000170              22
   4.23000193              22
   4.24000216              22
   4.25000238              22
   4.26000261              22
   4.27000284              22
   4.28000307              22
   4.29000330              22
   4.30000353              22
   4.31000376              22
   4.32000399              22
   4.33000422              21
   4.34000444              21
   4.35000467              21
   4.36000490              21
   4.37000513              21
   4.38000536              21
   4.39000559              21
   4.40000582              21
   4.41000605              21
   4.42000628              20
   4.43000650              20
   4.44000673              20
   4.45000696              20
   4.46000719              20
   4.47000742              20
   4.48000765              20
   4.49000788              20
   4.50000811              20
   4.51000834              20
   4.52000856              20
   4.53000879              20
   4.54000902              19
   4.55000925              19
   4.56000948              19
   4.57000971              19
   4.58000994              19
   4.59001017              19
   4.60001040              19
   4.61001062              19
   4.62001085              19
   4.63001108              18
   4.64001131              18
   4.65001154              17
   4.66001177              17
   4.67001200              17
   4.68001223              17
   4.69001245              17
   4.70001268              17
   4.71001291              17
   4.72001314              17
   4.73001337              17
   4.74001360              17
   4.75001383              17
   4.76001406              17
   4.77001429              17
   4.78001451              17
   4.79001474              17
   4.80001497              17
   4.81001520              16
   4.82001543              16
   4.83001566              15
   4.84001589              13
   4.85001612              13
   4.86001635              13
   4.87001657              13
   4.88001680              13
   4.89001703              13
   4.90001726              12
   4.91001749              12
   4.92001772              12
   4.93001795              12
   4.94001818              12
   4.95001841              12
   4.96001863              12
   4.97001886              12
   4.98001909              12
   4.99001932              12
   5.00001955              12
   5.01001978              12
   5.02002001              11
   5.03002024              11
   5.04002047              11
   5.05002069              11
   5.06002092              11
   5.07002115              11
   5.08002138              11
   5.09002161              10
   5.10002184              10
   5.11002207               9
   5.12002230               9
   5.13002253               8
   5.14002275               8
   5.15002298               8
   5.16002321               8
   5.17002344               8
   5.18002367               8
   5.19002390               8
   5.20002413               8
   5.21002436               8
   5.22002459               8
   5.23002481               8
   5.24002504               8
   5.25002527               8
   5.26002550               8
   5.27002573               8
   5.28002596               8
   5.29002619               8
   5.30002642               8
   5.31002665               8
   5.32002687               8
   5.33002710               8
   5.34002733               8
   5.35002756               8
   5.36002779               8
   5.37002802               8
   5.38002825               8
   5.39002848               8
   5.40002871               8
   5.41002893               8
   5.42002916               8
   5.43002939               8
   5.44002962               8
   5.45002985               8
   5.46003008               8
   5.47003031               8
   5.48003054               8
   5.49003077               8
   5.50003099               8
   5.51003122               8
   5.52003145               8
   5.53003168               8
   5.54003191               8
   5.55003214               8
   5.56003237               8
   5.57003260               8
   5.58003283               8
   5.59003305               8
   5.60003328               8
   5.61003351               8
   5.62003374               8
   5.63003397               8
   5.64003420               8
   5.65003443               8
   5.66003466               7
   5.67003489               7
   5.68003511               7
   5.69003534               7
   5.70003557               6
   5.71003580               6
   5.72003603               6
   5.73003626               6
   5.74003649               6
   5.75003672               6
   5.76003695               6
   5.77003717               6
   5.78003740               6
   5.79003763               6
   5.80003786               6
   5.81003809               6
   5.82003832               6
   5.83003855               6
   5.84003878               6
   5.85003901               6
   5.86003923               5
   5.87003946               5
   5.88003969               5
   5.89003992               5
   5.90004015               5
   5.91004038               5
   5.92004061               5
   5.93004084               5
   5.94004107               5
   5.95004129               5
   5.96004152               5
   5.97004175               5
   5.98004198               5
   5.99004221               5
   6.00004244               4
   6.01004267               4
   6.02004290               4
   6.03004313               4
   6.04004335               4
   6.05004358               4
   6.06004381               4
   6.07004404               4
   6.08004427               4
   6.09004450               4
   6.10004473               4
   6.11004496               4
   6.12004519               4
   6.13004541               4
   6.14004564               4
   6.15004587               4
   6.16004610               4
   6.17004633               4
   6.18004656               4
   6.19004679               4
   6.20004702               4
   6.21004725               4
   6.22004747               4
   6.23004770               4
   6.24004793               4
   6.25004816               4
   6.26004839               4
   6.27004862               4
   6.28004885               4
   6.29004908               4
   6.30004930               4
   6.31004953               4
   6.32004976               4
   6.33004999               4
   6.34005022               4
   6.35005045               4
   6.36005068               4
   6.37005091               4
   6.38005114               4
   6.39005136               4
   6.40005159               4
   6.41005182               4
   6.42005205               4
   6.43005228               4
   6.44005251               4
   6.45005274               4
   6.46005297               4
   6.47005320               4
   6.48005342               4
   6.49005365               4
   6.50005388               4
   6.51005411               4
   6.52005434               2
   6.53005457               2
   6.54005480               2
   6.55005503               2
   6.56005526               2
   6.57005548               2
   6.58005571               2
   6.59005594               2
   6.60005617               2
   6.61005640               2
   6.62005663               2
   6.63005686               2
   6.64005709               2
   6.65005732               2
   6.66005754               2
   6.67005777               2
   6.68005800               2
   6.69005823               2
   6.70005846               2
   6.71005869               2
   6.72005892               2
   6.73005915               2
   6.74005938               2
   6.75005960               2
   6.76005983               2
   6.77006006               2
   6.78006029               2
   6.79006052               2
   6.80006075               2
   6.81006098               2
   6.82006121               2
   6.83006144               2
   6.84006166               2
   6.85006189               2
   6.86006212               2
   6.87006235               2
   6.88006258               2
   6.89006281               2
   6.90006304               2
   6.91006327               2
   6.92006350               2
   6.93006372               2
   6.94006395               2
   6.95006418               2
   6.96006441               2
   6.97006464               2
   6.98006487               2
   6.99006510               2
   7.00006533               1
   7.01006556               1
   7.02006578               1
   7.03006601               1
   7.04006624               1
   7.05006647               1
   7.06006670               1
   7.07006693               1
   7.08006716               1
   7.09006739               1
   7.10006762               1
   7.11006784               1
   7.12006807               1
   7.13006830               1
   7.14006853               1
   7.15006876               1
   7.16006899               1
   7.17006922               1
   7.18006945               1
   7.19006968               1
   7.20006990               1
   7.21007013               1
   7.22007036               1
   7.23007059               1
   7.24007082               1
   7.25007105               1
   7.26007128               1
   7.27007151               1
   7.28007174               1
   7.29007196               1
   7.30007219               1
   7.31007242               1
   7.32007265               1
   7.33007288               1
   7.34007311               1
   7.35007334               1
   7.36007357               1
   7.37007380               1
   7.38007402               1
   7.39007425               1
   7.40007448               1
   7.41007471               1
   7.42007494               1
   7.43007517               1
   7.44007540               1
   7.45007563               1
   7.46007586               1
   7.47007608               1
   7.48007631               1
   7.49007654               1
   7.50007677               1
   7.51007700               1
   7.52007723               1
   7.53007746               1
   7.54007769               1
   7.55007792               1
   7.56007814               1
   7.57007837               1
   7.58007860               1
   7.59007883               1
   7.60007906               1
   7.61007929               1
   7.62007952               1
   7.63007975               1
   7.64007998               1
   7.65008020               1
   7.66008043               1
   7.67008066               1
   7.68008089               1
   7.69008112               1
   7.70008135               1
   7.71008158               1
   7.72008181               1
   7.73008204               1
   7.74008226               1
   7.75008249               1
   7.76008272               1
   7.77008295               1
   7.78008318               1
   7.79008341               1
   7.80008364               1
   7.81008387               1
   7.82008410               1
   7.83008432               1
   7.84008455               1
   7.85008478               1
   7.86008501               1
   7.87008524               1
   7.88008547               1
   7.89008570               1
   7.90008593               1
   7.91008615               1
   7.92008638               1
   7.93008661               1
   7.94008684               1
   7.95008707               1
   7.96008730               1
   7.97008753               1
   7.98008776               1
   7.99008799               1
   8.00008774               1
