   0.00000000             990
   9.99999978E-03         981
   1.99999996E-02         971
   2.99999993E-02         966
   3.99999991E-02         958
   4.99999970E-02         942
   5.99999949E-02         933
   6.99999928E-02         924
   7.99999908E-02         920
   8.99999887E-02         916
   9.99999866E-02         908
  0.109999985             899
  0.119999982             893
  0.129999980             884
  0.139999986             874
  0.149999991             866
  0.159999996             857
  0.170000002             852
  0.180000007             836
  0.190000013             830
  0.200000018             821
  0.210000023             811
  0.220000029             805
  0.230000034             799
  0.240000039             792
  0.250000030             781
  0.260000020             770
  0.270000011             761
  0.280000001             754
  0.289999992             744
  0.299999982             736
  0.309999973             730
  0.319999963             719
  0.329999954             713
  0.339999944             706
  0.349999934             701
  0.359999925             694
  0.369999915             687
  0.379999906             681
  0.389999896             665
  0.399999887             659
  0.409999877             656
  0.419999868             649
  0.429999858             641
  0.439999849             633
  0.449999839             623
  0.459999830             617
  0.469999820             610
  0.479999810             600
  0.489999801             596
  0.499999791             594
  0.509999812             588
  0.519999802             582
  0.529999793             577
  0.539999783             572
  0.549999774             567
  0.559999764             557
  0.569999754             552
  0.579999745             548
  0.589999735             544
  0.599999726             542
  0.609999716             538
  0.619999707             528
  0.629999697             524
  0.639999688             515
  0.649999678             510
  0.659999669             505
  0.669999659             500
  0.679999650             496
  0.689999640             488
  0.699999630             485
  0.709999621             475
  0.719999611             472
  0.729999602             464
  0.739999592             456
  0.749999583             453
  0.759999573             446
  0.769999564             442
  0.779999554             440
  0.789999545             434
  0.799999535             429
  0.809999526             423
  0.819999516             417
  0.829999506             414
  0.839999497             411
  0.849999487             409
  0.859999478             404
  0.869999468             399
  0.879999459             394
  0.889999449             392
  0.899999440             387
  0.909999430             384
  0.919999421             379
  0.929999411             373
  0.939999402             370
  0.949999392             368
  0.959999382             365
  0.969999373             358
  0.979999363             352
  0.989999354             349
  0.999999344             347
   1.00999939             345
   1.01999938             342
   1.02999938             338
   1.03999937             332
   1.04999936             331
   1.05999935             329
   1.06999934             323
   1.07999933             321
   1.08999932             320
   1.09999931             316
   1.10999930             314
   1.11999929             313
   1.12999928             312
   1.13999927             309
   1.14999926             306
   1.15999925             306
   1.16999924             304
   1.17999923             301
   1.18999922             300
   1.19999921             296
   1.20999920             293
   1.21999919             288
   1.22999918             288
   1.23999918             283
   1.24999917             282
   1.25999916             280
   1.26999915             279
   1.27999914             273
   1.28999913             268
   1.29999912             263
   1.30999911             262
   1.31999910             262
   1.32999909             259
   1.33999908             257
   1.34999907             254
   1.35999906             249
   1.36999905             247
   1.37999904             243
   1.38999903             240
   1.39999902             236
   1.40999901             234
   1.41999900             233
   1.42999899             232
   1.43999898             227
   1.44999897             226
   1.45999897             223
   1.46999896             221
   1.47999895             217
   1.48999894             214
   1.49999893             213
   1.50999892             210
   1.51999891             203
   1.52999890             203
   1.53999889             199
   1.54999888             197
   1.55999887             192
   1.56999886             188
   1.57999885             184
   1.58999884             182
   1.59999883             181
   1.60999882             177
   1.61999881             175
   1.62999880             173
   1.63999879             170
   1.64999878             169
   1.65999877             165
   1.66999876             165
   1.67999876             163
   1.68999875             162
   1.69999874             161
   1.70999873             159
   1.71999872             156
   1.72999871             156
   1.73999870             153
   1.74999869             151
   1.75999868             151
   1.76999867             151
   1.77999866             151
   1.78999865             149
   1.79999864             145
   1.80999863             143
   1.81999862             141
   1.82999861             140
   1.83999860             139
   1.84999859             139
   1.85999858             139
   1.86999857             137
   1.87999856             133
   1.88999856             130
   1.89999855             128
   1.90999854             128
   1.91999853             127
   1.92999852             125
   1.93999851             124
   1.94999850             123
   1.95999849             122
   1.96999848             121
   1.97999847             119
   1.98999846             116
   1.99999845             115
   2.00999856             114
   2.01999855             113
   2.02999854             111
   2.03999853             110
   2.04999852             108
   2.05999851             108
   2.06999850             107
   2.07999849             105
   2.08999848             104
   2.09999847             104
   2.10999846             103
   2.11999846             101
   2.12999845             100
   2.13999844             100
   2.14999843              98
   2.15999842              96
   2.16999841              95
   2.17999840              94
   2.18999839              94
   2.19999838              94
   2.20999837              93
   2.21999836              93
   2.22999835              93
   2.23999834              90
   2.24999833              90
   2.25999832              90
   2.26999831              88
   2.27999830              88
   2.28999829              87
   2.29999828              86
   2.30999827              85
   2.31999826              84
   2.32999825              82
   2.33999825              81
   2.34999824              81
   2.35999823              81
   2.36999822              80
   2.37999821              80
   2.38999820              80
   2.39999819              79
   2.40999818              77
   2.41999817              77
   2.42999816              77
   2.43999815              75
   2.44999814              73
   2.45999813              72
   2.46999812              71
   2.47999811              71
   2.48999810              71
   2.49999809              71
   2.50999808              71
   2.51999807              69
   2.52999806              69
   2.53999805              68
   2.54999804              68
   2.55999804              68
   2.56999803              66
   2.57999802              64
   2.58999801              63
   2.59999800              63
   2.60999799              61
   2.61999798              60
   2.62999797              59
   2.63999796              59
   2.64999795              59
   2.65999794              59
   2.66999793              59
   2.67999792              58
   2.68999791              57
   2.69999790              56
   2.70999789              56
   2.71999788              55
   2.72999787              55
   2.73999786              55
   2.74999785              55
   2.75999784              55
   2.76999784              54
   2.77999783              53
   2.78999782              53
   2.79999781              53
   2.80999780              53
   2.81999779              51
   2.82999778              51
   2.83999777              50
   2.84999776              49
   2.85999775              49
   2.86999774              48
   2.87999773              47
   2.88999772              46
   2.89999771              45
   2.90999770              45
   2.91999769              44
   2.92999768              43
   2.93999767              43
   2.94999766              41
   2.95999765              41
   2.96999764              40
   2.97999763              40
   2.98999763              39
   2.99999762              39
   3.00999761              38
   3.01999760              36
   3.02999759              36
   3.03999758              36
   3.04999757              35
   3.05999756              35
   3.06999755              35
   3.07999754              35
   3.08999753              34
   3.09999752              34
   3.10999751              33
   3.11999750              33
   3.12999749              33
   3.13999748              33
   3.14999747              31
   3.15999746              31
   3.16999745              31
   3.17999744              31
   3.18999743              31
   3.19999743              31
   3.20999742              30
   3.21999741              29
   3.22999740              29
   3.23999739              29
   3.24999738              28
   3.25999737              28
   3.26999736              28
   3.27999735              28
   3.28999734              28
   3.29999733              28
   3.30999732              27
   3.31999731              27
   3.32999730              26
   3.33999729              25
   3.34999728              25
   3.35999727              25
   3.36999726              25
   3.37999725              23
   3.38999724              23
   3.39999723              23
   3.40999722              22
   3.41999722              22
   3.42999721              22
   3.43999720              22
   3.44999719              20
   3.45999718              19
   3.46999717              19
   3.47999716              19
   3.48999715              18
   3.49999714              18
   3.50999713              18
   3.51999712              18
   3.52999711              18
   3.53999710              18
   3.54999709              18
   3.55999708              17
   3.56999707              17
   3.57999706              17
   3.58999705              16
   3.59999704              15
   3.60999703              15
   3.61999702              15
   3.62999701              15
   3.63999701              15
   3.64999700              15
   3.65999699              15
   3.66999698              15
   3.67999697              15
   3.68999696              15
   3.69999695              15
   3.70999694              15
   3.71999693              14
   3.72999692              14
   3.73999691              13
   3.74999690              13
   3.75999689              13
   3.76999688              13
   3.77999687              13
   3.78999686              12
   3.79999685              12
   3.80999684              12
   3.81999683              12
   3.82999682              11
   3.83999681              11
   3.84999681              11
   3.85999680              11
   3.86999679              10
   3.87999678              10
   3.88999677              10
   3.89999676              10
   3.90999675              10
   3.91999674              10
   3.92999673              10
   3.93999672              10
   3.94999671              10
   3.95999670              10
   3.96999669              10
   3.97999668              10
   3.98999667              10
   3.99999666              10
   4.00999689              10
   4.01999712               9
   4.02999735               9
   4.03999758               9
   4.04999781               9
   4.05999804               9
   4.06999826               9
   4.07999849               9
   4.08999872               9
   4.09999895               9
   4.10999918               9
   4.11999941               9
   4.12999964               9
   4.13999987               9
   4.15000010               9
   4.16000032               9
   4.17000055               9
   4.18000078               8
   4.19000101               8
   4.20000124               8
   4.21000147               8
   4.22000170               8
   4.23000193               8
   4.24000216               7
   4.25000238               7
   4.26000261               7
   4.27000284               7
   4.28000307               7
   4.29000330               7
   4.30000353               7
   4.31000376               7
   4.32000399               7
   4.33000422               7
   4.34000444               7
   4.35000467               7
   4.36000490               7
   4.37000513               7
   4.38000536               6
   4.39000559               6
   4.40000582               6
   4.41000605               5
   4.42000628               5
   4.43000650               5
   4.44000673               5
   4.45000696               5
   4.46000719               5
   4.47000742               5
   4.48000765               5
   4.49000788               5
   4.50000811               5
   4.51000834               5
   4.52000856               5
   4.53000879               5
   4.54000902               5
   4.55000925               5
   4.56000948               5
   4.57000971               5
   4.58000994               5
   4.59001017               4
   4.60001040               4
   4.61001062               4
   4.62001085               4
   4.63001108               4
   4.64001131               4
   4.65001154               3
   4.66001177               3
   4.67001200               3
   4.68001223               3
   4.69001245               3
   4.70001268               3
   4.71001291               3
   4.72001314               3
   4.73001337               3
   4.74001360               3
   4.75001383               3
   4.76001406               3
   4.77001429               3
   4.78001451               3
   4.79001474               3
   4.80001497               3
   4.81001520               3
   4.82001543               3
   4.83001566               3
   4.84001589               3
   4.85001612               3
   4.86001635               3
   4.87001657               3
   4.88001680               3
   4.89001703               3
   4.90001726               3
   4.91001749               3
   4.92001772               3
   4.93001795               3
   4.94001818               3
   4.95001841               3
   4.96001863               2
   4.97001886               2
   4.98001909               2
   4.99001932               2
   5.00001955               2
   5.01001978               2
   5.02002001               2
   5.03002024               2
   5.04002047               2
   5.05002069               2
   5.06002092               2
   5.07002115               2
   5.08002138               2
   5.09002161               2
   5.10002184               2
   5.11002207               2
   5.12002230               2
   5.13002253               2
   5.14002275               2
   5.15002298               2
   5.16002321               2
   5.17002344               2
   5.18002367               2
   5.19002390               2
   5.20002413               2
   5.21002436               2
   5.22002459               2
   5.23002481               2
   5.24002504               2
   5.25002527               2
   5.26002550               2
   5.27002573               2
   5.28002596               2
   5.29002619               2
   5.30002642               2
   5.31002665               2
   5.32002687               2
   5.33002710               2
   5.34002733               2
   5.35002756               2
   5.36002779               2
   5.37002802               2
   5.38002825               2
   5.39002848               2
   5.40002871               2
   5.41002893               2
   5.42002916               2
   5.43002939               2
   5.44002962               2
   5.45002985               2
   5.46003008               2
   5.47003031               2
   5.48003054               2
   5.49003077               2
   5.50003099               2
   5.51003122               2
   5.52003145               2
   5.53003168               2
   5.54003191               2
   5.55003214               2
   5.56003237               2
   5.57003260               2
   5.58003283               2
   5.59003305               2
   5.60003328               2
   5.61003351               2
   5.62003374               2
   5.63003397               2
   5.64003420               2
   5.65003443               2
   5.66003466               2
   5.67003489               2
   5.68003511               2
   5.69003534               2
   5.70003557               2
   5.71003580               2
   5.72003603               2
   5.73003626               2
   5.74003649               2
   5.75003672               2
   5.76003695               2
   5.77003717               2
   5.78003740               1
   5.79003763               1
   5.80003786               1
   5.81003809               1
   5.82003832               1
   5.83003855               1
   5.84003878               1
   5.85003901               1
   5.86003923               1
   5.87003946               1
   5.88003969               1
   5.89003992               1
   5.90004015               1
   5.91004038               1
   5.92004061               1
   5.93004084               1
   5.94004107               1
   5.95004129               1
   5.96004152               1
   5.97004175               1
   5.98004198               1
   5.99004221               1
   6.00004244               1
   6.01004267               1
   6.02004290               1
   6.03004313               1
   6.04004335               1
   6.05004358               1
   6.06004381               1
   6.07004404               1
   6.08004427               1
   6.09004450               1
   6.10004473               1
   6.11004496               1
   6.12004519               1
   6.13004541               1
   6.14004564               1
   6.15004587               1
   6.16004610               1
   6.17004633               1
   6.18004656               1
   6.19004679               1
   6.20004702               1
   6.21004725               1
   6.22004747               1
   6.23004770               1
   6.24004793               1
   6.25004816               1
   6.26004839               1
   6.27004862               1
   6.28004885               1
   6.29004908               1
   6.30004930               1
   6.31004953               0
   6.32004976               0
   6.33004999               0
   6.34005022               0
   6.35005045               0
   6.36005068               0
   6.37005091               0
   6.38005114               0
   6.39005136               0
   6.40005159               0
   6.41005182               0
   6.42005205               0
   6.43005228               0
   6.44005251               0
   6.45005274               0
   6.46005297               0
   6.47005320               0
   6.48005342               0
   6.49005365               0
   6.50005388               0
   6.51005411               0
   6.52005434               0
   6.53005457               0
   6.54005480               0
   6.55005503               0
   6.56005526               0
   6.57005548               0
   6.58005571               0
   6.59005594               0
   6.60005617               0
   6.61005640               0
   6.62005663               0
   6.63005686               0
   6.64005709               0
   6.65005732               0
   6.66005754               0
   6.67005777               0
   6.68005800               0
   6.69005823               0
   6.70005846               0
   6.71005869               0
   6.72005892               0
   6.73005915               0
   6.74005938               0
   6.75005960               0
   6.76005983               0
   6.77006006               0
   6.78006029               0
   6.79006052               0
   6.80006075               0
   6.81006098               0
   6.82006121               0
   6.83006144               0
   6.84006166               0
   6.85006189               0
   6.86006212               0
   6.87006235               0
   6.88006258               0
   6.89006281               0
   6.90006304               0
   6.91006327               0
   6.92006350               0
   6.93006372               0
   6.94006395               0
   6.95006418               0
   6.96006441               0
   6.97006464               0
   6.98006487               0
   6.99006510               0
   7.00006533               0
   7.01006556               0
   7.02006578               0
   7.03006601               0
   7.04006624               0
   7.05006647               0
   7.06006670               0
   7.07006693               0
   7.08006716               0
   7.09006739               0
   7.10006762               0
   7.11006784               0
   7.12006807               0
   7.13006830               0
   7.14006853               0
   7.15006876               0
   7.16006899               0
   7.17006922               0
   7.18006945               0
   7.19006968               0
   7.20006990               0
   7.21007013               0
   7.22007036               0
   7.23007059               0
   7.24007082               0
   7.25007105               0
   7.26007128               0
   7.27007151               0
   7.28007174               0
   7.29007196               0
   7.30007219               0
   7.31007242               0
   7.32007265               0
   7.33007288               0
   7.34007311               0
   7.35007334               0
   7.36007357               0
   7.37007380               0
   7.38007402               0
   7.39007425               0
   7.40007448               0
   7.41007471               0
   7.42007494               0
   7.43007517               0
   7.44007540               0
   7.45007563               0
   7.46007586               0
   7.47007608               0
   7.48007631               0
   7.49007654               0
   7.50007677               0
   7.51007700               0
   7.52007723               0
   7.53007746               0
   7.54007769               0
   7.55007792               0
   7.56007814               0
   7.57007837               0
   7.58007860               0
   7.59007883               0
   7.60007906               0
   7.61007929               0
   7.62007952               0
   7.63007975               0
   7.64007998               0
   7.65008020               0
   7.66008043               0
   7.67008066               0
   7.68008089               0
   7.69008112               0
   7.70008135               0
   7.71008158               0
   7.72008181               0
   7.73008204               0
   7.74008226               0
   7.75008249               0
   7.76008272               0
   7.77008295               0
   7.78008318               0
   7.79008341               0
   7.80008364               0
   7.81008387               0
   7.82008410               0
   7.83008432               0
   7.84008455               0
   7.85008478               0
   7.86008501               0
   7.87008524               0
   7.88008547               0
   7.89008570               0
   7.90008593               0
   7.91008615               0
   7.92008638               0
   7.93008661               0
   7.94008684               0
   7.95008707               0
   7.96008730               0
   7.97008753               0
   7.98008776               0
   7.99008799               0
   8.00008774               0
