   0.00000000             992
   9.99999978E-03         981
   1.99999996E-02         969
   2.99999993E-02         963
   3.99999991E-02         949
   4.99999970E-02         944
   5.99999949E-02         938
   6.99999928E-02         929
   7.99999908E-02         911
   8.99999887E-02         903
   9.99999866E-02         895
  0.109999985             885
  0.119999982             874
  0.129999980             868
  0.139999986             860
  0.149999991             851
  0.159999996             842
  0.170000002             831
  0.180000007             822
  0.190000013             808
  0.200000018             803
  0.210000023             798
  0.220000029             794
  0.230000034             784
  0.240000039             779
  0.250000030             772
  0.260000020             770
  0.270000011             764
  0.280000001             757
  0.289999992             749
  0.299999982             738
  0.309999973             731
  0.319999963             720
  0.329999954             715
  0.339999944             709
  0.349999934             701
  0.359999925             697
  0.369999915             690
  0.379999906             683
  0.389999896             672
  0.399999887             661
  0.409999877             656
  0.419999868             647
  0.429999858             643
  0.439999849             637
  0.449999839             636
  0.459999830             630
  0.469999820             626
  0.479999810             622
  0.489999801             617
  0.499999791             613
  0.509999812             609
  0.519999802             605
  0.529999793             599
  0.539999783             597
  0.549999774             593
  0.559999764             587
  0.569999754             579
  0.579999745             572
  0.589999735             567
  0.599999726             563
  0.609999716             557
  0.619999707             553
  0.629999697             551
  0.639999688             543
  0.649999678             538
  0.659999669             536
  0.669999659             528
  0.679999650             520
  0.689999640             508
  0.699999630             502
  0.709999621             497
  0.719999611             492
  0.729999602             488
  0.739999592             479
  0.749999583             474
  0.759999573             469
  0.769999564             459
  0.779999554             453
  0.789999545             450
  0.799999535             449
  0.809999526             441
  0.819999516             434
  0.829999506             431
  0.839999497             427
  0.849999487             424
  0.859999478             420
  0.869999468             417
  0.879999459             413
  0.889999449             406
  0.899999440             402
  0.909999430             397
  0.919999421             392
  0.929999411             388
  0.939999402             379
  0.949999392             376
  0.959999382             369
  0.969999373             369
  0.979999363             362
  0.989999354             360
  0.999999344             359
   1.00999939             355
   1.01999938             351
   1.02999938             348
   1.03999937             346
   1.04999936             345
   1.05999935             341
   1.06999934             339
   1.07999933             336
   1.08999932             332
   1.09999931             325
   1.10999930             321
   1.11999929             315
   1.12999928             312
   1.13999927             310
   1.14999926             305
   1.15999925             302
   1.16999924             299
   1.17999923             294
   1.18999922             291
   1.19999921             289
   1.20999920             286
   1.21999919             285
   1.22999918             282
   1.23999918             279
   1.24999917             277
   1.25999916             273
   1.26999915             270
   1.27999914             270
   1.28999913             266
   1.29999912             262
   1.30999911             259
   1.31999910             257
   1.32999909             251
   1.33999908             247
   1.34999907             243
   1.35999906             240
   1.36999905             237
   1.37999904             231
   1.38999903             227
   1.39999902             223
   1.40999901             222
   1.41999900             219
   1.42999899             218
   1.43999898             215
   1.44999897             213
   1.45999897             210
   1.46999896             207
   1.47999895             204
   1.48999894             201
   1.49999893             199
   1.50999892             198
   1.51999891             198
   1.52999890             197
   1.53999889             195
   1.54999888             193
   1.55999887             191
   1.56999886             188
   1.57999885             184
   1.58999884             184
   1.59999883             181
   1.60999882             181
   1.61999881             179
   1.62999880             175
   1.63999879             173
   1.64999878             170
   1.65999877             167
   1.66999876             167
   1.67999876             167
   1.68999875             162
   1.69999874             160
   1.70999873             160
   1.71999872             158
   1.72999871             157
   1.73999870             154
   1.74999869             154
   1.75999868             152
   1.76999867             151
   1.77999866             150
   1.78999865             147
   1.79999864             147
   1.80999863             146
   1.81999862             143
   1.82999861             141
   1.83999860             141
   1.84999859             140
   1.85999858             140
   1.86999857             140
   1.87999856             136
   1.88999856             134
   1.89999855             133
   1.90999854             130
   1.91999853             129
   1.92999852             125
   1.93999851             123
   1.94999850             122
   1.95999849             122
   1.96999848             120
   1.97999847             118
   1.98999846             117
   1.99999845             117
   2.00999856             115
   2.01999855             114
   2.02999854             113
   2.03999853             111
   2.04999852             109
   2.05999851             106
   2.06999850             105
   2.07999849             103
   2.08999848             101
   2.09999847              98
   2.10999846              98
   2.11999846              95
   2.12999845              94
   2.13999844              92
   2.14999843              90
   2.15999842              89
   2.16999841              88
   2.17999840              87
   2.18999839              87
   2.19999838              87
   2.20999837              85
   2.21999836              85
   2.22999835              84
   2.23999834              84
   2.24999833              84
   2.25999832              83
   2.26999831              81
   2.27999830              80
   2.28999829              80
   2.29999828              79
   2.30999827              79
   2.31999826              79
   2.32999825              79
   2.33999825              78
   2.34999824              78
   2.35999823              78
   2.36999822              77
   2.37999821              77
   2.38999820              75
   2.39999819              75
   2.40999818              73
   2.41999817              73
   2.42999816              72
   2.43999815              71
   2.44999814              70
   2.45999813              70
   2.46999812              70
   2.47999811              70
   2.48999810              70
   2.49999809              69
   2.50999808              69
   2.51999807              69
   2.52999806              68
   2.53999805              67
   2.54999804              66
   2.55999804              65
   2.56999803              65
   2.57999802              65
   2.58999801              65
   2.59999800              65
   2.60999799              65
   2.61999798              65
   2.62999797              65
   2.63999796              63
   2.64999795              61
   2.65999794              61
   2.66999793              61
   2.67999792              61
   2.68999791              61
   2.69999790              61
   2.70999789              60
   2.71999788              58
   2.72999787              58
   2.73999786              58
   2.74999785              58
   2.75999784              58
   2.76999784              58
   2.77999783              58
   2.78999782              57
   2.79999781              55
   2.80999780              54
   2.81999779              54
   2.82999778              54
   2.83999777              54
   2.84999776              53
   2.85999775              53
   2.86999774              53
   2.87999773              53
   2.88999772              51
   2.89999771              51
   2.90999770              51
   2.91999769              50
   2.92999768              49
   2.93999767              48
   2.94999766              46
   2.95999765              46
   2.96999764              45
   2.97999763              44
   2.98999763              44
   2.99999762              43
   3.00999761              42
   3.01999760              42
   3.02999759              41
   3.03999758              41
   3.04999757              41
   3.05999756              41
   3.06999755              41
   3.07999754              41
   3.08999753              40
   3.09999752              39
   3.10999751              39
   3.11999750              38
   3.12999749              38
   3.13999748              38
   3.14999747              38
   3.15999746              38
   3.16999745              37
   3.17999744              36
   3.18999743              36
   3.19999743              36
   3.20999742              35
   3.21999741              34
   3.22999740              34
   3.23999739              34
   3.24999738              33
   3.25999737              33
   3.26999736              33
   3.27999735              32
   3.28999734              32
   3.29999733              32
   3.30999732              32
   3.31999731              32
   3.32999730              32
   3.33999729              32
   3.34999728              32
   3.35999727              32
   3.36999726              31
   3.37999725              31
   3.38999724              31
   3.39999723              31
   3.40999722              31
   3.41999722              31
   3.42999721              31
   3.43999720              30
   3.44999719              30
   3.45999718              30
   3.46999717              30
   3.47999716              30
   3.48999715              30
   3.49999714              29
   3.50999713              29
   3.51999712              29
   3.52999711              29
   3.53999710              29
   3.54999709              28
   3.55999708              28
   3.56999707              28
   3.57999706              28
   3.58999705              28
   3.59999704              28
   3.60999703              28
   3.61999702              27
   3.62999701              26
   3.63999701              26
   3.64999700              26
   3.65999699              26
   3.66999698              26
   3.67999697              26
   3.68999696              26
   3.69999695              26
   3.70999694              24
   3.71999693              23
   3.72999692              22
   3.73999691              22
   3.74999690              22
   3.75999689              22
   3.76999688              22
   3.77999687              22
   3.78999686              21
   3.79999685              20
   3.80999684              20
   3.81999683              20
   3.82999682              20
   3.83999681              20
   3.84999681              20
   3.85999680              20
   3.86999679              20
   3.87999678              18
   3.88999677              18
   3.89999676              18
   3.90999675              18
   3.91999674              17
   3.92999673              17
   3.93999672              17
   3.94999671              17
   3.95999670              17
   3.96999669              16
   3.97999668              16
   3.98999667              16
   3.99999666              16
   4.00999689              16
   4.01999712              16
   4.02999735              15
   4.03999758              15
   4.04999781              15
   4.05999804              15
   4.06999826              14
   4.07999849              14
   4.08999872              14
   4.09999895              14
   4.10999918              13
   4.11999941              13
   4.12999964              13
   4.13999987              13
   4.15000010              13
   4.16000032              13
   4.17000055              13
   4.18000078              12
   4.19000101              12
   4.20000124              12
   4.21000147              12
   4.22000170              12
   4.23000193              12
   4.24000216              12
   4.25000238              12
   4.26000261              12
   4.27000284              12
   4.28000307              12
   4.29000330              12
   4.30000353              10
   4.31000376              10
   4.32000399              10
   4.33000422              10
   4.34000444              10
   4.35000467              10
   4.36000490              10
   4.37000513              10
   4.38000536              10
   4.39000559              10
   4.40000582              10
   4.41000605              10
   4.42000628              10
   4.43000650              10
   4.44000673              10
   4.45000696              10
   4.46000719              10
   4.47000742              10
   4.48000765              10
   4.49000788              10
   4.50000811              10
   4.51000834               9
   4.52000856               9
   4.53000879               9
   4.54000902               9
   4.55000925               9
   4.56000948               9
   4.57000971               9
   4.58000994               9
   4.59001017               9
   4.60001040               9
   4.61001062               9
   4.62001085               9
   4.63001108               9
   4.64001131               9
   4.65001154               9
   4.66001177               9
   4.67001200               9
   4.68001223               9
   4.69001245               9
   4.70001268               9
   4.71001291               9
   4.72001314               9
   4.73001337               9
   4.74001360               9
   4.75001383               9
   4.76001406               8
   4.77001429               7
   4.78001451               7
   4.79001474               7
   4.80001497               7
   4.81001520               7
   4.82001543               7
   4.83001566               7
   4.84001589               7
   4.85001612               7
   4.86001635               7
   4.87001657               7
   4.88001680               7
   4.89001703               7
   4.90001726               7
   4.91001749               7
   4.92001772               7
   4.93001795               7
   4.94001818               7
   4.95001841               6
   4.96001863               6
   4.97001886               6
   4.98001909               6
   4.99001932               6
   5.00001955               6
   5.01001978               6
   5.02002001               6
   5.03002024               6
   5.04002047               6
   5.05002069               6
   5.06002092               6
   5.07002115               6
   5.08002138               6
   5.09002161               6
   5.10002184               6
   5.11002207               6
   5.12002230               6
   5.13002253               6
   5.14002275               6
   5.15002298               6
   5.16002321               5
   5.17002344               5
   5.18002367               5
   5.19002390               5
   5.20002413               5
   5.21002436               5
   5.22002459               5
   5.23002481               5
   5.24002504               5
   5.25002527               5
   5.26002550               5
   5.27002573               5
   5.28002596               5
   5.29002619               5
   5.30002642               5
   5.31002665               5
   5.32002687               5
   5.33002710               5
   5.34002733               5
   5.35002756               5
   5.36002779               5
   5.37002802               5
   5.38002825               5
   5.39002848               5
   5.40002871               5
   5.41002893               5
   5.42002916               5
   5.43002939               5
   5.44002962               5
   5.45002985               5
   5.46003008               5
   5.47003031               5
   5.48003054               5
   5.49003077               5
   5.50003099               5
   5.51003122               5
   5.52003145               5
   5.53003168               5
   5.54003191               5
   5.55003214               5
   5.56003237               5
   5.57003260               5
   5.58003283               5
   5.59003305               5
   5.60003328               5
   5.61003351               5
   5.62003374               5
   5.63003397               5
   5.64003420               5
   5.65003443               5
   5.66003466               5
   5.67003489               5
   5.68003511               5
   5.69003534               5
   5.70003557               5
   5.71003580               5
   5.72003603               4
   5.73003626               4
   5.74003649               4
   5.75003672               4
   5.76003695               4
   5.77003717               4
   5.78003740               4
   5.79003763               4
   5.80003786               4
   5.81003809               4
   5.82003832               4
   5.83003855               4
   5.84003878               4
   5.85003901               4
   5.86003923               4
   5.87003946               4
   5.88003969               4
   5.89003992               4
   5.90004015               4
   5.91004038               4
   5.92004061               4
   5.93004084               4
   5.94004107               4
   5.95004129               4
   5.96004152               4
   5.97004175               4
   5.98004198               4
   5.99004221               4
   6.00004244               4
   6.01004267               4
   6.02004290               4
   6.03004313               4
   6.04004335               4
   6.05004358               4
   6.06004381               4
   6.07004404               4
   6.08004427               4
   6.09004450               4
   6.10004473               4
   6.11004496               4
   6.12004519               3
   6.13004541               3
   6.14004564               3
   6.15004587               3
   6.16004610               3
   6.17004633               3
   6.18004656               3
   6.19004679               3
   6.20004702               3
   6.21004725               3
   6.22004747               3
   6.23004770               3
   6.24004793               3
   6.25004816               3
   6.26004839               3
   6.27004862               3
   6.28004885               3
   6.29004908               3
   6.30004930               3
   6.31004953               3
   6.32004976               3
   6.33004999               3
   6.34005022               3
   6.35005045               3
   6.36005068               3
   6.37005091               3
   6.38005114               3
   6.39005136               3
   6.40005159               3
   6.41005182               3
   6.42005205               3
   6.43005228               3
   6.44005251               3
   6.45005274               3
   6.46005297               3
   6.47005320               3
   6.48005342               3
   6.49005365               2
   6.50005388               2
   6.51005411               2
   6.52005434               2
   6.53005457               2
   6.54005480               2
   6.55005503               2
   6.56005526               2
   6.57005548               2
   6.58005571               2
   6.59005594               2
   6.60005617               2
   6.61005640               2
   6.62005663               2
   6.63005686               2
   6.64005709               2
   6.65005732               2
   6.66005754               2
   6.67005777               2
   6.68005800               2
   6.69005823               2
   6.70005846               2
   6.71005869               2
   6.72005892               2
   6.73005915               2
   6.74005938               2
   6.75005960               2
   6.76005983               2
   6.77006006               2
   6.78006029               2
   6.79006052               2
   6.80006075               2
   6.81006098               2
   6.82006121               2
   6.83006144               2
   6.84006166               2
   6.85006189               2
   6.86006212               2
   6.87006235               2
   6.88006258               2
   6.89006281               2
   6.90006304               2
   6.91006327               2
   6.92006350               2
   6.93006372               2
   6.94006395               2
   6.95006418               2
   6.96006441               2
   6.97006464               2
   6.98006487               2
   6.99006510               2
   7.00006533               2
   7.01006556               2
   7.02006578               2
   7.03006601               2
   7.04006624               2
   7.05006647               2
   7.06006670               2
   7.07006693               2
   7.08006716               2
   7.09006739               2
   7.10006762               2
   7.11006784               2
   7.12006807               2
   7.13006830               2
   7.14006853               2
   7.15006876               2
   7.16006899               2
   7.17006922               2
   7.18006945               2
   7.19006968               2
   7.20006990               2
   7.21007013               2
   7.22007036               2
   7.23007059               2
   7.24007082               2
   7.25007105               2
   7.26007128               2
   7.27007151               2
   7.28007174               2
   7.29007196               2
   7.30007219               2
   7.31007242               2
   7.32007265               2
   7.33007288               2
   7.34007311               2
   7.35007334               2
   7.36007357               2
   7.37007380               2
   7.38007402               2
   7.39007425               2
   7.40007448               2
   7.41007471               2
   7.42007494               2
   7.43007517               2
   7.44007540               2
   7.45007563               2
   7.46007586               2
   7.47007608               2
   7.48007631               2
   7.49007654               2
   7.50007677               2
   7.51007700               2
   7.52007723               2
   7.53007746               2
   7.54007769               2
   7.55007792               2
   7.56007814               2
   7.57007837               2
   7.58007860               2
   7.59007883               2
   7.60007906               2
   7.61007929               2
   7.62007952               2
   7.63007975               2
   7.64007998               2
   7.65008020               2
   7.66008043               2
   7.67008066               2
   7.68008089               2
   7.69008112               2
   7.70008135               2
   7.71008158               2
   7.72008181               2
   7.73008204               2
   7.74008226               2
   7.75008249               2
   7.76008272               2
   7.77008295               2
   7.78008318               2
   7.79008341               2
   7.80008364               2
   7.81008387               2
   7.82008410               2
   7.83008432               2
   7.84008455               2
   7.85008478               2
   7.86008501               2
   7.87008524               2
   7.88008547               2
   7.89008570               2
   7.90008593               2
   7.91008615               2
   7.92008638               2
   7.93008661               2
   7.94008684               2
   7.95008707               2
   7.96008730               2
   7.97008753               2
   7.98008776               2
   7.99008799               2
   8.00008774               2
