   0.00000000             989
   9.99999978E-03         978
   1.99999996E-02         963
   2.99999993E-02         955
   3.99999991E-02         943
   4.99999970E-02         932
   5.99999949E-02         912
   6.99999928E-02         907
   7.99999908E-02         900
   8.99999887E-02         896
   9.99999866E-02         892
  0.109999985             885
  0.119999982             876
  0.129999980             871
  0.139999986             861
  0.149999991             851
  0.159999996             843
  0.170000002             835
  0.180000007             820
  0.190000013             814
  0.200000018             807
  0.210000023             801
  0.220000029             798
  0.230000034             788
  0.240000039             784
  0.250000030             780
  0.260000020             771
  0.270000011             763
  0.280000001             754
  0.289999992             750
  0.299999982             743
  0.309999973             731
  0.319999963             722
  0.329999954             715
  0.339999944             709
  0.349999934             701
  0.359999925             695
  0.369999915             689
  0.379999906             681
  0.389999896             675
  0.399999887             668
  0.409999877             663
  0.419999868             656
  0.429999858             645
  0.439999849             640
  0.449999839             636
  0.459999830             633
  0.469999820             622
  0.479999810             616
  0.489999801             612
  0.499999791             610
  0.509999812             599
  0.519999802             590
  0.529999793             585
  0.539999783             580
  0.549999774             577
  0.559999764             569
  0.569999754             565
  0.579999745             559
  0.589999735             554
  0.599999726             552
  0.609999716             548
  0.619999707             542
  0.629999697             537
  0.639999688             532
  0.649999678             526
  0.659999669             522
  0.669999659             520
  0.679999650             518
  0.689999640             512
  0.699999630             506
  0.709999621             501
  0.719999611             497
  0.729999602             494
  0.739999592             493
  0.749999583             487
  0.759999573             486
  0.769999564             481
  0.779999554             477
  0.789999545             473
  0.799999535             469
  0.809999526             463
  0.819999516             457
  0.829999506             453
  0.839999497             451
  0.849999487             443
  0.859999478             439
  0.869999468             436
  0.879999459             436
  0.889999449             430
  0.899999440             428
  0.909999430             426
  0.919999421             424
  0.929999411             421
  0.939999402             416
  0.949999392             412
  0.959999382             408
  0.969999373             405
  0.979999363             401
  0.989999354             394
  0.999999344             390
   1.00999939             386
   1.01999938             383
   1.02999938             379
   1.03999937             378
   1.04999936             377
   1.05999935             373
   1.06999934             368
   1.07999933             362
   1.08999932             359
   1.09999931             353
   1.10999930             350
   1.11999929             341
   1.12999928             341
   1.13999927             334
   1.14999926             330
   1.15999925             328
   1.16999924             325
   1.17999923             320
   1.18999922             318
   1.19999921             317
   1.20999920             313
   1.21999919             308
   1.22999918             305
   1.23999918             302
   1.24999917             296
   1.25999916             293
   1.26999915             290
   1.27999914             289
   1.28999913             285
   1.29999912             284
   1.30999911             282
   1.31999910             278
   1.32999909             271
   1.33999908             264
   1.34999907             259
   1.35999906             257
   1.36999905             253
   1.37999904             248
   1.38999903             247
   1.39999902             246
   1.40999901             244
   1.41999900             243
   1.42999899             241
   1.43999898             239
   1.44999897             237
   1.45999897             235
   1.46999896             234
   1.47999895             232
   1.48999894             231
   1.49999893             231
   1.50999892             230
   1.51999891             229
   1.52999890             228
   1.53999889             228
   1.54999888             226
   1.55999887             223
   1.56999886             219
   1.57999885             217
   1.58999884             215
   1.59999883             214
   1.60999882             213
   1.61999881             210
   1.62999880             209
   1.63999879             209
   1.64999878             208
   1.65999877             205
   1.66999876             200
   1.67999876             200
   1.68999875             197
   1.69999874             196
   1.70999873             194
   1.71999872             194
   1.72999871             193
   1.73999870             192
   1.74999869             191
   1.75999868             191
   1.76999867             189
   1.77999866             189
   1.78999865             187
   1.79999864             187
   1.80999863             185
   1.81999862             182
   1.82999861             177
   1.83999860             175
   1.84999859             174
   1.85999858             172
   1.86999857             170
   1.87999856             167
   1.88999856             167
   1.89999855             164
   1.90999854             162
   1.91999853             160
   1.92999852             158
   1.93999851             157
   1.94999850             155
   1.95999849             154
   1.96999848             153
   1.97999847             151
   1.98999846             149
   1.99999845             147
   2.00999856             145
   2.01999855             143
   2.02999854             141
   2.03999853             141
   2.04999852             141
   2.05999851             141
   2.06999850             138
   2.07999849             135
   2.08999848             133
   2.09999847             131
   2.10999846             129
   2.11999846             128
   2.12999845             125
   2.13999844             123
   2.14999843             122
   2.15999842             121
   2.16999841             121
   2.17999840             121
   2.18999839             121
   2.19999838             116
   2.20999837             116
   2.21999836             114
   2.22999835             113
   2.23999834             110
   2.24999833             108
   2.25999832             107
   2.26999831             106
   2.27999830             105
   2.28999829             105
   2.29999828             104
   2.30999827             104
   2.31999826             104
   2.32999825             102
   2.33999825             102
   2.34999824             101
   2.35999823              99
   2.36999822              98
   2.37999821              98
   2.38999820              96
   2.39999819              94
   2.40999818              94
   2.41999817              93
   2.42999816              92
   2.43999815              91
   2.44999814              90
   2.45999813              88
   2.46999812              87
   2.47999811              85
   2.48999810              84
   2.49999809              83
   2.50999808              83
   2.51999807              83
   2.52999806              83
   2.53999805              82
   2.54999804              82
   2.55999804              82
   2.56999803              82
   2.57999802              82
   2.58999801              82
   2.59999800              82
   2.60999799              81
   2.61999798              80
   2.62999797              79
   2.63999796              79
   2.64999795              76
   2.65999794              73
   2.66999793              73
   2.67999792              73
   2.68999791              73
   2.69999790              73
   2.70999789              73
   2.71999788              73
   2.72999787              72
   2.73999786              72
   2.74999785              72
   2.75999784              71
   2.76999784              69
   2.77999783              69
   2.78999782              68
   2.79999781              68
   2.80999780              68
   2.81999779              68
   2.82999778              67
   2.83999777              66
   2.84999776              66
   2.85999775              66
   2.86999774              66
   2.87999773              66
   2.88999772              66
   2.89999771              66
   2.90999770              66
   2.91999769              65
   2.92999768              64
   2.93999767              64
   2.94999766              63
   2.95999765              62
   2.96999764              62
   2.97999763              61
   2.98999763              61
   2.99999762              61
   3.00999761              60
   3.01999760              58
   3.02999759              58
   3.03999758              57
   3.04999757              57
   3.05999756              57
   3.06999755              55
   3.07999754              55
   3.08999753              55
   3.09999752              54
   3.10999751              54
   3.11999750              52
   3.12999749              51
   3.13999748              50
   3.14999747              50
   3.15999746              49
   3.16999745              49
   3.17999744              49
   3.18999743              47
   3.19999743              47
   3.20999742              47
   3.21999741              47
   3.22999740              46
   3.23999739              46
   3.24999738              46
   3.25999737              46
   3.26999736              46
   3.27999735              46
   3.28999734              46
   3.29999733              44
   3.30999732              44
   3.31999731              44
   3.32999730              44
   3.33999729              44
   3.34999728              44
   3.35999727              44
   3.36999726              43
   3.37999725              42
   3.38999724              41
   3.39999723              41
   3.40999722              41
   3.41999722              41
   3.42999721              41
   3.43999720              40
   3.44999719              39
   3.45999718              39
   3.46999717              38
   3.47999716              38
   3.48999715              38
   3.49999714              38
   3.50999713              38
   3.51999712              38
   3.52999711              38
   3.53999710              38
   3.54999709              38
   3.55999708              38
   3.56999707              38
   3.57999706              38
   3.58999705              37
   3.59999704              37
   3.60999703              37
   3.61999702              37
   3.62999701              37
   3.63999701              36
   3.64999700              36
   3.65999699              36
   3.66999698              36
   3.67999697              35
   3.68999696              35
   3.69999695              35
   3.70999694              34
   3.71999693              34
   3.72999692              34
   3.73999691              34
   3.74999690              34
   3.75999689              34
   3.76999688              33
   3.77999687              33
   3.78999686              33
   3.79999685              33
   3.80999684              33
   3.81999683              33
   3.82999682              33
   3.83999681              33
   3.84999681              33
   3.85999680              33
   3.86999679              32
   3.87999678              31
   3.88999677              31
   3.89999676              31
   3.90999675              31
   3.91999674              31
   3.92999673              31
   3.93999672              30
   3.94999671              29
   3.95999670              29
   3.96999669              29
   3.97999668              27
   3.98999667              27
   3.99999666              27
   4.00999689              27
   4.01999712              27
   4.02999735              27
   4.03999758              27
   4.04999781              27
   4.05999804              27
   4.06999826              26
   4.07999849              26
   4.08999872              26
   4.09999895              25
   4.10999918              25
   4.11999941              25
   4.12999964              25
   4.13999987              25
   4.15000010              25
   4.16000032              25
   4.17000055              25
   4.18000078              23
   4.19000101              23
   4.20000124              23
   4.21000147              23
   4.22000170              23
   4.23000193              23
   4.24000216              23
   4.25000238              22
   4.26000261              22
   4.27000284              21
   4.28000307              21
   4.29000330              21
   4.30000353              21
   4.31000376              21
   4.32000399              21
   4.33000422              21
   4.34000444              21
   4.35000467              19
   4.36000490              19
   4.37000513              17
   4.38000536              16
   4.39000559              15
   4.40000582              15
   4.41000605              15
   4.42000628              15
   4.43000650              14
   4.44000673              14
   4.45000696              14
   4.46000719              14
   4.47000742              14
   4.48000765              14
   4.49000788              14
   4.50000811              14
   4.51000834              14
   4.52000856              14
   4.53000879              14
   4.54000902              14
   4.55000925              13
   4.56000948              13
   4.57000971              13
   4.58000994              13
   4.59001017              13
   4.60001040              12
   4.61001062              12
   4.62001085              11
   4.63001108              11
   4.64001131              11
   4.65001154              11
   4.66001177              11
   4.67001200              11
   4.68001223              11
   4.69001245              11
   4.70001268              11
   4.71001291              11
   4.72001314              11
   4.73001337              11
   4.74001360              11
   4.75001383              11
   4.76001406              10
   4.77001429              10
   4.78001451              10
   4.79001474              10
   4.80001497              10
   4.81001520              10
   4.82001543              10
   4.83001566              10
   4.84001589              10
   4.85001612              10
   4.86001635              10
   4.87001657              10
   4.88001680              10
   4.89001703              10
   4.90001726              10
   4.91001749              10
   4.92001772              10
   4.93001795              10
   4.94001818              10
   4.95001841              10
   4.96001863              10
   4.97001886              10
   4.98001909              10
   4.99001932              10
   5.00001955              10
   5.01001978              10
   5.02002001              10
   5.03002024               9
   5.04002047               9
   5.05002069               9
   5.06002092               9
   5.07002115               9
   5.08002138               9
   5.09002161               9
   5.10002184               9
   5.11002207               9
   5.12002230               9
   5.13002253               9
   5.14002275               8
   5.15002298               8
   5.16002321               8
   5.17002344               8
   5.18002367               8
   5.19002390               8
   5.20002413               8
   5.21002436               8
   5.22002459               8
   5.23002481               8
   5.24002504               7
   5.25002527               7
   5.26002550               7
   5.27002573               6
   5.28002596               5
   5.29002619               5
   5.30002642               5
   5.31002665               5
   5.32002687               5
   5.33002710               5
   5.34002733               5
   5.35002756               5
   5.36002779               4
   5.37002802               4
   5.38002825               3
   5.39002848               3
   5.40002871               3
   5.41002893               3
   5.42002916               3
   5.43002939               3
   5.44002962               3
   5.45002985               3
   5.46003008               3
   5.47003031               3
   5.48003054               3
   5.49003077               3
   5.50003099               3
   5.51003122               3
   5.52003145               3
   5.53003168               3
   5.54003191               3
   5.55003214               3
   5.56003237               3
   5.57003260               3
   5.58003283               3
   5.59003305               3
   5.60003328               3
   5.61003351               3
   5.62003374               3
   5.63003397               3
   5.64003420               3
   5.65003443               2
   5.66003466               2
   5.67003489               2
   5.68003511               2
   5.69003534               2
   5.70003557               0
   5.71003580               0
   5.72003603               0
   5.73003626               0
   5.74003649               0
   5.75003672               0
   5.76003695               0
   5.77003717               0
   5.78003740               0
   5.79003763               0
   5.80003786               0
   5.81003809               0
   5.82003832               0
   5.83003855               0
   5.84003878               0
   5.85003901               0
   5.86003923               0
   5.87003946               0
   5.88003969               0
   5.89003992               0
   5.90004015               0
   5.91004038               0
   5.92004061               0
   5.93004084               0
   5.94004107               0
   5.95004129               0
   5.96004152               0
   5.97004175               0
   5.98004198               0
   5.99004221               0
   6.00004244               0
   6.01004267               0
   6.02004290               0
   6.03004313               0
   6.04004335               0
   6.05004358               0
   6.06004381               0
   6.07004404               0
   6.08004427               0
   6.09004450               0
   6.10004473               0
   6.11004496               0
   6.12004519               0
   6.13004541               0
   6.14004564               0
   6.15004587               0
   6.16004610               0
   6.17004633               0
   6.18004656               0
   6.19004679               0
   6.20004702               0
   6.21004725               0
   6.22004747               0
   6.23004770               0
   6.24004793               0
   6.25004816               0
   6.26004839               0
   6.27004862               0
   6.28004885               0
   6.29004908               0
   6.30004930               0
   6.31004953               0
   6.32004976               0
   6.33004999               0
   6.34005022               0
   6.35005045               0
   6.36005068               0
   6.37005091               0
   6.38005114               0
   6.39005136               0
   6.40005159               0
   6.41005182               0
   6.42005205               0
   6.43005228               0
   6.44005251               0
   6.45005274               0
   6.46005297               0
   6.47005320               0
   6.48005342               0
   6.49005365               0
   6.50005388               0
   6.51005411               0
   6.52005434               0
   6.53005457               0
   6.54005480               0
   6.55005503               0
   6.56005526               0
   6.57005548               0
   6.58005571               0
   6.59005594               0
   6.60005617               0
   6.61005640               0
   6.62005663               0
   6.63005686               0
   6.64005709               0
   6.65005732               0
   6.66005754               0
   6.67005777               0
   6.68005800               0
   6.69005823               0
   6.70005846               0
   6.71005869               0
   6.72005892               0
   6.73005915               0
   6.74005938               0
   6.75005960               0
   6.76005983               0
   6.77006006               0
   6.78006029               0
   6.79006052               0
   6.80006075               0
   6.81006098               0
   6.82006121               0
   6.83006144               0
   6.84006166               0
   6.85006189               0
   6.86006212               0
   6.87006235               0
   6.88006258               0
   6.89006281               0
   6.90006304               0
   6.91006327               0
   6.92006350               0
   6.93006372               0
   6.94006395               0
   6.95006418               0
   6.96006441               0
   6.97006464               0
   6.98006487               0
   6.99006510               0
   7.00006533               0
   7.01006556               0
   7.02006578               0
   7.03006601               0
   7.04006624               0
   7.05006647               0
   7.06006670               0
   7.07006693               0
   7.08006716               0
   7.09006739               0
   7.10006762               0
   7.11006784               0
   7.12006807               0
   7.13006830               0
   7.14006853               0
   7.15006876               0
   7.16006899               0
   7.17006922               0
   7.18006945               0
   7.19006968               0
   7.20006990               0
   7.21007013               0
   7.22007036               0
   7.23007059               0
   7.24007082               0
   7.25007105               0
   7.26007128               0
   7.27007151               0
   7.28007174               0
   7.29007196               0
   7.30007219               0
   7.31007242               0
   7.32007265               0
   7.33007288               0
   7.34007311               0
   7.35007334               0
   7.36007357               0
   7.37007380               0
   7.38007402               0
   7.39007425               0
   7.40007448               0
   7.41007471               0
   7.42007494               0
   7.43007517               0
   7.44007540               0
   7.45007563               0
   7.46007586               0
   7.47007608               0
   7.48007631               0
   7.49007654               0
   7.50007677               0
   7.51007700               0
   7.52007723               0
   7.53007746               0
   7.54007769               0
   7.55007792               0
   7.56007814               0
   7.57007837               0
   7.58007860               0
   7.59007883               0
   7.60007906               0
   7.61007929               0
   7.62007952               0
   7.63007975               0
   7.64007998               0
   7.65008020               0
   7.66008043               0
   7.67008066               0
   7.68008089               0
   7.69008112               0
   7.70008135               0
   7.71008158               0
   7.72008181               0
   7.73008204               0
   7.74008226               0
   7.75008249               0
   7.76008272               0
   7.77008295               0
   7.78008318               0
   7.79008341               0
   7.80008364               0
   7.81008387               0
   7.82008410               0
   7.83008432               0
   7.84008455               0
   7.85008478               0
   7.86008501               0
   7.87008524               0
   7.88008547               0
   7.89008570               0
   7.90008593               0
   7.91008615               0
   7.92008638               0
   7.93008661               0
   7.94008684               0
   7.95008707               0
   7.96008730               0
   7.97008753               0
   7.98008776               0
   7.99008799               0
   8.00008774               0
