   0.00000000             989
   9.99999978E-03         977
   1.99999996E-02         966
   2.99999993E-02         959
   3.99999991E-02         952
   4.99999970E-02         938
   5.99999949E-02         929
   6.99999928E-02         923
   7.99999908E-02         912
   8.99999887E-02         904
   9.99999866E-02         894
  0.109999985             887
  0.119999982             875
  0.129999980             864
  0.139999986             854
  0.149999991             848
  0.159999996             840
  0.170000002             836
  0.180000007             823
  0.190000013             816
  0.200000018             809
  0.210000023             798
  0.220000029             793
  0.230000034             790
  0.240000039             786
  0.250000030             778
  0.260000020             769
  0.270000011             758
  0.280000001             753
  0.289999992             746
  0.299999982             739
  0.309999973             732
  0.319999963             726
  0.329999954             722
  0.339999944             710
  0.349999934             708
  0.359999925             701
  0.369999915             689
  0.379999906             686
  0.389999896             674
  0.399999887             666
  0.409999877             662
  0.419999868             657
  0.429999858             649
  0.439999849             644
  0.449999839             637
  0.459999830             631
  0.469999820             628
  0.479999810             618
  0.489999801             614
  0.499999791             608
  0.509999812             603
  0.519999802             594
  0.529999793             590
  0.539999783             579
  0.549999774             570
  0.559999764             562
  0.569999754             555
  0.579999745             549
  0.589999735             540
  0.599999726             532
  0.609999716             523
  0.619999707             520
  0.629999697             516
  0.639999688             513
  0.649999678             503
  0.659999669             498
  0.669999659             493
  0.679999650             483
  0.689999640             480
  0.699999630             478
  0.709999621             477
  0.719999611             472
  0.729999602             469
  0.739999592             463
  0.749999583             461
  0.759999573             458
  0.769999564             457
  0.779999554             451
  0.789999545             448
  0.799999535             446
  0.809999526             443
  0.819999516             436
  0.829999506             432
  0.839999497             427
  0.849999487             422
  0.859999478             416
  0.869999468             416
  0.879999459             414
  0.889999449             410
  0.899999440             406
  0.909999430             401
  0.919999421             398
  0.929999411             397
  0.939999402             390
  0.949999392             384
  0.959999382             379
  0.969999373             375
  0.979999363             370
  0.989999354             366
  0.999999344             364
   1.00999939             359
   1.01999938             353
   1.02999938             346
   1.03999937             342
   1.04999936             337
   1.05999935             335
   1.06999934             329
   1.07999933             325
   1.08999932             323
   1.09999931             316
   1.10999930             312
   1.11999929             312
   1.12999928             307
   1.13999927             305
   1.14999926             304
   1.15999925             302
   1.16999924             300
   1.17999923             296
   1.18999922             292
   1.19999921             284
   1.20999920             283
   1.21999919             279
   1.22999918             274
   1.23999918             270
   1.24999917             267
   1.25999916             266
   1.26999915             264
   1.27999914             262
   1.28999913             257
   1.29999912             255
   1.30999911             251
   1.31999910             249
   1.32999909             249
   1.33999908             249
   1.34999907             246
   1.35999906             246
   1.36999905             244
   1.37999904             242
   1.38999903             240
   1.39999902             235
   1.40999901             232
   1.41999900             228
   1.42999899             224
   1.43999898             221
   1.44999897             220
   1.45999897             219
   1.46999896             219
   1.47999895             218
   1.48999894             217
   1.49999893             213
   1.50999892             213
   1.51999891             212
   1.52999890             210
   1.53999889             209
   1.54999888             205
   1.55999887             203
   1.56999886             203
   1.57999885             202
   1.58999884             200
   1.59999883             199
   1.60999882             199
   1.61999881             197
   1.62999880             194
   1.63999879             191
   1.64999878             188
   1.65999877             188
   1.66999876             187
   1.67999876             185
   1.68999875             182
   1.69999874             180
   1.70999873             178
   1.71999872             177
   1.72999871             176
   1.73999870             176
   1.74999869             173
   1.75999868             171
   1.76999867             169
   1.77999866             168
   1.78999865             167
   1.79999864             162
   1.80999863             160
   1.81999862             158
   1.82999861             156
   1.83999860             156
   1.84999859             156
   1.85999858             155
   1.86999857             152
   1.87999856             150
   1.88999856             149
   1.89999855             148
   1.90999854             146
   1.91999853             145
   1.92999852             142
   1.93999851             139
   1.94999850             137
   1.95999849             137
   1.96999848             136
   1.97999847             134
   1.98999846             132
   1.99999845             128
   2.00999856             127
   2.01999855             125
   2.02999854             122
   2.03999853             122
   2.04999852             120
   2.05999851             120
   2.06999850             120
   2.07999849             120
   2.08999848             117
   2.09999847             115
   2.10999846             112
   2.11999846             110
   2.12999845             110
   2.13999844             109
   2.14999843             108
   2.15999842             107
   2.16999841             107
   2.17999840             106
   2.18999839             105
   2.19999838             103
   2.20999837             103
   2.21999836             102
   2.22999835             101
   2.23999834              98
   2.24999833              98
   2.25999832              97
   2.26999831              95
   2.27999830              93
   2.28999829              93
   2.29999828              91
   2.30999827              91
   2.31999826              90
   2.32999825              89
   2.33999825              89
   2.34999824              89
   2.35999823              88
   2.36999822              88
   2.37999821              88
   2.38999820              88
   2.39999819              88
   2.40999818              88
   2.41999817              88
   2.42999816              86
   2.43999815              86
   2.44999814              84
   2.45999813              84
   2.46999812              84
   2.47999811              84
   2.48999810              84
   2.49999809              84
   2.50999808              82
   2.51999807              80
   2.52999806              79
   2.53999805              77
   2.54999804              76
   2.55999804              76
   2.56999803              75
   2.57999802              74
   2.58999801              73
   2.59999800              71
   2.60999799              71
   2.61999798              70
   2.62999797              69
   2.63999796              69
   2.64999795              69
   2.65999794              67
   2.66999793              67
   2.67999792              67
   2.68999791              65
   2.69999790              63
   2.70999789              63
   2.71999788              62
   2.72999787              61
   2.73999786              59
   2.74999785              58
   2.75999784              58
   2.76999784              58
   2.77999783              58
   2.78999782              55
   2.79999781              54
   2.80999780              53
   2.81999779              52
   2.82999778              52
   2.83999777              52
   2.84999776              51
   2.85999775              50
   2.86999774              49
   2.87999773              47
   2.88999772              47
   2.89999771              46
   2.90999770              46
   2.91999769              46
   2.92999768              45
   2.93999767              45
   2.94999766              45
   2.95999765              45
   2.96999764              44
   2.97999763              44
   2.98999763              43
   2.99999762              42
   3.00999761              42
   3.01999760              42
   3.02999759              42
   3.03999758              42
   3.04999757              42
   3.05999756              42
   3.06999755              41
   3.07999754              41
   3.08999753              41
   3.09999752              40
   3.10999751              39
   3.11999750              38
   3.12999749              37
   3.13999748              37
   3.14999747              37
   3.15999746              36
   3.16999745              36
   3.17999744              36
   3.18999743              36
   3.19999743              35
   3.20999742              35
   3.21999741              35
   3.22999740              35
   3.23999739              35
   3.24999738              35
   3.25999737              34
   3.26999736              34
   3.27999735              34
   3.28999734              34
   3.29999733              32
   3.30999732              32
   3.31999731              32
   3.32999730              32
   3.33999729              32
   3.34999728              32
   3.35999727              31
   3.36999726              31
   3.37999725              31
   3.38999724              31
   3.39999723              31
   3.40999722              31
   3.41999722              31
   3.42999721              31
   3.43999720              30
   3.44999719              30
   3.45999718              30
   3.46999717              30
   3.47999716              30
   3.48999715              30
   3.49999714              28
   3.50999713              27
   3.51999712              27
   3.52999711              27
   3.53999710              27
   3.54999709              26
   3.55999708              26
   3.56999707              25
   3.57999706              23
   3.58999705              23
   3.59999704              23
   3.60999703              23
   3.61999702              23
   3.62999701              23
   3.63999701              23
   3.64999700              22
   3.65999699              22
   3.66999698              21
   3.67999697              20
   3.68999696              20
   3.69999695              20
   3.70999694              20
   3.71999693              20
   3.72999692              20
   3.73999691              20
   3.74999690              19
   3.75999689              19
   3.76999688              18
   3.77999687              18
   3.78999686              18
   3.79999685              18
   3.80999684              18
   3.81999683              18
   3.82999682              18
   3.83999681              18
   3.84999681              18
   3.85999680              18
   3.86999679              18
   3.87999678              18
   3.88999677              18
   3.89999676              18
   3.90999675              18
   3.91999674              18
   3.92999673              18
   3.93999672              18
   3.94999671              18
   3.95999670              18
   3.96999669              17
   3.97999668              17
   3.98999667              16
   3.99999666              16
   4.00999689              16
   4.01999712              16
   4.02999735              16
   4.03999758              16
   4.04999781              16
   4.05999804              15
   4.06999826              15
   4.07999849              15
   4.08999872              14
   4.09999895              14
   4.10999918              14
   4.11999941              14
   4.12999964              14
   4.13999987              14
   4.15000010              14
   4.16000032              14
   4.17000055              14
   4.18000078              14
   4.19000101              13
   4.20000124              13
   4.21000147              13
   4.22000170              13
   4.23000193              12
   4.24000216              12
   4.25000238              12
   4.26000261              12
   4.27000284              12
   4.28000307              12
   4.29000330              12
   4.30000353              12
   4.31000376              12
   4.32000399              12
   4.33000422              11
   4.34000444              11
   4.35000467              11
   4.36000490              11
   4.37000513              11
   4.38000536               9
   4.39000559               9
   4.40000582               9
   4.41000605               9
   4.42000628               9
   4.43000650               9
   4.44000673               9
   4.45000696               9
   4.46000719               9
   4.47000742               9
   4.48000765               8
   4.49000788               8
   4.50000811               8
   4.51000834               8
   4.52000856               5
   4.53000879               5
   4.54000902               5
   4.55000925               5
   4.56000948               5
   4.57000971               5
   4.58000994               5
   4.59001017               5
   4.60001040               5
   4.61001062               5
   4.62001085               5
   4.63001108               5
   4.64001131               5
   4.65001154               5
   4.66001177               5
   4.67001200               5
   4.68001223               5
   4.69001245               4
   4.70001268               4
   4.71001291               4
   4.72001314               4
   4.73001337               4
   4.74001360               4
   4.75001383               3
   4.76001406               3
   4.77001429               3
   4.78001451               3
   4.79001474               3
   4.80001497               3
   4.81001520               3
   4.82001543               3
   4.83001566               3
   4.84001589               3
   4.85001612               3
   4.86001635               3
   4.87001657               3
   4.88001680               3
   4.89001703               3
   4.90001726               3
   4.91001749               3
   4.92001772               3
   4.93001795               3
   4.94001818               3
   4.95001841               3
   4.96001863               3
   4.97001886               3
   4.98001909               3
   4.99001932               3
   5.00001955               2
   5.01001978               2
   5.02002001               2
   5.03002024               2
   5.04002047               2
   5.05002069               2
   5.06002092               2
   5.07002115               2
   5.08002138               2
   5.09002161               2
   5.10002184               2
   5.11002207               2
   5.12002230               2
   5.13002253               2
   5.14002275               2
   5.15002298               2
   5.16002321               2
   5.17002344               2
   5.18002367               2
   5.19002390               2
   5.20002413               2
   5.21002436               2
   5.22002459               2
   5.23002481               2
   5.24002504               2
   5.25002527               2
   5.26002550               2
   5.27002573               2
   5.28002596               2
   5.29002619               2
   5.30002642               2
   5.31002665               2
   5.32002687               2
   5.33002710               2
   5.34002733               2
   5.35002756               2
   5.36002779               2
   5.37002802               2
   5.38002825               2
   5.39002848               2
   5.40002871               2
   5.41002893               2
   5.42002916               2
   5.43002939               2
   5.44002962               2
   5.45002985               2
   5.46003008               2
   5.47003031               2
   5.48003054               2
   5.49003077               2
   5.50003099               2
   5.51003122               2
   5.52003145               2
   5.53003168               2
   5.54003191               2
   5.55003214               2
   5.56003237               2
   5.57003260               2
   5.58003283               2
   5.59003305               2
   5.60003328               2
   5.61003351               2
   5.62003374               2
   5.63003397               2
   5.64003420               2
   5.65003443               2
   5.66003466               2
   5.67003489               2
   5.68003511               2
   5.69003534               2
   5.70003557               2
   5.71003580               2
   5.72003603               2
   5.73003626               2
   5.74003649               2
   5.75003672               2
   5.76003695               1
   5.77003717               1
   5.78003740               1
   5.79003763               1
   5.80003786               1
   5.81003809               1
   5.82003832               1
   5.83003855               1
   5.84003878               1
   5.85003901               1
   5.86003923               1
   5.87003946               1
   5.88003969               1
   5.89003992               1
   5.90004015               1
   5.91004038               1
   5.92004061               1
   5.93004084               1
   5.94004107               1
   5.95004129               1
   5.96004152               1
   5.97004175               1
   5.98004198               1
   5.99004221               1
   6.00004244               1
   6.01004267               1
   6.02004290               1
   6.03004313               1
   6.04004335               1
   6.05004358               1
   6.06004381               1
   6.07004404               1
   6.08004427               1
   6.09004450               1
   6.10004473               1
   6.11004496               1
   6.12004519               1
   6.13004541               1
   6.14004564               1
   6.15004587               1
   6.16004610               1
   6.17004633               1
   6.18004656               1
   6.19004679               1
   6.20004702               1
   6.21004725               1
   6.22004747               1
   6.23004770               1
   6.24004793               1
   6.25004816               1
   6.26004839               1
   6.27004862               1
   6.28004885               1
   6.29004908               1
   6.30004930               1
   6.31004953               1
   6.32004976               1
   6.33004999               1
   6.34005022               1
   6.35005045               1
   6.36005068               1
   6.37005091               1
   6.38005114               1
   6.39005136               1
   6.40005159               1
   6.41005182               1
   6.42005205               1
   6.43005228               1
   6.44005251               1
   6.45005274               1
   6.46005297               1
   6.47005320               1
   6.48005342               1
   6.49005365               1
   6.50005388               1
   6.51005411               1
   6.52005434               1
   6.53005457               1
   6.54005480               1
   6.55005503               1
   6.56005526               1
   6.57005548               1
   6.58005571               1
   6.59005594               1
   6.60005617               1
   6.61005640               1
   6.62005663               1
   6.63005686               1
   6.64005709               1
   6.65005732               1
   6.66005754               1
   6.67005777               1
   6.68005800               1
   6.69005823               1
   6.70005846               1
   6.71005869               1
   6.72005892               1
   6.73005915               1
   6.74005938               1
   6.75005960               1
   6.76005983               1
   6.77006006               1
   6.78006029               1
   6.79006052               1
   6.80006075               1
   6.81006098               1
   6.82006121               1
   6.83006144               1
   6.84006166               1
   6.85006189               1
   6.86006212               1
   6.87006235               1
   6.88006258               1
   6.89006281               1
   6.90006304               1
   6.91006327               1
   6.92006350               1
   6.93006372               1
   6.94006395               1
   6.95006418               1
   6.96006441               1
   6.97006464               1
   6.98006487               1
   6.99006510               1
   7.00006533               1
   7.01006556               1
   7.02006578               1
   7.03006601               1
   7.04006624               1
   7.05006647               1
   7.06006670               1
   7.07006693               1
   7.08006716               1
   7.09006739               1
   7.10006762               1
   7.11006784               1
   7.12006807               1
   7.13006830               1
   7.14006853               1
   7.15006876               1
   7.16006899               1
   7.17006922               1
   7.18006945               1
   7.19006968               1
   7.20006990               1
   7.21007013               1
   7.22007036               1
   7.23007059               1
   7.24007082               1
   7.25007105               1
   7.26007128               1
   7.27007151               1
   7.28007174               1
   7.29007196               1
   7.30007219               1
   7.31007242               1
   7.32007265               1
   7.33007288               1
   7.34007311               1
   7.35007334               1
   7.36007357               1
   7.37007380               1
   7.38007402               1
   7.39007425               1
   7.40007448               1
   7.41007471               1
   7.42007494               1
   7.43007517               1
   7.44007540               1
   7.45007563               1
   7.46007586               1
   7.47007608               1
   7.48007631               1
   7.49007654               1
   7.50007677               1
   7.51007700               1
   7.52007723               1
   7.53007746               1
   7.54007769               1
   7.55007792               1
   7.56007814               1
   7.57007837               1
   7.58007860               1
   7.59007883               1
   7.60007906               1
   7.61007929               1
   7.62007952               1
   7.63007975               1
   7.64007998               1
   7.65008020               1
   7.66008043               1
   7.67008066               1
   7.68008089               1
   7.69008112               1
   7.70008135               1
   7.71008158               1
   7.72008181               1
   7.73008204               1
   7.74008226               1
   7.75008249               1
   7.76008272               1
   7.77008295               1
   7.78008318               1
   7.79008341               1
   7.80008364               1
   7.81008387               1
   7.82008410               1
   7.83008432               1
   7.84008455               1
   7.85008478               1
   7.86008501               1
   7.87008524               1
   7.88008547               1
   7.89008570               1
   7.90008593               1
   7.91008615               1
   7.92008638               1
   7.93008661               1
   7.94008684               1
   7.95008707               1
   7.96008730               1
   7.97008753               1
   7.98008776               1
   7.99008799               1
   8.00008774               1
