   0.00000000             991
   9.99999978E-03         982
   1.99999996E-02         974
   2.99999993E-02         967
   3.99999991E-02         953
   4.99999970E-02         941
   5.99999949E-02         926
   6.99999928E-02         914
   7.99999908E-02         907
   8.99999887E-02         894
   9.99999866E-02         884
  0.109999985             870
  0.119999982             867
  0.129999980             854
  0.139999986             848
  0.149999991             838
  0.159999996             820
  0.170000002             812
  0.180000007             803
  0.190000013             795
  0.200000018             784
  0.210000023             773
  0.220000029             769
  0.230000034             756
  0.240000039             753
  0.250000030             745
  0.260000020             736
  0.270000011             728
  0.280000001             720
  0.289999992             718
  0.299999982             713
  0.309999973             708
  0.319999963             705
  0.329999954             697
  0.339999944             694
  0.349999934             688
  0.359999925             686
  0.369999915             681
  0.379999906             670
  0.389999896             664
  0.399999887             660
  0.409999877             650
  0.419999868             646
  0.429999858             643
  0.439999849             636
  0.449999839             632
  0.459999830             627
  0.469999820             618
  0.479999810             612
  0.489999801             603
  0.499999791             600
  0.509999812             596
  0.519999802             592
  0.529999793             584
  0.539999783             582
  0.549999774             579
  0.559999764             570
  0.569999754             561
  0.579999745             555
  0.589999735             551
  0.599999726             545
  0.609999716             539
  0.619999707             532
  0.629999697             530
  0.639999688             525
  0.649999678             516
  0.659999669             509
  0.669999659             502
  0.679999650             499
  0.689999640             494
  0.699999630             491
  0.709999621             487
  0.719999611             484
  0.729999602             481
  0.739999592             472
  0.749999583             466
  0.759999573             464
  0.769999564             458
  0.779999554             453
  0.789999545             446
  0.799999535             442
  0.809999526             438
  0.819999516             437
  0.829999506             435
  0.839999497             430
  0.849999487             429
  0.859999478             425
  0.869999468             424
  0.879999459             416
  0.889999449             413
  0.899999440             411
  0.909999430             408
  0.919999421             402
  0.929999411             399
  0.939999402             395
  0.949999392             394
  0.959999382             389
  0.969999373             386
  0.979999363             385
  0.989999354             380
  0.999999344             374
   1.00999939             370
   1.01999938             366
   1.02999938             358
   1.03999937             357
   1.04999936             351
   1.05999935             349
   1.06999934             347
   1.07999933             340
   1.08999932             333
   1.09999931             330
   1.10999930             328
   1.11999929             322
   1.12999928             320
   1.13999927             314
   1.14999926             312
   1.15999925             305
   1.16999924             303
   1.17999923             300
   1.18999922             296
   1.19999921             291
   1.20999920             290
   1.21999919             288
   1.22999918             285
   1.23999918             279
   1.24999917             275
   1.25999916             273
   1.26999915             272
   1.27999914             271
   1.28999913             265
   1.29999912             263
   1.30999911             260
   1.31999910             259
   1.32999909             258
   1.33999908             258
   1.34999907             255
   1.35999906             252
   1.36999905             250
   1.37999904             249
   1.38999903             244
   1.39999902             242
   1.40999901             237
   1.41999900             234
   1.42999899             229
   1.43999898             227
   1.44999897             224
   1.45999897             222
   1.46999896             221
   1.47999895             220
   1.48999894             217
   1.49999893             215
   1.50999892             214
   1.51999891             212
   1.52999890             208
   1.53999889             207
   1.54999888             205
   1.55999887             201
   1.56999886             201
   1.57999885             198
   1.58999884             197
   1.59999883             197
   1.60999882             194
   1.61999881             194
   1.62999880             193
   1.63999879             190
   1.64999878             184
   1.65999877             184
   1.66999876             183
   1.67999876             182
   1.68999875             178
   1.69999874             176
   1.70999873             176
   1.71999872             175
   1.72999871             175
   1.73999870             171
   1.74999869             170
   1.75999868             165
   1.76999867             164
   1.77999866             163
   1.78999865             161
   1.79999864             160
   1.80999863             159
   1.81999862             156
   1.82999861             155
   1.83999860             150
   1.84999859             148
   1.85999858             148
   1.86999857             147
   1.87999856             145
   1.88999856             144
   1.89999855             143
   1.90999854             141
   1.91999853             138
   1.92999852             138
   1.93999851             137
   1.94999850             133
   1.95999849             131
   1.96999848             130
   1.97999847             129
   1.98999846             127
   1.99999845             126
   2.00999856             125
   2.01999855             125
   2.02999854             124
   2.03999853             123
   2.04999852             122
   2.05999851             120
   2.06999850             120
   2.07999849             120
   2.08999848             118
   2.09999847             116
   2.10999846             114
   2.11999846             113
   2.12999845             111
   2.13999844             110
   2.14999843             106
   2.15999842             105
   2.16999841             104
   2.17999840             103
   2.18999839             103
   2.19999838             100
   2.20999837             100
   2.21999836             100
   2.22999835             100
   2.23999834              99
   2.24999833              99
   2.25999832              98
   2.26999831              96
   2.27999830              94
   2.28999829              93
   2.29999828              93
   2.30999827              93
   2.31999826              91
   2.32999825              89
   2.33999825              89
   2.34999824              87
   2.35999823              87
   2.36999822              87
   2.37999821              87
   2.38999820              87
   2.39999819              87
   2.40999818              87
   2.41999817              85
   2.42999816              82
   2.43999815              82
   2.44999814              81
   2.45999813              80
   2.46999812              78
   2.47999811              76
   2.48999810              76
   2.49999809              76
   2.50999808              76
   2.51999807              74
   2.52999806              72
   2.53999805              72
   2.54999804              70
   2.55999804              70
   2.56999803              70
   2.57999802              70
   2.58999801              70
   2.59999800              70
   2.60999799              69
   2.61999798              69
   2.62999797              68
   2.63999796              66
   2.64999795              65
   2.65999794              64
   2.66999793              63
   2.67999792              63
   2.68999791              63
   2.69999790              63
   2.70999789              62
   2.71999788              62
   2.72999787              61
   2.73999786              61
   2.74999785              61
   2.75999784              61
   2.76999784              60
   2.77999783              59
   2.78999782              57
   2.79999781              56
   2.80999780              56
   2.81999779              55
   2.82999778              54
   2.83999777              53
   2.84999776              53
   2.85999775              53
   2.86999774              51
   2.87999773              51
   2.88999772              51
   2.89999771              51
   2.90999770              51
   2.91999769              51
   2.92999768              51
   2.93999767              49
   2.94999766              48
   2.95999765              48
   2.96999764              48
   2.97999763              48
   2.98999763              47
   2.99999762              47
   3.00999761              44
   3.01999760              44
   3.02999759              43
   3.03999758              43
   3.04999757              43
   3.05999756              43
   3.06999755              43
   3.07999754              43
   3.08999753              41
   3.09999752              41
   3.10999751              41
   3.11999750              41
   3.12999749              41
   3.13999748              41
   3.14999747              39
   3.15999746              39
   3.16999745              38
   3.17999744              38
   3.18999743              37
   3.19999743              37
   3.20999742              37
   3.21999741              37
   3.22999740              37
   3.23999739              36
   3.24999738              35
   3.25999737              35
   3.26999736              35
   3.27999735              35
   3.28999734              35
   3.29999733              35
   3.30999732              35
   3.31999731              35
   3.32999730              34
   3.33999729              34
   3.34999728              34
   3.35999727              34
   3.36999726              34
   3.37999725              33
   3.38999724              33
   3.39999723              33
   3.40999722              33
   3.41999722              33
   3.42999721              33
   3.43999720              33
   3.44999719              33
   3.45999718              33
   3.46999717              33
   3.47999716              33
   3.48999715              33
   3.49999714              33
   3.50999713              33
   3.51999712              33
   3.52999711              33
   3.53999710              33
   3.54999709              33
   3.55999708              33
   3.56999707              32
   3.57999706              32
   3.58999705              31
   3.59999704              31
   3.60999703              31
   3.61999702              31
   3.62999701              30
   3.63999701              30
   3.64999700              30
   3.65999699              30
   3.66999698              30
   3.67999697              29
   3.68999696              29
   3.69999695              28
   3.70999694              27
   3.71999693              26
   3.72999692              26
   3.73999691              26
   3.74999690              26
   3.75999689              25
   3.76999688              25
   3.77999687              25
   3.78999686              25
   3.79999685              25
   3.80999684              25
   3.81999683              25
   3.82999682              23
   3.83999681              23
   3.84999681              23
   3.85999680              23
   3.86999679              23
   3.87999678              22
   3.88999677              21
   3.89999676              21
   3.90999675              21
   3.91999674              21
   3.92999673              20
   3.93999672              19
   3.94999671              19
   3.95999670              18
   3.96999669              18
   3.97999668              17
   3.98999667              17
   3.99999666              17
   4.00999689              17
   4.01999712              17
   4.02999735              17
   4.03999758              17
   4.04999781              17
   4.05999804              17
   4.06999826              17
   4.07999849              17
   4.08999872              17
   4.09999895              17
   4.10999918              16
   4.11999941              16
   4.12999964              16
   4.13999987              16
   4.15000010              16
   4.16000032              16
   4.17000055              15
   4.18000078              15
   4.19000101              14
   4.20000124              13
   4.21000147              12
   4.22000170              12
   4.23000193              12
   4.24000216              11
   4.25000238              11
   4.26000261              11
   4.27000284              11
   4.28000307              10
   4.29000330              10
   4.30000353              10
   4.31000376              10
   4.32000399              10
   4.33000422              10
   4.34000444              10
   4.35000467              10
   4.36000490              10
   4.37000513              10
   4.38000536              10
   4.39000559              10
   4.40000582              10
   4.41000605              10
   4.42000628              10
   4.43000650              10
   4.44000673              10
   4.45000696              10
   4.46000719              10
   4.47000742              10
   4.48000765              10
   4.49000788              10
   4.50000811              10
   4.51000834              10
   4.52000856              10
   4.53000879              10
   4.54000902              10
   4.55000925               9
   4.56000948               9
   4.57000971               9
   4.58000994               9
   4.59001017               9
   4.60001040               9
   4.61001062               9
   4.62001085               9
   4.63001108               9
   4.64001131               9
   4.65001154               9
   4.66001177               9
   4.67001200               9
   4.68001223               9
   4.69001245               9
   4.70001268               9
   4.71001291               8
   4.72001314               8
   4.73001337               8
   4.74001360               8
   4.75001383               8
   4.76001406               8
   4.77001429               8
   4.78001451               8
   4.79001474               8
   4.80001497               8
   4.81001520               8
   4.82001543               8
   4.83001566               8
   4.84001589               8
   4.85001612               8
   4.86001635               8
   4.87001657               8
   4.88001680               8
   4.89001703               8
   4.90001726               8
   4.91001749               8
   4.92001772               8
   4.93001795               8
   4.94001818               8
   4.95001841               8
   4.96001863               8
   4.97001886               8
   4.98001909               8
   4.99001932               8
   5.00001955               8
   5.01001978               8
   5.02002001               8
   5.03002024               8
   5.04002047               8
   5.05002069               8
   5.06002092               7
   5.07002115               7
   5.08002138               6
   5.09002161               6
   5.10002184               6
   5.11002207               6
   5.12002230               6
   5.13002253               6
   5.14002275               6
   5.15002298               6
   5.16002321               5
   5.17002344               5
   5.18002367               5
   5.19002390               5
   5.20002413               5
   5.21002436               5
   5.22002459               4
   5.23002481               4
   5.24002504               4
   5.25002527               4
   5.26002550               4
   5.27002573               3
   5.28002596               3
   5.29002619               3
   5.30002642               3
   5.31002665               3
   5.32002687               3
   5.33002710               3
   5.34002733               3
   5.35002756               3
   5.36002779               3
   5.37002802               3
   5.38002825               3
   5.39002848               3
   5.40002871               3
   5.41002893               3
   5.42002916               3
   5.43002939               3
   5.44002962               3
   5.45002985               3
   5.46003008               3
   5.47003031               3
   5.48003054               3
   5.49003077               3
   5.50003099               3
   5.51003122               3
   5.52003145               3
   5.53003168               3
   5.54003191               3
   5.55003214               3
   5.56003237               3
   5.57003260               3
   5.58003283               3
   5.59003305               3
   5.60003328               3
   5.61003351               3
   5.62003374               3
   5.63003397               3
   5.64003420               3
   5.65003443               3
   5.66003466               3
   5.67003489               3
   5.68003511               3
   5.69003534               3
   5.70003557               3
   5.71003580               3
   5.72003603               3
   5.73003626               3
   5.74003649               3
   5.75003672               3
   5.76003695               3
   5.77003717               3
   5.78003740               3
   5.79003763               3
   5.80003786               3
   5.81003809               3
   5.82003832               3
   5.83003855               3
   5.84003878               3
   5.85003901               3
   5.86003923               3
   5.87003946               3
   5.88003969               3
   5.89003992               3
   5.90004015               3
   5.91004038               3
   5.92004061               3
   5.93004084               3
   5.94004107               3
   5.95004129               3
   5.96004152               3
   5.97004175               3
   5.98004198               3
   5.99004221               2
   6.00004244               2
   6.01004267               2
   6.02004290               2
   6.03004313               2
   6.04004335               2
   6.05004358               2
   6.06004381               2
   6.07004404               2
   6.08004427               2
   6.09004450               2
   6.10004473               2
   6.11004496               2
   6.12004519               2
   6.13004541               2
   6.14004564               2
   6.15004587               2
   6.16004610               2
   6.17004633               2
   6.18004656               2
   6.19004679               2
   6.20004702               2
   6.21004725               1
   6.22004747               1
   6.23004770               1
   6.24004793               1
   6.25004816               1
   6.26004839               1
   6.27004862               1
   6.28004885               1
   6.29004908               1
   6.30004930               1
   6.31004953               1
   6.32004976               1
   6.33004999               1
   6.34005022               1
   6.35005045               1
   6.36005068               1
   6.37005091               1
   6.38005114               1
   6.39005136               1
   6.40005159               1
   6.41005182               1
   6.42005205               1
   6.43005228               1
   6.44005251               1
   6.45005274               1
   6.46005297               1
   6.47005320               1
   6.48005342               1
   6.49005365               1
   6.50005388               1
   6.51005411               1
   6.52005434               1
   6.53005457               1
   6.54005480               1
   6.55005503               1
   6.56005526               1
   6.57005548               1
   6.58005571               1
   6.59005594               1
   6.60005617               1
   6.61005640               1
   6.62005663               1
   6.63005686               1
   6.64005709               1
   6.65005732               1
   6.66005754               1
   6.67005777               1
   6.68005800               1
   6.69005823               1
   6.70005846               1
   6.71005869               1
   6.72005892               1
   6.73005915               1
   6.74005938               1
   6.75005960               1
   6.76005983               1
   6.77006006               1
   6.78006029               1
   6.79006052               1
   6.80006075               1
   6.81006098               1
   6.82006121               1
   6.83006144               1
   6.84006166               1
   6.85006189               1
   6.86006212               1
   6.87006235               1
   6.88006258               1
   6.89006281               1
   6.90006304               1
   6.91006327               1
   6.92006350               1
   6.93006372               1
   6.94006395               1
   6.95006418               1
   6.96006441               1
   6.97006464               1
   6.98006487               1
   6.99006510               1
   7.00006533               1
   7.01006556               1
   7.02006578               1
   7.03006601               1
   7.04006624               1
   7.05006647               1
   7.06006670               1
   7.07006693               1
   7.08006716               1
   7.09006739               1
   7.10006762               1
   7.11006784               1
   7.12006807               1
   7.13006830               1
   7.14006853               1
   7.15006876               1
   7.16006899               1
   7.17006922               1
   7.18006945               1
   7.19006968               1
   7.20006990               1
   7.21007013               1
   7.22007036               1
   7.23007059               1
   7.24007082               1
   7.25007105               0
   7.26007128               0
   7.27007151               0
   7.28007174               0
   7.29007196               0
   7.30007219               0
   7.31007242               0
   7.32007265               0
   7.33007288               0
   7.34007311               0
   7.35007334               0
   7.36007357               0
   7.37007380               0
   7.38007402               0
   7.39007425               0
   7.40007448               0
   7.41007471               0
   7.42007494               0
   7.43007517               0
   7.44007540               0
   7.45007563               0
   7.46007586               0
   7.47007608               0
   7.48007631               0
   7.49007654               0
   7.50007677               0
   7.51007700               0
   7.52007723               0
   7.53007746               0
   7.54007769               0
   7.55007792               0
   7.56007814               0
   7.57007837               0
   7.58007860               0
   7.59007883               0
   7.60007906               0
   7.61007929               0
   7.62007952               0
   7.63007975               0
   7.64007998               0
   7.65008020               0
   7.66008043               0
   7.67008066               0
   7.68008089               0
   7.69008112               0
   7.70008135               0
   7.71008158               0
   7.72008181               0
   7.73008204               0
   7.74008226               0
   7.75008249               0
   7.76008272               0
   7.77008295               0
   7.78008318               0
   7.79008341               0
   7.80008364               0
   7.81008387               0
   7.82008410               0
   7.83008432               0
   7.84008455               0
   7.85008478               0
   7.86008501               0
   7.87008524               0
   7.88008547               0
   7.89008570               0
   7.90008593               0
   7.91008615               0
   7.92008638               0
   7.93008661               0
   7.94008684               0
   7.95008707               0
   7.96008730               0
   7.97008753               0
   7.98008776               0
   7.99008799               0
   8.00008774               0
