   0.00000000             989
   9.99999978E-03         979
   1.99999996E-02         967
   2.99999993E-02         955
   3.99999991E-02         947
   4.99999970E-02         936
   5.99999949E-02         922
   6.99999928E-02         913
   7.99999908E-02         905
   8.99999887E-02         895
   9.99999866E-02         888
  0.109999985             877
  0.119999982             862
  0.129999980             857
  0.139999986             844
  0.149999991             837
  0.159999996             829
  0.170000002             815
  0.180000007             813
  0.190000013             809
  0.200000018             802
  0.210000023             795
  0.220000029             787
  0.230000034             779
  0.240000039             771
  0.250000030             762
  0.260000020             754
  0.270000011             746
  0.280000001             742
  0.289999992             732
  0.299999982             727
  0.309999973             721
  0.319999963             714
  0.329999954             709
  0.339999944             703
  0.349999934             695
  0.359999925             684
  0.369999915             674
  0.379999906             666
  0.389999896             661
  0.399999887             653
  0.409999877             649
  0.419999868             642
  0.429999858             637
  0.439999849             628
  0.449999839             621
  0.459999830             614
  0.469999820             609
  0.479999810             600
  0.489999801             593
  0.499999791             588
  0.509999812             578
  0.519999802             575
  0.529999793             568
  0.539999783             562
  0.549999774             550
  0.559999764             549
  0.569999754             546
  0.579999745             536
  0.589999735             529
  0.599999726             525
  0.609999716             522
  0.619999707             516
  0.629999697             514
  0.639999688             507
  0.649999678             498
  0.659999669             493
  0.669999659             488
  0.679999650             482
  0.689999640             473
  0.699999630             468
  0.709999621             465
  0.719999611             460
  0.729999602             458
  0.739999592             450
  0.749999583             446
  0.759999573             444
  0.769999564             435
  0.779999554             435
  0.789999545             431
  0.799999535             425
  0.809999526             420
  0.819999516             412
  0.829999506             407
  0.839999497             404
  0.849999487             401
  0.859999478             397
  0.869999468             389
  0.879999459             381
  0.889999449             379
  0.899999440             376
  0.909999430             373
  0.919999421             372
  0.929999411             369
  0.939999402             366
  0.949999392             362
  0.959999382             359
  0.969999373             354
  0.979999363             347
  0.989999354             344
  0.999999344             341
   1.00999939             337
   1.01999938             333
   1.02999938             330
   1.03999937             327
   1.04999936             326
   1.05999935             319
   1.06999934             316
   1.07999933             313
   1.08999932             310
   1.09999931             306
   1.10999930             304
   1.11999929             297
   1.12999928             295
   1.13999927             291
   1.14999926             286
   1.15999925             282
   1.16999924             278
   1.17999923             277
   1.18999922             275
   1.19999921             273
   1.20999920             269
   1.21999919             267
   1.22999918             267
   1.23999918             262
   1.24999917             260
   1.25999916             254
   1.26999915             253
   1.27999914             251
   1.28999913             249
   1.29999912             247
   1.30999911             244
   1.31999910             242
   1.32999909             241
   1.33999908             240
   1.34999907             237
   1.35999906             235
   1.36999905             232
   1.37999904             227
   1.38999903             224
   1.39999902             221
   1.40999901             220
   1.41999900             218
   1.42999899             217
   1.43999898             214
   1.44999897             212
   1.45999897             207
   1.46999896             204
   1.47999895             202
   1.48999894             202
   1.49999893             200
   1.50999892             196
   1.51999891             196
   1.52999890             194
   1.53999889             190
   1.54999888             189
   1.55999887             188
   1.56999886             187
   1.57999885             187
   1.58999884             183
   1.59999883             182
   1.60999882             180
   1.61999881             178
   1.62999880             178
   1.63999879             177
   1.64999878             177
   1.65999877             174
   1.66999876             173
   1.67999876             170
   1.68999875             169
   1.69999874             163
   1.70999873             159
   1.71999872             159
   1.72999871             156
   1.73999870             154
   1.74999869             153
   1.75999868             153
   1.76999867             148
   1.77999866             147
   1.78999865             146
   1.79999864             146
   1.80999863             145
   1.81999862             144
   1.82999861             143
   1.83999860             142
   1.84999859             140
   1.85999858             140
   1.86999857             138
   1.87999856             136
   1.88999856             135
   1.89999855             135
   1.90999854             134
   1.91999853             132
   1.92999852             131
   1.93999851             130
   1.94999850             130
   1.95999849             129
   1.96999848             129
   1.97999847             128
   1.98999846             128
   1.99999845             125
   2.00999856             123
   2.01999855             122
   2.02999854             121
   2.03999853             121
   2.04999852             116
   2.05999851             111
   2.06999850             110
   2.07999849             106
   2.08999848             104
   2.09999847             102
   2.10999846             102
   2.11999846             100
   2.12999845              99
   2.13999844              97
   2.14999843              97
   2.15999842              96
   2.16999841              96
   2.17999840              92
   2.18999839              91
   2.19999838              90
   2.20999837              89
   2.21999836              87
   2.22999835              87
   2.23999834              86
   2.24999833              86
   2.25999832              85
   2.26999831              85
   2.27999830              83
   2.28999829              83
   2.29999828              82
   2.30999827              82
   2.31999826              81
   2.32999825              81
   2.33999825              81
   2.34999824              80
   2.35999823              79
   2.36999822              76
   2.37999821              76
   2.38999820              73
   2.39999819              71
   2.40999818              70
   2.41999817              69
   2.42999816              69
   2.43999815              68
   2.44999814              68
   2.45999813              68
   2.46999812              66
   2.47999811              64
   2.48999810              64
   2.49999809              63
   2.50999808              62
   2.51999807              61
   2.52999806              60
   2.53999805              59
   2.54999804              59
   2.55999804              59
   2.56999803              59
   2.57999802              59
   2.58999801              57
   2.59999800              57
   2.60999799              56
   2.61999798              56
   2.62999797              56
   2.63999796              55
   2.64999795              55
   2.65999794              53
   2.66999793              53
   2.67999792              53
   2.68999791              53
   2.69999790              52
   2.70999789              52
   2.71999788              51
   2.72999787              50
   2.73999786              50
   2.74999785              49
   2.75999784              49
   2.76999784              49
   2.77999783              49
   2.78999782              49
   2.79999781              49
   2.80999780              49
   2.81999779              48
   2.82999778              46
   2.83999777              46
   2.84999776              46
   2.85999775              45
   2.86999774              45
   2.87999773              45
   2.88999772              45
   2.89999771              43
   2.90999770              43
   2.91999769              42
   2.92999768              42
   2.93999767              41
   2.94999766              41
   2.95999765              39
   2.96999764              39
   2.97999763              38
   2.98999763              38
   2.99999762              36
   3.00999761              36
   3.01999760              35
   3.02999759              35
   3.03999758              35
   3.04999757              33
   3.05999756              32
   3.06999755              30
   3.07999754              28
   3.08999753              28
   3.09999752              28
   3.10999751              28
   3.11999750              28
   3.12999749              28
   3.13999748              28
   3.14999747              28
   3.15999746              28
   3.16999745              28
   3.17999744              28
   3.18999743              28
   3.19999743              28
   3.20999742              28
   3.21999741              28
   3.22999740              26
   3.23999739              26
   3.24999738              26
   3.25999737              26
   3.26999736              26
   3.27999735              26
   3.28999734              26
   3.29999733              26
   3.30999732              26
   3.31999731              26
   3.32999730              26
   3.33999729              25
   3.34999728              25
   3.35999727              25
   3.36999726              23
   3.37999725              23
   3.38999724              23
   3.39999723              23
   3.40999722              22
   3.41999722              21
   3.42999721              21
   3.43999720              19
   3.44999719              19
   3.45999718              19
   3.46999717              19
   3.47999716              19
   3.48999715              19
   3.49999714              19
   3.50999713              19
   3.51999712              19
   3.52999711              19
   3.53999710              19
   3.54999709              19
   3.55999708              17
   3.56999707              17
   3.57999706              17
   3.58999705              17
   3.59999704              17
   3.60999703              17
   3.61999702              17
   3.62999701              17
   3.63999701              16
   3.64999700              15
   3.65999699              15
   3.66999698              15
   3.67999697              15
   3.68999696              15
   3.69999695              15
   3.70999694              15
   3.71999693              15
   3.72999692              14
   3.73999691              13
   3.74999690              13
   3.75999689              13
   3.76999688              13
   3.77999687              13
   3.78999686              13
   3.79999685              13
   3.80999684              13
   3.81999683              13
   3.82999682              12
   3.83999681              12
   3.84999681              11
   3.85999680              11
   3.86999679              11
   3.87999678              11
   3.88999677              11
   3.89999676              11
   3.90999675              11
   3.91999674              11
   3.92999673              11
   3.93999672              11
   3.94999671              11
   3.95999670              11
   3.96999669              11
   3.97999668              11
   3.98999667              11
   3.99999666              11
   4.00999689              11
   4.01999712              11
   4.02999735              11
   4.03999758              11
   4.04999781              11
   4.05999804              11
   4.06999826              11
   4.07999849              11
   4.08999872              10
   4.09999895              10
   4.10999918              10
   4.11999941              10
   4.12999964              10
   4.13999987              10
   4.15000010              10
   4.16000032              10
   4.17000055              10
   4.18000078              10
   4.19000101              10
   4.20000124              10
   4.21000147              10
   4.22000170               9
   4.23000193               9
   4.24000216               9
   4.25000238               9
   4.26000261               9
   4.27000284               9
   4.28000307               9
   4.29000330               9
   4.30000353               9
   4.31000376               9
   4.32000399               9
   4.33000422               9
   4.34000444               9
   4.35000467               9
   4.36000490               9
   4.37000513               9
   4.38000536               9
   4.39000559               9
   4.40000582               9
   4.41000605               9
   4.42000628               9
   4.43000650               9
   4.44000673               9
   4.45000696               9
   4.46000719               8
   4.47000742               8
   4.48000765               8
   4.49000788               8
   4.50000811               8
   4.51000834               8
   4.52000856               8
   4.53000879               8
   4.54000902               8
   4.55000925               8
   4.56000948               8
   4.57000971               8
   4.58000994               8
   4.59001017               8
   4.60001040               8
   4.61001062               8
   4.62001085               8
   4.63001108               8
   4.64001131               8
   4.65001154               8
   4.66001177               8
   4.67001200               8
   4.68001223               6
   4.69001245               6
   4.70001268               6
   4.71001291               6
   4.72001314               6
   4.73001337               6
   4.74001360               6
   4.75001383               6
   4.76001406               6
   4.77001429               6
   4.78001451               6
   4.79001474               6
   4.80001497               5
   4.81001520               5
   4.82001543               5
   4.83001566               5
   4.84001589               4
   4.85001612               4
   4.86001635               4
   4.87001657               4
   4.88001680               4
   4.89001703               4
   4.90001726               4
   4.91001749               4
   4.92001772               4
   4.93001795               4
   4.94001818               4
   4.95001841               4
   4.96001863               4
   4.97001886               4
   4.98001909               4
   4.99001932               4
   5.00001955               4
   5.01001978               4
   5.02002001               4
   5.03002024               4
   5.04002047               4
   5.05002069               4
   5.06002092               4
   5.07002115               4
   5.08002138               4
   5.09002161               4
   5.10002184               4
   5.11002207               4
   5.12002230               4
   5.13002253               4
   5.14002275               4
   5.15002298               4
   5.16002321               4
   5.17002344               4
   5.18002367               4
   5.19002390               4
   5.20002413               4
   5.21002436               4
   5.22002459               4
   5.23002481               4
   5.24002504               4
   5.25002527               4
   5.26002550               4
   5.27002573               4
   5.28002596               4
   5.29002619               4
   5.30002642               4
   5.31002665               4
   5.32002687               4
   5.33002710               4
   5.34002733               4
   5.35002756               4
   5.36002779               4
   5.37002802               4
   5.38002825               4
   5.39002848               4
   5.40002871               4
   5.41002893               4
   5.42002916               4
   5.43002939               4
   5.44002962               4
   5.45002985               4
   5.46003008               4
   5.47003031               4
   5.48003054               4
   5.49003077               3
   5.50003099               3
   5.51003122               3
   5.52003145               3
   5.53003168               3
   5.54003191               3
   5.55003214               3
   5.56003237               3
   5.57003260               3
   5.58003283               3
   5.59003305               3
   5.60003328               3
   5.61003351               2
   5.62003374               2
   5.63003397               2
   5.64003420               2
   5.65003443               2
   5.66003466               2
   5.67003489               2
   5.68003511               2
   5.69003534               2
   5.70003557               2
   5.71003580               2
   5.72003603               2
   5.73003626               2
   5.74003649               2
   5.75003672               2
   5.76003695               2
   5.77003717               2
   5.78003740               2
   5.79003763               2
   5.80003786               2
   5.81003809               2
   5.82003832               2
   5.83003855               2
   5.84003878               2
   5.85003901               2
   5.86003923               2
   5.87003946               2
   5.88003969               2
   5.89003992               2
   5.90004015               2
   5.91004038               2
   5.92004061               2
   5.93004084               2
   5.94004107               2
   5.95004129               2
   5.96004152               2
   5.97004175               2
   5.98004198               2
   5.99004221               2
   6.00004244               2
   6.01004267               2
   6.02004290               2
   6.03004313               2
   6.04004335               2
   6.05004358               2
   6.06004381               2
   6.07004404               2
   6.08004427               2
   6.09004450               2
   6.10004473               2
   6.11004496               1
   6.12004519               1
   6.13004541               1
   6.14004564               1
   6.15004587               1
   6.16004610               1
   6.17004633               1
   6.18004656               1
   6.19004679               1
   6.20004702               1
   6.21004725               1
   6.22004747               1
   6.23004770               1
   6.24004793               1
   6.25004816               1
   6.26004839               1
   6.27004862               1
   6.28004885               1
   6.29004908               1
   6.30004930               1
   6.31004953               1
   6.32004976               1
   6.33004999               1
   6.34005022               1
   6.35005045               1
   6.36005068               1
   6.37005091               1
   6.38005114               1
   6.39005136               1
   6.40005159               1
   6.41005182               1
   6.42005205               1
   6.43005228               1
   6.44005251               1
   6.45005274               1
   6.46005297               1
   6.47005320               1
   6.48005342               1
   6.49005365               1
   6.50005388               1
   6.51005411               1
   6.52005434               1
   6.53005457               1
   6.54005480               1
   6.55005503               1
   6.56005526               1
   6.57005548               1
   6.58005571               1
   6.59005594               1
   6.60005617               1
   6.61005640               1
   6.62005663               1
   6.63005686               1
   6.64005709               1
   6.65005732               1
   6.66005754               1
   6.67005777               1
   6.68005800               1
   6.69005823               1
   6.70005846               1
   6.71005869               1
   6.72005892               1
   6.73005915               1
   6.74005938               1
   6.75005960               1
   6.76005983               1
   6.77006006               1
   6.78006029               1
   6.79006052               1
   6.80006075               1
   6.81006098               1
   6.82006121               1
   6.83006144               1
   6.84006166               1
   6.85006189               1
   6.86006212               1
   6.87006235               1
   6.88006258               1
   6.89006281               1
   6.90006304               1
   6.91006327               1
   6.92006350               1
   6.93006372               1
   6.94006395               1
   6.95006418               1
   6.96006441               1
   6.97006464               1
   6.98006487               1
   6.99006510               1
   7.00006533               1
   7.01006556               1
   7.02006578               1
   7.03006601               1
   7.04006624               1
   7.05006647               1
   7.06006670               1
   7.07006693               1
   7.08006716               1
   7.09006739               1
   7.10006762               1
   7.11006784               1
   7.12006807               1
   7.13006830               1
   7.14006853               1
   7.15006876               1
   7.16006899               1
   7.17006922               1
   7.18006945               1
   7.19006968               1
   7.20006990               1
   7.21007013               1
   7.22007036               1
   7.23007059               0
   7.24007082               0
   7.25007105               0
   7.26007128               0
   7.27007151               0
   7.28007174               0
   7.29007196               0
   7.30007219               0
   7.31007242               0
   7.32007265               0
   7.33007288               0
   7.34007311               0
   7.35007334               0
   7.36007357               0
   7.37007380               0
   7.38007402               0
   7.39007425               0
   7.40007448               0
   7.41007471               0
   7.42007494               0
   7.43007517               0
   7.44007540               0
   7.45007563               0
   7.46007586               0
   7.47007608               0
   7.48007631               0
   7.49007654               0
   7.50007677               0
   7.51007700               0
   7.52007723               0
   7.53007746               0
   7.54007769               0
   7.55007792               0
   7.56007814               0
   7.57007837               0
   7.58007860               0
   7.59007883               0
   7.60007906               0
   7.61007929               0
   7.62007952               0
   7.63007975               0
   7.64007998               0
   7.65008020               0
   7.66008043               0
   7.67008066               0
   7.68008089               0
   7.69008112               0
   7.70008135               0
   7.71008158               0
   7.72008181               0
   7.73008204               0
   7.74008226               0
   7.75008249               0
   7.76008272               0
   7.77008295               0
   7.78008318               0
   7.79008341               0
   7.80008364               0
   7.81008387               0
   7.82008410               0
   7.83008432               0
   7.84008455               0
   7.85008478               0
   7.86008501               0
   7.87008524               0
   7.88008547               0
   7.89008570               0
   7.90008593               0
   7.91008615               0
   7.92008638               0
   7.93008661               0
   7.94008684               0
   7.95008707               0
   7.96008730               0
   7.97008753               0
   7.98008776               0
   7.99008799               0
   8.00008774               0
