   0.00000000             995
   9.99999978E-03         983
   1.99999996E-02         971
   2.99999993E-02         957
   3.99999991E-02         941
   4.99999970E-02         927
   5.99999949E-02         913
   6.99999928E-02         908
   7.99999908E-02         901
   8.99999887E-02         889
   9.99999866E-02         877
  0.109999985             866
  0.119999982             855
  0.129999980             845
  0.139999986             842
  0.149999991             834
  0.159999996             821
  0.170000002             816
  0.180000007             805
  0.190000013             796
  0.200000018             791
  0.210000023             786
  0.220000029             776
  0.230000034             770
  0.240000039             765
  0.250000030             756
  0.260000020             743
  0.270000011             739
  0.280000001             730
  0.289999992             722
  0.299999982             720
  0.309999973             711
  0.319999963             701
  0.329999954             695
  0.339999944             688
  0.349999934             682
  0.359999925             671
  0.369999915             665
  0.379999906             657
  0.389999896             655
  0.399999887             646
  0.409999877             638
  0.419999868             630
  0.429999858             624
  0.439999849             620
  0.449999839             616
  0.459999830             613
  0.469999820             607
  0.479999810             600
  0.489999801             592
  0.499999791             584
  0.509999812             577
  0.519999802             572
  0.529999793             568
  0.539999783             563
  0.549999774             559
  0.559999764             556
  0.569999754             552
  0.579999745             545
  0.589999735             540
  0.599999726             536
  0.609999716             527
  0.619999707             524
  0.629999697             515
  0.639999688             506
  0.649999678             503
  0.659999669             499
  0.669999659             490
  0.679999650             484
  0.689999640             481
  0.699999630             474
  0.709999621             472
  0.719999611             466
  0.729999602             461
  0.739999592             460
  0.749999583             456
  0.759999573             453
  0.769999564             449
  0.779999554             447
  0.789999545             443
  0.799999535             437
  0.809999526             429
  0.819999516             423
  0.829999506             421
  0.839999497             418
  0.849999487             407
  0.859999478             406
  0.869999468             406
  0.879999459             403
  0.889999449             399
  0.899999440             397
  0.909999430             394
  0.919999421             392
  0.929999411             388
  0.939999402             386
  0.949999392             382
  0.959999382             379
  0.969999373             376
  0.979999363             372
  0.989999354             369
  0.999999344             365
   1.00999939             360
   1.01999938             360
   1.02999938             359
   1.03999937             355
   1.04999936             351
   1.05999935             344
   1.06999934             341
   1.07999933             336
   1.08999932             333
   1.09999931             329
   1.10999930             327
   1.11999929             326
   1.12999928             322
   1.13999927             317
   1.14999926             308
   1.15999925             307
   1.16999924             305
   1.17999923             299
   1.18999922             298
   1.19999921             294
   1.20999920             290
   1.21999919             287
   1.22999918             284
   1.23999918             281
   1.24999917             276
   1.25999916             273
   1.26999915             269
   1.27999914             266
   1.28999913             263
   1.29999912             261
   1.30999911             258
   1.31999910             253
   1.32999909             250
   1.33999908             248
   1.34999907             245
   1.35999906             243
   1.36999905             241
   1.37999904             237
   1.38999903             234
   1.39999902             229
   1.40999901             228
   1.41999900             224
   1.42999899             220
   1.43999898             219
   1.44999897             217
   1.45999897             213
   1.46999896             209
   1.47999895             207
   1.48999894             207
   1.49999893             203
   1.50999892             203
   1.51999891             201
   1.52999890             201
   1.53999889             200
   1.54999888             199
   1.55999887             198
   1.56999886             195
   1.57999885             195
   1.58999884             194
   1.59999883             194
   1.60999882             194
   1.61999881             191
   1.62999880             190
   1.63999879             189
   1.64999878             189
   1.65999877             187
   1.66999876             186
   1.67999876             184
   1.68999875             182
   1.69999874             182
   1.70999873             181
   1.71999872             179
   1.72999871             178
   1.73999870             177
   1.74999869             174
   1.75999868             172
   1.76999867             172
   1.77999866             171
   1.78999865             170
   1.79999864             169
   1.80999863             167
   1.81999862             164
   1.82999861             163
   1.83999860             162
   1.84999859             162
   1.85999858             159
   1.86999857             156
   1.87999856             155
   1.88999856             154
   1.89999855             154
   1.90999854             151
   1.91999853             149
   1.92999852             149
   1.93999851             149
   1.94999850             149
   1.95999849             148
   1.96999848             146
   1.97999847             144
   1.98999846             144
   1.99999845             142
   2.00999856             138
   2.01999855             137
   2.02999854             135
   2.03999853             133
   2.04999852             132
   2.05999851             132
   2.06999850             128
   2.07999849             125
   2.08999848             124
   2.09999847             122
   2.10999846             121
   2.11999846             118
   2.12999845             116
   2.13999844             113
   2.14999843             112
   2.15999842             111
   2.16999841             111
   2.17999840             110
   2.18999839             110
   2.19999838             109
   2.20999837             109
   2.21999836             109
   2.22999835             109
   2.23999834             109
   2.24999833             109
   2.25999832             109
   2.26999831             108
   2.27999830             105
   2.28999829             103
   2.29999828             103
   2.30999827             102
   2.31999826             101
   2.32999825             100
   2.33999825              99
   2.34999824              98
   2.35999823              98
   2.36999822              97
   2.37999821              97
   2.38999820              97
   2.39999819              97
   2.40999818              95
   2.41999817              94
   2.42999816              94
   2.43999815              93
   2.44999814              91
   2.45999813              91
   2.46999812              90
   2.47999811              89
   2.48999810              89
   2.49999809              86
   2.50999808              82
   2.51999807              81
   2.52999806              80
   2.53999805              80
   2.54999804              80
   2.55999804              79
   2.56999803              79
   2.57999802              79
   2.58999801              78
   2.59999800              78
   2.60999799              77
   2.61999798              76
   2.62999797              72
   2.63999796              72
   2.64999795              71
   2.65999794              71
   2.66999793              70
   2.67999792              69
   2.68999791              68
   2.69999790              68
   2.70999789              67
   2.71999788              64
   2.72999787              64
   2.73999786              64
   2.74999785              64
   2.75999784              64
   2.76999784              63
   2.77999783              62
   2.78999782              62
   2.79999781              62
   2.80999780              62
   2.81999779              62
   2.82999778              61
   2.83999777              61
   2.84999776              60
   2.85999775              60
   2.86999774              60
   2.87999773              60
   2.88999772              60
   2.89999771              60
   2.90999770              60
   2.91999769              60
   2.92999768              59
   2.93999767              59
   2.94999766              59
   2.95999765              59
   2.96999764              59
   2.97999763              58
   2.98999763              57
   2.99999762              57
   3.00999761              57
   3.01999760              57
   3.02999759              57
   3.03999758              57
   3.04999757              57
   3.05999756              56
   3.06999755              56
   3.07999754              55
   3.08999753              55
   3.09999752              55
   3.10999751              54
   3.11999750              54
   3.12999749              54
   3.13999748              54
   3.14999747              53
   3.15999746              53
   3.16999745              53
   3.17999744              52
   3.18999743              52
   3.19999743              52
   3.20999742              51
   3.21999741              51
   3.22999740              49
   3.23999739              47
   3.24999738              47
   3.25999737              47
   3.26999736              45
   3.27999735              44
   3.28999734              44
   3.29999733              44
   3.30999732              44
   3.31999731              43
   3.32999730              43
   3.33999729              42
   3.34999728              42
   3.35999727              40
   3.36999726              40
   3.37999725              40
   3.38999724              40
   3.39999723              40
   3.40999722              39
   3.41999722              39
   3.42999721              37
   3.43999720              37
   3.44999719              37
   3.45999718              37
   3.46999717              36
   3.47999716              36
   3.48999715              35
   3.49999714              34
   3.50999713              34
   3.51999712              32
   3.52999711              31
   3.53999710              31
   3.54999709              30
   3.55999708              30
   3.56999707              28
   3.57999706              28
   3.58999705              28
   3.59999704              28
   3.60999703              28
   3.61999702              28
   3.62999701              28
   3.63999701              28
   3.64999700              28
   3.65999699              27
   3.66999698              27
   3.67999697              27
   3.68999696              27
   3.69999695              26
   3.70999694              25
   3.71999693              25
   3.72999692              25
   3.73999691              25
   3.74999690              25
   3.75999689              25
   3.76999688              25
   3.77999687              24
   3.78999686              24
   3.79999685              23
   3.80999684              23
   3.81999683              22
   3.82999682              22
   3.83999681              22
   3.84999681              22
   3.85999680              22
   3.86999679              22
   3.87999678              22
   3.88999677              22
   3.89999676              22
   3.90999675              21
   3.91999674              20
   3.92999673              20
   3.93999672              20
   3.94999671              20
   3.95999670              20
   3.96999669              20
   3.97999668              20
   3.98999667              20
   3.99999666              20
   4.00999689              20
   4.01999712              19
   4.02999735              19
   4.03999758              17
   4.04999781              17
   4.05999804              17
   4.06999826              17
   4.07999849              16
   4.08999872              16
   4.09999895              16
   4.10999918              16
   4.11999941              16
   4.12999964              16
   4.13999987              16
   4.15000010              16
   4.16000032              15
   4.17000055              15
   4.18000078              14
   4.19000101              14
   4.20000124              14
   4.21000147              14
   4.22000170              14
   4.23000193              14
   4.24000216              14
   4.25000238              14
   4.26000261              14
   4.27000284              14
   4.28000307              14
   4.29000330              14
   4.30000353              14
   4.31000376              14
   4.32000399              14
   4.33000422              14
   4.34000444              14
   4.35000467              14
   4.36000490              14
   4.37000513              14
   4.38000536              14
   4.39000559              13
   4.40000582              13
   4.41000605              13
   4.42000628              13
   4.43000650              13
   4.44000673              13
   4.45000696              13
   4.46000719              13
   4.47000742              13
   4.48000765              13
   4.49000788              13
   4.50000811              13
   4.51000834              13
   4.52000856              13
   4.53000879              13
   4.54000902              13
   4.55000925              13
   4.56000948              13
   4.57000971              13
   4.58000994              13
   4.59001017              13
   4.60001040              12
   4.61001062              12
   4.62001085              12
   4.63001108              12
   4.64001131              12
   4.65001154              12
   4.66001177              12
   4.67001200              12
   4.68001223              12
   4.69001245              12
   4.70001268              12
   4.71001291              12
   4.72001314              12
   4.73001337              12
   4.74001360              12
   4.75001383              12
   4.76001406              12
   4.77001429              11
   4.78001451              11
   4.79001474              11
   4.80001497              11
   4.81001520              11
   4.82001543              10
   4.83001566              10
   4.84001589              10
   4.85001612              10
   4.86001635              10
   4.87001657              10
   4.88001680              10
   4.89001703              10
   4.90001726              10
   4.91001749              10
   4.92001772              10
   4.93001795              10
   4.94001818              10
   4.95001841              10
   4.96001863               9
   4.97001886               9
   4.98001909               9
   4.99001932               9
   5.00001955               9
   5.01001978               9
   5.02002001               9
   5.03002024               9
   5.04002047               8
   5.05002069               8
   5.06002092               8
   5.07002115               8
   5.08002138               8
   5.09002161               8
   5.10002184               8
   5.11002207               8
   5.12002230               8
   5.13002253               8
   5.14002275               8
   5.15002298               8
   5.16002321               8
   5.17002344               8
   5.18002367               8
   5.19002390               8
   5.20002413               8
   5.21002436               8
   5.22002459               8
   5.23002481               8
   5.24002504               8
   5.25002527               8
   5.26002550               8
   5.27002573               7
   5.28002596               7
   5.29002619               7
   5.30002642               7
   5.31002665               7
   5.32002687               7
   5.33002710               7
   5.34002733               7
   5.35002756               7
   5.36002779               7
   5.37002802               7
   5.38002825               7
   5.39002848               7
   5.40002871               7
   5.41002893               7
   5.42002916               7
   5.43002939               7
   5.44002962               7
   5.45002985               7
   5.46003008               7
   5.47003031               7
   5.48003054               6
   5.49003077               6
   5.50003099               6
   5.51003122               6
   5.52003145               6
   5.53003168               6
   5.54003191               6
   5.55003214               6
   5.56003237               6
   5.57003260               6
   5.58003283               6
   5.59003305               6
   5.60003328               6
   5.61003351               6
   5.62003374               6
   5.63003397               6
   5.64003420               6
   5.65003443               6
   5.66003466               6
   5.67003489               6
   5.68003511               6
   5.69003534               6
   5.70003557               6
   5.71003580               6
   5.72003603               6
   5.73003626               6
   5.74003649               6
   5.75003672               6
   5.76003695               6
   5.77003717               6
   5.78003740               6
   5.79003763               6
   5.80003786               6
   5.81003809               6
   5.82003832               5
   5.83003855               5
   5.84003878               5
   5.85003901               5
   5.86003923               5
   5.87003946               5
   5.88003969               5
   5.89003992               5
   5.90004015               4
   5.91004038               4
   5.92004061               4
   5.93004084               4
   5.94004107               4
   5.95004129               4
   5.96004152               4
   5.97004175               4
   5.98004198               4
   5.99004221               4
   6.00004244               4
   6.01004267               4
   6.02004290               4
   6.03004313               3
   6.04004335               3
   6.05004358               3
   6.06004381               3
   6.07004404               3
   6.08004427               3
   6.09004450               3
   6.10004473               3
   6.11004496               3
   6.12004519               3
   6.13004541               3
   6.14004564               3
   6.15004587               3
   6.16004610               3
   6.17004633               3
   6.18004656               3
   6.19004679               3
   6.20004702               3
   6.21004725               3
   6.22004747               3
   6.23004770               3
   6.24004793               3
   6.25004816               3
   6.26004839               3
   6.27004862               3
   6.28004885               3
   6.29004908               3
   6.30004930               3
   6.31004953               3
   6.32004976               3
   6.33004999               3
   6.34005022               3
   6.35005045               3
   6.36005068               3
   6.37005091               3
   6.38005114               3
   6.39005136               3
   6.40005159               3
   6.41005182               3
   6.42005205               3
   6.43005228               3
   6.44005251               3
   6.45005274               3
   6.46005297               3
   6.47005320               3
   6.48005342               3
   6.49005365               3
   6.50005388               3
   6.51005411               3
   6.52005434               3
   6.53005457               3
   6.54005480               3
   6.55005503               3
   6.56005526               3
   6.57005548               3
   6.58005571               3
   6.59005594               3
   6.60005617               3
   6.61005640               3
   6.62005663               3
   6.63005686               3
   6.64005709               3
   6.65005732               3
   6.66005754               3
   6.67005777               3
   6.68005800               3
   6.69005823               3
   6.70005846               3
   6.71005869               3
   6.72005892               3
   6.73005915               3
   6.74005938               3
   6.75005960               3
   6.76005983               3
   6.77006006               3
   6.78006029               3
   6.79006052               3
   6.80006075               3
   6.81006098               3
   6.82006121               3
   6.83006144               3
   6.84006166               3
   6.85006189               3
   6.86006212               3
   6.87006235               3
   6.88006258               3
   6.89006281               3
   6.90006304               3
   6.91006327               3
   6.92006350               3
   6.93006372               3
   6.94006395               3
   6.95006418               3
   6.96006441               3
   6.97006464               3
   6.98006487               3
   6.99006510               3
   7.00006533               3
   7.01006556               3
   7.02006578               3
   7.03006601               3
   7.04006624               3
   7.05006647               3
   7.06006670               3
   7.07006693               3
   7.08006716               2
   7.09006739               2
   7.10006762               2
   7.11006784               2
   7.12006807               2
   7.13006830               2
   7.14006853               2
   7.15006876               2
   7.16006899               2
   7.17006922               2
   7.18006945               2
   7.19006968               2
   7.20006990               2
   7.21007013               2
   7.22007036               2
   7.23007059               2
   7.24007082               2
   7.25007105               2
   7.26007128               2
   7.27007151               2
   7.28007174               2
   7.29007196               2
   7.30007219               2
   7.31007242               2
   7.32007265               2
   7.33007288               2
   7.34007311               2
   7.35007334               2
   7.36007357               2
   7.37007380               2
   7.38007402               2
   7.39007425               2
   7.40007448               2
   7.41007471               2
   7.42007494               2
   7.43007517               2
   7.44007540               2
   7.45007563               2
   7.46007586               2
   7.47007608               1
   7.48007631               1
   7.49007654               1
   7.50007677               1
   7.51007700               1
   7.52007723               1
   7.53007746               1
   7.54007769               1
   7.55007792               1
   7.56007814               1
   7.57007837               1
   7.58007860               1
   7.59007883               1
   7.60007906               1
   7.61007929               1
   7.62007952               1
   7.63007975               1
   7.64007998               1
   7.65008020               1
   7.66008043               1
   7.67008066               1
   7.68008089               1
   7.69008112               1
   7.70008135               1
   7.71008158               1
   7.72008181               1
   7.73008204               1
   7.74008226               1
   7.75008249               1
   7.76008272               1
   7.77008295               1
   7.78008318               1
   7.79008341               1
   7.80008364               1
   7.81008387               1
   7.82008410               1
   7.83008432               1
   7.84008455               1
   7.85008478               1
   7.86008501               1
   7.87008524               1
   7.88008547               1
   7.89008570               1
   7.90008593               1
   7.91008615               1
   7.92008638               1
   7.93008661               1
   7.94008684               1
   7.95008707               1
   7.96008730               1
   7.97008753               1
   7.98008776               1
   7.99008799               1
   8.00008774               1
