   0.00000000             990
   9.99999978E-03         977
   1.99999996E-02         971
   2.99999993E-02         962
   3.99999991E-02         951
   4.99999970E-02         939
   5.99999949E-02         932
   6.99999928E-02         920
   7.99999908E-02         914
   8.99999887E-02         910
   9.99999866E-02         899
  0.109999985             888
  0.119999982             879
  0.129999980             869
  0.139999986             856
  0.149999991             847
  0.159999996             834
  0.170000002             826
  0.180000007             817
  0.190000013             808
  0.200000018             797
  0.210000023             788
  0.220000029             785
  0.230000034             773
  0.240000039             765
  0.250000030             756
  0.260000020             746
  0.270000011             740
  0.280000001             734
  0.289999992             731
  0.299999982             726
  0.309999973             723
  0.319999963             718
  0.329999954             708
  0.339999944             696
  0.349999934             689
  0.359999925             682
  0.369999915             680
  0.379999906             675
  0.389999896             668
  0.399999887             663
  0.409999877             656
  0.419999868             647
  0.429999858             639
  0.439999849             635
  0.449999839             631
  0.459999830             626
  0.469999820             621
  0.479999810             619
  0.489999801             612
  0.499999791             607
  0.509999812             605
  0.519999802             599
  0.529999793             595
  0.539999783             579
  0.549999774             577
  0.559999764             573
  0.569999754             570
  0.579999745             562
  0.589999735             559
  0.599999726             554
  0.609999716             544
  0.619999707             537
  0.629999697             531
  0.639999688             525
  0.649999678             518
  0.659999669             511
  0.669999659             507
  0.679999650             497
  0.689999640             492
  0.699999630             487
  0.709999621             482
  0.719999611             477
  0.729999602             474
  0.739999592             472
  0.749999583             468
  0.759999573             463
  0.769999564             460
  0.779999554             457
  0.789999545             454
  0.799999535             451
  0.809999526             449
  0.819999516             444
  0.829999506             438
  0.839999497             431
  0.849999487             429
  0.859999478             424
  0.869999468             421
  0.879999459             418
  0.889999449             415
  0.899999440             407
  0.909999430             401
  0.919999421             397
  0.929999411             391
  0.939999402             389
  0.949999392             387
  0.959999382             382
  0.969999373             379
  0.979999363             372
  0.989999354             371
  0.999999344             368
   1.00999939             361
   1.01999938             354
   1.02999938             351
   1.03999937             349
   1.04999936             345
   1.05999935             341
   1.06999934             335
   1.07999933             330
   1.08999932             327
   1.09999931             324
   1.10999930             320
   1.11999929             315
   1.12999928             313
   1.13999927             309
   1.14999926             307
   1.15999925             303
   1.16999924             300
   1.17999923             300
   1.18999922             295
   1.19999921             290
   1.20999920             285
   1.21999919             285
   1.22999918             282
   1.23999918             278
   1.24999917             275
   1.25999916             272
   1.26999915             271
   1.27999914             268
   1.28999913             263
   1.29999912             262
   1.30999911             258
   1.31999910             254
   1.32999909             246
   1.33999908             246
   1.34999907             244
   1.35999906             242
   1.36999905             240
   1.37999904             238
   1.38999903             235
   1.39999902             232
   1.40999901             232
   1.41999900             231
   1.42999899             228
   1.43999898             228
   1.44999897             225
   1.45999897             220
   1.46999896             219
   1.47999895             218
   1.48999894             217
   1.49999893             216
   1.50999892             214
   1.51999891             211
   1.52999890             207
   1.53999889             207
   1.54999888             205
   1.55999887             202
   1.56999886             200
   1.57999885             196
   1.58999884             194
   1.59999883             192
   1.60999882             190
   1.61999881             190
   1.62999880             187
   1.63999879             185
   1.64999878             182
   1.65999877             180
   1.66999876             177
   1.67999876             175
   1.68999875             173
   1.69999874             172
   1.70999873             172
   1.71999872             170
   1.72999871             170
   1.73999870             169
   1.74999869             167
   1.75999868             165
   1.76999867             163
   1.77999866             162
   1.78999865             159
   1.79999864             158
   1.80999863             154
   1.81999862             152
   1.82999861             150
   1.83999860             148
   1.84999859             148
   1.85999858             148
   1.86999857             147
   1.87999856             144
   1.88999856             144
   1.89999855             144
   1.90999854             143
   1.91999853             139
   1.92999852             137
   1.93999851             135
   1.94999850             133
   1.95999849             132
   1.96999848             130
   1.97999847             130
   1.98999846             129
   1.99999845             127
   2.00999856             127
   2.01999855             126
   2.02999854             124
   2.03999853             122
   2.04999852             122
   2.05999851             120
   2.06999850             120
   2.07999849             117
   2.08999848             117
   2.09999847             117
   2.10999846             115
   2.11999846             115
   2.12999845             113
   2.13999844             113
   2.14999843             112
   2.15999842             110
   2.16999841             108
   2.17999840             108
   2.18999839             107
   2.19999838             106
   2.20999837             106
   2.21999836             104
   2.22999835             104
   2.23999834             104
   2.24999833             104
   2.25999832             104
   2.26999831             104
   2.27999830             104
   2.28999829             103
   2.29999828             101
   2.30999827             100
   2.31999826              99
   2.32999825              99
   2.33999825              99
   2.34999824              96
   2.35999823              96
   2.36999822              96
   2.37999821              96
   2.38999820              95
   2.39999819              94
   2.40999818              94
   2.41999817              92
   2.42999816              90
   2.43999815              90
   2.44999814              87
   2.45999813              86
   2.46999812              85
   2.47999811              84
   2.48999810              83
   2.49999809              83
   2.50999808              82
   2.51999807              80
   2.52999806              79
   2.53999805              79
   2.54999804              78
   2.55999804              76
   2.56999803              75
   2.57999802              74
   2.58999801              72
   2.59999800              72
   2.60999799              72
   2.61999798              72
   2.62999797              72
   2.63999796              72
   2.64999795              72
   2.65999794              72
   2.66999793              71
   2.67999792              71
   2.68999791              70
   2.69999790              69
   2.70999789              68
   2.71999788              68
   2.72999787              68
   2.73999786              65
   2.74999785              64
   2.75999784              64
   2.76999784              63
   2.77999783              62
   2.78999782              61
   2.79999781              61
   2.80999780              60
   2.81999779              60
   2.82999778              59
   2.83999777              59
   2.84999776              58
   2.85999775              58
   2.86999774              58
   2.87999773              58
   2.88999772              57
   2.89999771              56
   2.90999770              56
   2.91999769              56
   2.92999768              55
   2.93999767              54
   2.94999766              52
   2.95999765              51
   2.96999764              51
   2.97999763              51
   2.98999763              50
   2.99999762              49
   3.00999761              49
   3.01999760              48
   3.02999759              48
   3.03999758              46
   3.04999757              45
   3.05999756              44
   3.06999755              43
   3.07999754              43
   3.08999753              43
   3.09999752              43
   3.10999751              42
   3.11999750              42
   3.12999749              42
   3.13999748              42
   3.14999747              40
   3.15999746              39
   3.16999745              38
   3.17999744              38
   3.18999743              38
   3.19999743              37
   3.20999742              35
   3.21999741              35
   3.22999740              34
   3.23999739              34
   3.24999738              34
   3.25999737              34
   3.26999736              34
   3.27999735              34
   3.28999734              34
   3.29999733              33
   3.30999732              32
   3.31999731              32
   3.32999730              32
   3.33999729              31
   3.34999728              31
   3.35999727              31
   3.36999726              30
   3.37999725              30
   3.38999724              27
   3.39999723              27
   3.40999722              27
   3.41999722              27
   3.42999721              27
   3.43999720              27
   3.44999719              27
   3.45999718              27
   3.46999717              25
   3.47999716              25
   3.48999715              25
   3.49999714              25
   3.50999713              25
   3.51999712              25
   3.52999711              25
   3.53999710              25
   3.54999709              25
   3.55999708              25
   3.56999707              25
   3.57999706              25
   3.58999705              25
   3.59999704              25
   3.60999703              25
   3.61999702              25
   3.62999701              24
   3.63999701              24
   3.64999700              23
   3.65999699              23
   3.66999698              23
   3.67999697              23
   3.68999696              23
   3.69999695              23
   3.70999694              22
   3.71999693              22
   3.72999692              22
   3.73999691              22
   3.74999690              22
   3.75999689              21
   3.76999688              21
   3.77999687              21
   3.78999686              21
   3.79999685              21
   3.80999684              21
   3.81999683              21
   3.82999682              21
   3.83999681              21
   3.84999681              21
   3.85999680              21
   3.86999679              20
   3.87999678              20
   3.88999677              20
   3.89999676              19
   3.90999675              19
   3.91999674              19
   3.92999673              18
   3.93999672              18
   3.94999671              17
   3.95999670              17
   3.96999669              17
   3.97999668              17
   3.98999667              17
   3.99999666              17
   4.00999689              17
   4.01999712              17
   4.02999735              17
   4.03999758              17
   4.04999781              16
   4.05999804              16
   4.06999826              16
   4.07999849              16
   4.08999872              16
   4.09999895              16
   4.10999918              14
   4.11999941              14
   4.12999964              14
   4.13999987              14
   4.15000010              14
   4.16000032              14
   4.17000055              14
   4.18000078              14
   4.19000101              14
   4.20000124              13
   4.21000147              13
   4.22000170              13
   4.23000193              13
   4.24000216              13
   4.25000238              13
   4.26000261              13
   4.27000284              13
   4.28000307              12
   4.29000330              12
   4.30000353              12
   4.31000376              12
   4.32000399              12
   4.33000422              12
   4.34000444              12
   4.35000467              11
   4.36000490              11
   4.37000513              11
   4.38000536              10
   4.39000559              10
   4.40000582              10
   4.41000605              10
   4.42000628              10
   4.43000650              10
   4.44000673              10
   4.45000696              10
   4.46000719               9
   4.47000742               9
   4.48000765               9
   4.49000788               9
   4.50000811               9
   4.51000834               9
   4.52000856               9
   4.53000879               9
   4.54000902               9
   4.55000925               9
   4.56000948               9
   4.57000971               9
   4.58000994               9
   4.59001017               9
   4.60001040               9
   4.61001062               9
   4.62001085               9
   4.63001108               9
   4.64001131               9
   4.65001154               9
   4.66001177               9
   4.67001200               9
   4.68001223               9
   4.69001245               9
   4.70001268               9
   4.71001291               9
   4.72001314               9
   4.73001337               9
   4.74001360               9
   4.75001383               9
   4.76001406               9
   4.77001429               9
   4.78001451               9
   4.79001474               9
   4.80001497               9
   4.81001520               9
   4.82001543               9
   4.83001566               9
   4.84001589               9
   4.85001612               9
   4.86001635               9
   4.87001657               9
   4.88001680               9
   4.89001703               9
   4.90001726               9
   4.91001749               9
   4.92001772               9
   4.93001795               9
   4.94001818               9
   4.95001841               9
   4.96001863               9
   4.97001886               9
   4.98001909               9
   4.99001932               9
   5.00001955               9
   5.01001978               9
   5.02002001               9
   5.03002024               8
   5.04002047               8
   5.05002069               8
   5.06002092               8
   5.07002115               8
   5.08002138               8
   5.09002161               8
   5.10002184               8
   5.11002207               8
   5.12002230               8
   5.13002253               8
   5.14002275               8
   5.15002298               8
   5.16002321               8
   5.17002344               8
   5.18002367               8
   5.19002390               8
   5.20002413               8
   5.21002436               8
   5.22002459               8
   5.23002481               8
   5.24002504               7
   5.25002527               7
   5.26002550               7
   5.27002573               7
   5.28002596               7
   5.29002619               7
   5.30002642               7
   5.31002665               7
   5.32002687               7
   5.33002710               7
   5.34002733               7
   5.35002756               7
   5.36002779               7
   5.37002802               7
   5.38002825               7
   5.39002848               6
   5.40002871               6
   5.41002893               6
   5.42002916               6
   5.43002939               6
   5.44002962               6
   5.45002985               6
   5.46003008               6
   5.47003031               6
   5.48003054               6
   5.49003077               6
   5.50003099               6
   5.51003122               6
   5.52003145               6
   5.53003168               6
   5.54003191               6
   5.55003214               6
   5.56003237               6
   5.57003260               6
   5.58003283               5
   5.59003305               5
   5.60003328               5
   5.61003351               5
   5.62003374               5
   5.63003397               5
   5.64003420               5
   5.65003443               5
   5.66003466               5
   5.67003489               5
   5.68003511               5
   5.69003534               5
   5.70003557               5
   5.71003580               5
   5.72003603               5
   5.73003626               5
   5.74003649               5
   5.75003672               5
   5.76003695               5
   5.77003717               5
   5.78003740               5
   5.79003763               5
   5.80003786               5
   5.81003809               5
   5.82003832               5
   5.83003855               5
   5.84003878               5
   5.85003901               5
   5.86003923               5
   5.87003946               5
   5.88003969               5
   5.89003992               5
   5.90004015               5
   5.91004038               5
   5.92004061               5
   5.93004084               5
   5.94004107               5
   5.95004129               5
   5.96004152               5
   5.97004175               5
   5.98004198               5
   5.99004221               5
   6.00004244               5
   6.01004267               5
   6.02004290               5
   6.03004313               5
   6.04004335               5
   6.05004358               5
   6.06004381               5
   6.07004404               5
   6.08004427               5
   6.09004450               5
   6.10004473               5
   6.11004496               5
   6.12004519               5
   6.13004541               5
   6.14004564               5
   6.15004587               5
   6.16004610               4
   6.17004633               4
   6.18004656               4
   6.19004679               4
   6.20004702               4
   6.21004725               3
   6.22004747               3
   6.23004770               3
   6.24004793               3
   6.25004816               3
   6.26004839               3
   6.27004862               3
   6.28004885               3
   6.29004908               3
   6.30004930               3
   6.31004953               3
   6.32004976               3
   6.33004999               3
   6.34005022               3
   6.35005045               3
   6.36005068               3
   6.37005091               3
   6.38005114               3
   6.39005136               3
   6.40005159               3
   6.41005182               3
   6.42005205               3
   6.43005228               3
   6.44005251               3
   6.45005274               3
   6.46005297               3
   6.47005320               3
   6.48005342               3
   6.49005365               3
   6.50005388               3
   6.51005411               3
   6.52005434               3
   6.53005457               3
   6.54005480               3
   6.55005503               3
   6.56005526               3
   6.57005548               3
   6.58005571               3
   6.59005594               3
   6.60005617               3
   6.61005640               3
   6.62005663               3
   6.63005686               3
   6.64005709               3
   6.65005732               3
   6.66005754               3
   6.67005777               3
   6.68005800               3
   6.69005823               3
   6.70005846               3
   6.71005869               3
   6.72005892               3
   6.73005915               3
   6.74005938               3
   6.75005960               3
   6.76005983               3
   6.77006006               3
   6.78006029               3
   6.79006052               3
   6.80006075               3
   6.81006098               3
   6.82006121               3
   6.83006144               3
   6.84006166               3
   6.85006189               3
   6.86006212               3
   6.87006235               3
   6.88006258               3
   6.89006281               3
   6.90006304               3
   6.91006327               3
   6.92006350               3
   6.93006372               3
   6.94006395               3
   6.95006418               3
   6.96006441               3
   6.97006464               3
   6.98006487               3
   6.99006510               3
   7.00006533               3
   7.01006556               3
   7.02006578               3
   7.03006601               3
   7.04006624               3
   7.05006647               3
   7.06006670               3
   7.07006693               3
   7.08006716               3
   7.09006739               3
   7.10006762               3
   7.11006784               3
   7.12006807               3
   7.13006830               3
   7.14006853               3
   7.15006876               3
   7.16006899               3
   7.17006922               3
   7.18006945               2
   7.19006968               2
   7.20006990               2
   7.21007013               2
   7.22007036               2
   7.23007059               2
   7.24007082               2
   7.25007105               2
   7.26007128               2
   7.27007151               2
   7.28007174               2
   7.29007196               2
   7.30007219               2
   7.31007242               2
   7.32007265               2
   7.33007288               2
   7.34007311               2
   7.35007334               2
   7.36007357               2
   7.37007380               2
   7.38007402               2
   7.39007425               2
   7.40007448               2
   7.41007471               2
   7.42007494               2
   7.43007517               2
   7.44007540               2
   7.45007563               2
   7.46007586               2
   7.47007608               2
   7.48007631               2
   7.49007654               2
   7.50007677               2
   7.51007700               2
   7.52007723               2
   7.53007746               2
   7.54007769               2
   7.55007792               2
   7.56007814               2
   7.57007837               2
   7.58007860               2
   7.59007883               2
   7.60007906               2
   7.61007929               2
   7.62007952               2
   7.63007975               2
   7.64007998               2
   7.65008020               2
   7.66008043               2
   7.67008066               2
   7.68008089               2
   7.69008112               2
   7.70008135               2
   7.71008158               2
   7.72008181               2
   7.73008204               2
   7.74008226               2
   7.75008249               1
   7.76008272               1
   7.77008295               1
   7.78008318               0
   7.79008341               0
   7.80008364               0
   7.81008387               0
   7.82008410               0
   7.83008432               0
   7.84008455               0
   7.85008478               0
   7.86008501               0
   7.87008524               0
   7.88008547               0
   7.89008570               0
   7.90008593               0
   7.91008615               0
   7.92008638               0
   7.93008661               0
   7.94008684               0
   7.95008707               0
   7.96008730               0
   7.97008753               0
   7.98008776               0
   7.99008799               0
   8.00008774               0
