   0.00000000             993
   9.99999978E-03         986
   1.99999996E-02         976
   2.99999993E-02         960
   3.99999991E-02         953
   4.99999970E-02         946
   5.99999949E-02         934
   6.99999928E-02         925
   7.99999908E-02         918
   8.99999887E-02         911
   9.99999866E-02         903
  0.109999985             892
  0.119999982             885
  0.129999980             877
  0.139999986             863
  0.149999991             853
  0.159999996             847
  0.170000002             842
  0.180000007             833
  0.190000013             827
  0.200000018             814
  0.210000023             808
  0.220000029             801
  0.230000034             791
  0.240000039             783
  0.250000030             773
  0.260000020             768
  0.270000011             756
  0.280000001             746
  0.289999992             736
  0.299999982             726
  0.309999973             719
  0.319999963             710
  0.329999954             704
  0.339999944             694
  0.349999934             687
  0.359999925             682
  0.369999915             677
  0.379999906             672
  0.389999896             668
  0.399999887             659
  0.409999877             653
  0.419999868             649
  0.429999858             642
  0.439999849             633
  0.449999839             627
  0.459999830             626
  0.469999820             621
  0.479999810             611
  0.489999801             607
  0.499999791             599
  0.509999812             592
  0.519999802             589
  0.529999793             583
  0.539999783             579
  0.549999774             573
  0.559999764             568
  0.569999754             557
  0.579999745             553
  0.589999735             546
  0.599999726             540
  0.609999716             537
  0.619999707             532
  0.629999697             527
  0.639999688             522
  0.649999678             518
  0.659999669             514
  0.669999659             506
  0.679999650             500
  0.689999640             498
  0.699999630             494
  0.709999621             488
  0.719999611             480
  0.729999602             475
  0.739999592             472
  0.749999583             471
  0.759999573             469
  0.769999564             466
  0.779999554             465
  0.789999545             463
  0.799999535             457
  0.809999526             456
  0.819999516             449
  0.829999506             446
  0.839999497             443
  0.849999487             437
  0.859999478             433
  0.869999468             428
  0.879999459             423
  0.889999449             420
  0.899999440             418
  0.909999430             413
  0.919999421             409
  0.929999411             402
  0.939999402             400
  0.949999392             393
  0.959999382             389
  0.969999373             385
  0.979999363             381
  0.989999354             376
  0.999999344             375
   1.00999939             371
   1.01999938             366
   1.02999938             362
   1.03999937             359
   1.04999936             355
   1.05999935             353
   1.06999934             349
   1.07999933             345
   1.08999932             343
   1.09999931             342
   1.10999930             339
   1.11999929             333
   1.12999928             331
   1.13999927             329
   1.14999926             327
   1.15999925             325
   1.16999924             322
   1.17999923             319
   1.18999922             315
   1.19999921             309
   1.20999920             304
   1.21999919             303
   1.22999918             300
   1.23999918             298
   1.24999917             294
   1.25999916             292
   1.26999915             282
   1.27999914             278
   1.28999913             274
   1.29999912             266
   1.30999911             264
   1.31999910             262
   1.32999909             256
   1.33999908             253
   1.34999907             250
   1.35999906             247
   1.36999905             246
   1.37999904             245
   1.38999903             245
   1.39999902             245
   1.40999901             241
   1.41999900             238
   1.42999899             235
   1.43999898             234
   1.44999897             231
   1.45999897             230
   1.46999896             228
   1.47999895             224
   1.48999894             223
   1.49999893             221
   1.50999892             221
   1.51999891             218
   1.52999890             218
   1.53999889             217
   1.54999888             216
   1.55999887             214
   1.56999886             213
   1.57999885             210
   1.58999884             207
   1.59999883             207
   1.60999882             207
   1.61999881             206
   1.62999880             204
   1.63999879             201
   1.64999878             199
   1.65999877             198
   1.66999876             196
   1.67999876             192
   1.68999875             190
   1.69999874             186
   1.70999873             185
   1.71999872             182
   1.72999871             180
   1.73999870             177
   1.74999869             177
   1.75999868             176
   1.76999867             173
   1.77999866             171
   1.78999865             170
   1.79999864             169
   1.80999863             168
   1.81999862             167
   1.82999861             166
   1.83999860             164
   1.84999859             160
   1.85999858             157
   1.86999857             155
   1.87999856             153
   1.88999856             153
   1.89999855             150
   1.90999854             149
   1.91999853             146
   1.92999852             143
   1.93999851             141
   1.94999850             141
   1.95999849             139
   1.96999848             138
   1.97999847             134
   1.98999846             132
   1.99999845             130
   2.00999856             130
   2.01999855             128
   2.02999854             127
   2.03999853             126
   2.04999852             126
   2.05999851             122
   2.06999850             120
   2.07999849             120
   2.08999848             117
   2.09999847             114
   2.10999846             112
   2.11999846             109
   2.12999845             104
   2.13999844             102
   2.14999843             101
   2.15999842             101
   2.16999841              99
   2.17999840              99
   2.18999839              98
   2.19999838              98
   2.20999837              97
   2.21999836              97
   2.22999835              96
   2.23999834              96
   2.24999833              95
   2.25999832              94
   2.26999831              94
   2.27999830              94
   2.28999829              93
   2.29999828              90
   2.30999827              89
   2.31999826              88
   2.32999825              88
   2.33999825              88
   2.34999824              86
   2.35999823              85
   2.36999822              85
   2.37999821              83
   2.38999820              82
   2.39999819              82
   2.40999818              81
   2.41999817              80
   2.42999816              79
   2.43999815              79
   2.44999814              79
   2.45999813              77
   2.46999812              76
   2.47999811              76
   2.48999810              74
   2.49999809              74
   2.50999808              74
   2.51999807              73
   2.52999806              73
   2.53999805              73
   2.54999804              71
   2.55999804              71
   2.56999803              67
   2.57999802              65
   2.58999801              65
   2.59999800              65
   2.60999799              64
   2.61999798              62
   2.62999797              62
   2.63999796              61
   2.64999795              61
   2.65999794              61
   2.66999793              61
   2.67999792              60
   2.68999791              60
   2.69999790              60
   2.70999789              60
   2.71999788              59
   2.72999787              58
   2.73999786              57
   2.74999785              57
   2.75999784              55
   2.76999784              55
   2.77999783              53
   2.78999782              51
   2.79999781              51
   2.80999780              50
   2.81999779              49
   2.82999778              49
   2.83999777              48
   2.84999776              47
   2.85999775              47
   2.86999774              47
   2.87999773              46
   2.88999772              46
   2.89999771              46
   2.90999770              46
   2.91999769              46
   2.92999768              45
   2.93999767              45
   2.94999766              44
   2.95999765              43
   2.96999764              42
   2.97999763              41
   2.98999763              38
   2.99999762              36
   3.00999761              36
   3.01999760              35
   3.02999759              35
   3.03999758              34
   3.04999757              33
   3.05999756              33
   3.06999755              33
   3.07999754              32
   3.08999753              32
   3.09999752              32
   3.10999751              32
   3.11999750              32
   3.12999749              31
   3.13999748              31
   3.14999747              31
   3.15999746              31
   3.16999745              31
   3.17999744              29
   3.18999743              29
   3.19999743              28
   3.20999742              28
   3.21999741              27
   3.22999740              27
   3.23999739              27
   3.24999738              27
   3.25999737              27
   3.26999736              26
   3.27999735              26
   3.28999734              25
   3.29999733              24
   3.30999732              24
   3.31999731              24
   3.32999730              23
   3.33999729              22
   3.34999728              22
   3.35999727              22
   3.36999726              22
   3.37999725              22
   3.38999724              22
   3.39999723              22
   3.40999722              21
   3.41999722              21
   3.42999721              20
   3.43999720              20
   3.44999719              19
   3.45999718              16
   3.46999717              16
   3.47999716              15
   3.48999715              15
   3.49999714              15
   3.50999713              15
   3.51999712              15
   3.52999711              15
   3.53999710              15
   3.54999709              15
   3.55999708              15
   3.56999707              15
   3.57999706              15
   3.58999705              15
   3.59999704              15
   3.60999703              15
   3.61999702              15
   3.62999701              15
   3.63999701              15
   3.64999700              15
   3.65999699              15
   3.66999698              15
   3.67999697              15
   3.68999696              15
   3.69999695              15
   3.70999694              15
   3.71999693              15
   3.72999692              14
   3.73999691              14
   3.74999690              14
   3.75999689              14
   3.76999688              14
   3.77999687              14
   3.78999686              14
   3.79999685              14
   3.80999684              13
   3.81999683              12
   3.82999682              12
   3.83999681              12
   3.84999681              12
   3.85999680              12
   3.86999679              12
   3.87999678              12
   3.88999677              12
   3.89999676              12
   3.90999675              12
   3.91999674              11
   3.92999673              11
   3.93999672              11
   3.94999671              11
   3.95999670              11
   3.96999669              11
   3.97999668              11
   3.98999667              11
   3.99999666              11
   4.00999689              11
   4.01999712               9
   4.02999735               9
   4.03999758               9
   4.04999781               9
   4.05999804               9
   4.06999826               9
   4.07999849               9
   4.08999872               9
   4.09999895               9
   4.10999918               9
   4.11999941               9
   4.12999964               9
   4.13999987               9
   4.15000010               9
   4.16000032               9
   4.17000055               9
   4.18000078               8
   4.19000101               8
   4.20000124               7
   4.21000147               7
   4.22000170               7
   4.23000193               7
   4.24000216               7
   4.25000238               7
   4.26000261               7
   4.27000284               7
   4.28000307               7
   4.29000330               7
   4.30000353               7
   4.31000376               7
   4.32000399               7
   4.33000422               7
   4.34000444               6
   4.35000467               6
   4.36000490               6
   4.37000513               6
   4.38000536               6
   4.39000559               6
   4.40000582               6
   4.41000605               6
   4.42000628               6
   4.43000650               6
   4.44000673               6
   4.45000696               6
   4.46000719               6
   4.47000742               5
   4.48000765               5
   4.49000788               5
   4.50000811               5
   4.51000834               5
   4.52000856               5
   4.53000879               5
   4.54000902               5
   4.55000925               5
   4.56000948               5
   4.57000971               5
   4.58000994               5
   4.59001017               5
   4.60001040               5
   4.61001062               5
   4.62001085               5
   4.63001108               5
   4.64001131               5
   4.65001154               5
   4.66001177               5
   4.67001200               5
   4.68001223               5
   4.69001245               5
   4.70001268               5
   4.71001291               5
   4.72001314               5
   4.73001337               5
   4.74001360               5
   4.75001383               5
   4.76001406               5
   4.77001429               5
   4.78001451               5
   4.79001474               5
   4.80001497               5
   4.81001520               5
   4.82001543               5
   4.83001566               5
   4.84001589               5
   4.85001612               5
   4.86001635               5
   4.87001657               5
   4.88001680               5
   4.89001703               5
   4.90001726               5
   4.91001749               5
   4.92001772               5
   4.93001795               5
   4.94001818               5
   4.95001841               5
   4.96001863               5
   4.97001886               5
   4.98001909               5
   4.99001932               5
   5.00001955               5
   5.01001978               5
   5.02002001               4
   5.03002024               3
   5.04002047               2
   5.05002069               2
   5.06002092               2
   5.07002115               2
   5.08002138               2
   5.09002161               2
   5.10002184               2
   5.11002207               2
   5.12002230               2
   5.13002253               2
   5.14002275               2
   5.15002298               2
   5.16002321               2
   5.17002344               2
   5.18002367               2
   5.19002390               2
   5.20002413               2
   5.21002436               2
   5.22002459               2
   5.23002481               2
   5.24002504               2
   5.25002527               2
   5.26002550               2
   5.27002573               2
   5.28002596               2
   5.29002619               2
   5.30002642               2
   5.31002665               2
   5.32002687               2
   5.33002710               2
   5.34002733               2
   5.35002756               2
   5.36002779               2
   5.37002802               2
   5.38002825               2
   5.39002848               2
   5.40002871               2
   5.41002893               1
   5.42002916               1
   5.43002939               1
   5.44002962               1
   5.45002985               1
   5.46003008               1
   5.47003031               1
   5.48003054               1
   5.49003077               1
   5.50003099               1
   5.51003122               1
   5.52003145               1
   5.53003168               1
   5.54003191               1
   5.55003214               1
   5.56003237               1
   5.57003260               1
   5.58003283               1
   5.59003305               1
   5.60003328               1
   5.61003351               1
   5.62003374               1
   5.63003397               1
   5.64003420               1
   5.65003443               1
   5.66003466               1
   5.67003489               1
   5.68003511               1
   5.69003534               1
   5.70003557               1
   5.71003580               1
   5.72003603               1
   5.73003626               1
   5.74003649               1
   5.75003672               1
   5.76003695               1
   5.77003717               1
   5.78003740               1
   5.79003763               1
   5.80003786               1
   5.81003809               1
   5.82003832               1
   5.83003855               1
   5.84003878               1
   5.85003901               1
   5.86003923               1
   5.87003946               1
   5.88003969               1
   5.89003992               1
   5.90004015               1
   5.91004038               1
   5.92004061               1
   5.93004084               1
   5.94004107               1
   5.95004129               1
   5.96004152               1
   5.97004175               1
   5.98004198               1
   5.99004221               1
   6.00004244               1
   6.01004267               1
   6.02004290               1
   6.03004313               1
   6.04004335               1
   6.05004358               1
   6.06004381               1
   6.07004404               1
   6.08004427               1
   6.09004450               1
   6.10004473               1
   6.11004496               1
   6.12004519               1
   6.13004541               1
   6.14004564               1
   6.15004587               1
   6.16004610               1
   6.17004633               1
   6.18004656               1
   6.19004679               1
   6.20004702               1
   6.21004725               1
   6.22004747               1
   6.23004770               1
   6.24004793               1
   6.25004816               1
   6.26004839               1
   6.27004862               1
   6.28004885               1
   6.29004908               1
   6.30004930               1
   6.31004953               1
   6.32004976               1
   6.33004999               1
   6.34005022               1
   6.35005045               1
   6.36005068               1
   6.37005091               1
   6.38005114               1
   6.39005136               1
   6.40005159               1
   6.41005182               1
   6.42005205               1
   6.43005228               1
   6.44005251               1
   6.45005274               1
   6.46005297               1
   6.47005320               1
   6.48005342               1
   6.49005365               1
   6.50005388               1
   6.51005411               1
   6.52005434               1
   6.53005457               1
   6.54005480               1
   6.55005503               1
   6.56005526               1
   6.57005548               1
   6.58005571               1
   6.59005594               1
   6.60005617               1
   6.61005640               1
   6.62005663               1
   6.63005686               1
   6.64005709               1
   6.65005732               1
   6.66005754               1
   6.67005777               1
   6.68005800               1
   6.69005823               1
   6.70005846               1
   6.71005869               1
   6.72005892               1
   6.73005915               1
   6.74005938               1
   6.75005960               1
   6.76005983               1
   6.77006006               1
   6.78006029               1
   6.79006052               1
   6.80006075               1
   6.81006098               1
   6.82006121               1
   6.83006144               1
   6.84006166               1
   6.85006189               1
   6.86006212               1
   6.87006235               1
   6.88006258               1
   6.89006281               1
   6.90006304               1
   6.91006327               1
   6.92006350               1
   6.93006372               1
   6.94006395               1
   6.95006418               1
   6.96006441               1
   6.97006464               1
   6.98006487               1
   6.99006510               1
   7.00006533               1
   7.01006556               1
   7.02006578               1
   7.03006601               1
   7.04006624               1
   7.05006647               1
   7.06006670               1
   7.07006693               1
   7.08006716               1
   7.09006739               1
   7.10006762               1
   7.11006784               1
   7.12006807               1
   7.13006830               1
   7.14006853               1
   7.15006876               1
   7.16006899               1
   7.17006922               1
   7.18006945               1
   7.19006968               1
   7.20006990               1
   7.21007013               1
   7.22007036               0
   7.23007059               0
   7.24007082               0
   7.25007105               0
   7.26007128               0
   7.27007151               0
   7.28007174               0
   7.29007196               0
   7.30007219               0
   7.31007242               0
   7.32007265               0
   7.33007288               0
   7.34007311               0
   7.35007334               0
   7.36007357               0
   7.37007380               0
   7.38007402               0
   7.39007425               0
   7.40007448               0
   7.41007471               0
   7.42007494               0
   7.43007517               0
   7.44007540               0
   7.45007563               0
   7.46007586               0
   7.47007608               0
   7.48007631               0
   7.49007654               0
   7.50007677               0
   7.51007700               0
   7.52007723               0
   7.53007746               0
   7.54007769               0
   7.55007792               0
   7.56007814               0
   7.57007837               0
   7.58007860               0
   7.59007883               0
   7.60007906               0
   7.61007929               0
   7.62007952               0
   7.63007975               0
   7.64007998               0
   7.65008020               0
   7.66008043               0
   7.67008066               0
   7.68008089               0
   7.69008112               0
   7.70008135               0
   7.71008158               0
   7.72008181               0
   7.73008204               0
   7.74008226               0
   7.75008249               0
   7.76008272               0
   7.77008295               0
   7.78008318               0
   7.79008341               0
   7.80008364               0
   7.81008387               0
   7.82008410               0
   7.83008432               0
   7.84008455               0
   7.85008478               0
   7.86008501               0
   7.87008524               0
   7.88008547               0
   7.89008570               0
   7.90008593               0
   7.91008615               0
   7.92008638               0
   7.93008661               0
   7.94008684               0
   7.95008707               0
   7.96008730               0
   7.97008753               0
   7.98008776               0
   7.99008799               0
   8.00008774               0
