   0.00000000             987
   9.99999978E-03         980
   1.99999996E-02         964
   2.99999993E-02         956
   3.99999991E-02         948
   4.99999970E-02         936
   5.99999949E-02         925
   6.99999928E-02         913
   7.99999908E-02         896
   8.99999887E-02         887
   9.99999866E-02         879
  0.109999985             869
  0.119999982             862
  0.129999980             849
  0.139999986             843
  0.149999991             839
  0.159999996             831
  0.170000002             825
  0.180000007             817
  0.190000013             806
  0.200000018             801
  0.210000023             792
  0.220000029             783
  0.230000034             779
  0.240000039             767
  0.250000030             763
  0.260000020             757
  0.270000011             750
  0.280000001             746
  0.289999992             738
  0.299999982             730
  0.309999973             723
  0.319999963             711
  0.329999954             701
  0.339999944             696
  0.349999934             690
  0.359999925             682
  0.369999915             670
  0.379999906             667
  0.389999896             661
  0.399999887             659
  0.409999877             656
  0.419999868             648
  0.429999858             642
  0.439999849             635
  0.449999839             629
  0.459999830             627
  0.469999820             621
  0.479999810             613
  0.489999801             607
  0.499999791             606
  0.509999812             597
  0.519999802             593
  0.529999793             586
  0.539999783             583
  0.549999774             581
  0.559999764             570
  0.569999754             564
  0.579999745             560
  0.589999735             556
  0.599999726             548
  0.609999716             540
  0.619999707             530
  0.629999697             528
  0.639999688             522
  0.649999678             522
  0.659999669             517
  0.669999659             512
  0.679999650             507
  0.689999640             503
  0.699999630             496
  0.709999621             494
  0.719999611             491
  0.729999602             487
  0.739999592             483
  0.749999583             479
  0.759999573             473
  0.769999564             470
  0.779999554             466
  0.789999545             463
  0.799999535             459
  0.809999526             451
  0.819999516             446
  0.829999506             441
  0.839999497             437
  0.849999487             434
  0.859999478             427
  0.869999468             423
  0.879999459             417
  0.889999449             412
  0.899999440             408
  0.909999430             404
  0.919999421             400
  0.929999411             395
  0.939999402             390
  0.949999392             384
  0.959999382             378
  0.969999373             375
  0.979999363             371
  0.989999354             365
  0.999999344             361
   1.00999939             358
   1.01999938             356
   1.02999938             349
   1.03999937             343
   1.04999936             340
   1.05999935             337
   1.06999934             333
   1.07999933             327
   1.08999932             326
   1.09999931             325
   1.10999930             321
   1.11999929             319
   1.12999928             315
   1.13999927             314
   1.14999926             313
   1.15999925             312
   1.16999924             309
   1.17999923             305
   1.18999922             305
   1.19999921             303
   1.20999920             296
   1.21999919             292
   1.22999918             289
   1.23999918             286
   1.24999917             280
   1.25999916             277
   1.26999915             273
   1.27999914             270
   1.28999913             268
   1.29999912             264
   1.30999911             261
   1.31999910             259
   1.32999909             254
   1.33999908             253
   1.34999907             248
   1.35999906             246
   1.36999905             244
   1.37999904             242
   1.38999903             241
   1.39999902             240
   1.40999901             239
   1.41999900             235
   1.42999899             232
   1.43999898             229
   1.44999897             225
   1.45999897             224
   1.46999896             222
   1.47999895             220
   1.48999894             218
   1.49999893             212
   1.50999892             209
   1.51999891             209
   1.52999890             208
   1.53999889             203
   1.54999888             201
   1.55999887             199
   1.56999886             196
   1.57999885             196
   1.58999884             194
   1.59999883             192
   1.60999882             190
   1.61999881             189
   1.62999880             188
   1.63999879             186
   1.64999878             186
   1.65999877             185
   1.66999876             183
   1.67999876             180
   1.68999875             179
   1.69999874             179
   1.70999873             179
   1.71999872             178
   1.72999871             178
   1.73999870             176
   1.74999869             174
   1.75999868             171
   1.76999867             170
   1.77999866             170
   1.78999865             169
   1.79999864             168
   1.80999863             165
   1.81999862             165
   1.82999861             162
   1.83999860             160
   1.84999859             159
   1.85999858             158
   1.86999857             156
   1.87999856             154
   1.88999856             152
   1.89999855             147
   1.90999854             147
   1.91999853             145
   1.92999852             142
   1.93999851             141
   1.94999850             139
   1.95999849             139
   1.96999848             139
   1.97999847             137
   1.98999846             137
   1.99999845             136
   2.00999856             133
   2.01999855             132
   2.02999854             129
   2.03999853             129
   2.04999852             127
   2.05999851             125
   2.06999850             124
   2.07999849             122
   2.08999848             122
   2.09999847             120
   2.10999846             116
   2.11999846             114
   2.12999845             114
   2.13999844             112
   2.14999843             111
   2.15999842             110
   2.16999841             109
   2.17999840             108
   2.18999839             107
   2.19999838             105
   2.20999837             105
   2.21999836             105
   2.22999835             104
   2.23999834             104
   2.24999833             104
   2.25999832             104
   2.26999831             103
   2.27999830             101
   2.28999829              98
   2.29999828              98
   2.30999827              97
   2.31999826              96
   2.32999825              95
   2.33999825              95
   2.34999824              95
   2.35999823              93
   2.36999822              89
   2.37999821              89
   2.38999820              89
   2.39999819              89
   2.40999818              89
   2.41999817              87
   2.42999816              86
   2.43999815              83
   2.44999814              81
   2.45999813              81
   2.46999812              80
   2.47999811              79
   2.48999810              77
   2.49999809              76
   2.50999808              74
   2.51999807              74
   2.52999806              72
   2.53999805              72
   2.54999804              69
   2.55999804              69
   2.56999803              68
   2.57999802              68
   2.58999801              68
   2.59999800              67
   2.60999799              66
   2.61999798              65
   2.62999797              65
   2.63999796              65
   2.64999795              65
   2.65999794              64
   2.66999793              62
   2.67999792              62
   2.68999791              62
   2.69999790              62
   2.70999789              61
   2.71999788              59
   2.72999787              59
   2.73999786              59
   2.74999785              59
   2.75999784              57
   2.76999784              56
   2.77999783              56
   2.78999782              55
   2.79999781              54
   2.80999780              54
   2.81999779              53
   2.82999778              53
   2.83999777              53
   2.84999776              52
   2.85999775              51
   2.86999774              51
   2.87999773              51
   2.88999772              51
   2.89999771              50
   2.90999770              50
   2.91999769              50
   2.92999768              50
   2.93999767              50
   2.94999766              50
   2.95999765              50
   2.96999764              50
   2.97999763              48
   2.98999763              48
   2.99999762              48
   3.00999761              48
   3.01999760              47
   3.02999759              46
   3.03999758              46
   3.04999757              46
   3.05999756              45
   3.06999755              45
   3.07999754              44
   3.08999753              44
   3.09999752              44
   3.10999751              43
   3.11999750              43
   3.12999749              43
   3.13999748              43
   3.14999747              43
   3.15999746              42
   3.16999745              41
   3.17999744              41
   3.18999743              41
   3.19999743              41
   3.20999742              41
   3.21999741              40
   3.22999740              40
   3.23999739              40
   3.24999738              40
   3.25999737              40
   3.26999736              40
   3.27999735              40
   3.28999734              40
   3.29999733              39
   3.30999732              39
   3.31999731              39
   3.32999730              39
   3.33999729              39
   3.34999728              39
   3.35999727              38
   3.36999726              37
   3.37999725              36
   3.38999724              34
   3.39999723              34
   3.40999722              33
   3.41999722              33
   3.42999721              33
   3.43999720              32
   3.44999719              32
   3.45999718              31
   3.46999717              31
   3.47999716              31
   3.48999715              31
   3.49999714              31
   3.50999713              31
   3.51999712              31
   3.52999711              31
   3.53999710              31
   3.54999709              29
   3.55999708              28
   3.56999707              27
   3.57999706              27
   3.58999705              27
   3.59999704              27
   3.60999703              27
   3.61999702              26
   3.62999701              25
   3.63999701              25
   3.64999700              25
   3.65999699              25
   3.66999698              25
   3.67999697              24
   3.68999696              24
   3.69999695              23
   3.70999694              23
   3.71999693              23
   3.72999692              23
   3.73999691              23
   3.74999690              23
   3.75999689              23
   3.76999688              23
   3.77999687              23
   3.78999686              23
   3.79999685              23
   3.80999684              23
   3.81999683              23
   3.82999682              23
   3.83999681              23
   3.84999681              23
   3.85999680              23
   3.86999679              23
   3.87999678              23
   3.88999677              23
   3.89999676              23
   3.90999675              23
   3.91999674              21
   3.92999673              21
   3.93999672              21
   3.94999671              21
   3.95999670              21
   3.96999669              20
   3.97999668              18
   3.98999667              18
   3.99999666              18
   4.00999689              18
   4.01999712              18
   4.02999735              18
   4.03999758              18
   4.04999781              18
   4.05999804              18
   4.06999826              18
   4.07999849              17
   4.08999872              17
   4.09999895              17
   4.10999918              17
   4.11999941              17
   4.12999964              17
   4.13999987              17
   4.15000010              17
   4.16000032              17
   4.17000055              17
   4.18000078              17
   4.19000101              17
   4.20000124              15
   4.21000147              14
   4.22000170              14
   4.23000193              14
   4.24000216              14
   4.25000238              14
   4.26000261              14
   4.27000284              14
   4.28000307              14
   4.29000330              14
   4.30000353              14
   4.31000376              14
   4.32000399              14
   4.33000422              13
   4.34000444              13
   4.35000467              13
   4.36000490              12
   4.37000513              12
   4.38000536              12
   4.39000559              12
   4.40000582              12
   4.41000605              12
   4.42000628              12
   4.43000650              12
   4.44000673              12
   4.45000696              12
   4.46000719              12
   4.47000742              12
   4.48000765              12
   4.49000788              12
   4.50000811              12
   4.51000834              11
   4.52000856              11
   4.53000879              11
   4.54000902              11
   4.55000925              11
   4.56000948              11
   4.57000971              11
   4.58000994              11
   4.59001017              11
   4.60001040              11
   4.61001062              11
   4.62001085              11
   4.63001108              11
   4.64001131              11
   4.65001154              11
   4.66001177              11
   4.67001200              11
   4.68001223              11
   4.69001245              11
   4.70001268              11
   4.71001291              11
   4.72001314              11
   4.73001337              11
   4.74001360              11
   4.75001383              11
   4.76001406              11
   4.77001429              11
   4.78001451              11
   4.79001474              11
   4.80001497              11
   4.81001520              11
   4.82001543              11
   4.83001566              11
   4.84001589              11
   4.85001612              11
   4.86001635              11
   4.87001657              11
   4.88001680              11
   4.89001703              11
   4.90001726              11
   4.91001749              10
   4.92001772              10
   4.93001795              10
   4.94001818              10
   4.95001841               9
   4.96001863               9
   4.97001886               9
   4.98001909               9
   4.99001932               9
   5.00001955               8
   5.01001978               8
   5.02002001               8
   5.03002024               8
   5.04002047               8
   5.05002069               8
   5.06002092               7
   5.07002115               7
   5.08002138               7
   5.09002161               7
   5.10002184               7
   5.11002207               7
   5.12002230               7
   5.13002253               7
   5.14002275               7
   5.15002298               7
   5.16002321               7
   5.17002344               7
   5.18002367               7
   5.19002390               7
   5.20002413               7
   5.21002436               7
   5.22002459               7
   5.23002481               7
   5.24002504               7
   5.25002527               7
   5.26002550               7
   5.27002573               7
   5.28002596               6
   5.29002619               6
   5.30002642               6
   5.31002665               6
   5.32002687               6
   5.33002710               6
   5.34002733               6
   5.35002756               6
   5.36002779               6
   5.37002802               6
   5.38002825               6
   5.39002848               6
   5.40002871               5
   5.41002893               5
   5.42002916               5
   5.43002939               5
   5.44002962               5
   5.45002985               5
   5.46003008               4
   5.47003031               4
   5.48003054               4
   5.49003077               3
   5.50003099               3
   5.51003122               3
   5.52003145               3
   5.53003168               3
   5.54003191               3
   5.55003214               3
   5.56003237               3
   5.57003260               3
   5.58003283               3
   5.59003305               3
   5.60003328               3
   5.61003351               3
   5.62003374               3
   5.63003397               3
   5.64003420               3
   5.65003443               3
   5.66003466               3
   5.67003489               3
   5.68003511               3
   5.69003534               3
   5.70003557               2
   5.71003580               2
   5.72003603               1
   5.73003626               1
   5.74003649               1
   5.75003672               1
   5.76003695               1
   5.77003717               1
   5.78003740               1
   5.79003763               1
   5.80003786               1
   5.81003809               1
   5.82003832               1
   5.83003855               1
   5.84003878               1
   5.85003901               1
   5.86003923               1
   5.87003946               1
   5.88003969               1
   5.89003992               1
   5.90004015               1
   5.91004038               1
   5.92004061               1
   5.93004084               1
   5.94004107               1
   5.95004129               1
   5.96004152               1
   5.97004175               1
   5.98004198               1
   5.99004221               1
   6.00004244               1
   6.01004267               1
   6.02004290               1
   6.03004313               1
   6.04004335               1
   6.05004358               1
   6.06004381               1
   6.07004404               1
   6.08004427               1
   6.09004450               1
   6.10004473               1
   6.11004496               1
   6.12004519               1
   6.13004541               1
   6.14004564               1
   6.15004587               1
   6.16004610               1
   6.17004633               1
   6.18004656               1
   6.19004679               1
   6.20004702               1
   6.21004725               1
   6.22004747               1
   6.23004770               1
   6.24004793               1
   6.25004816               1
   6.26004839               1
   6.27004862               1
   6.28004885               1
   6.29004908               1
   6.30004930               1
   6.31004953               1
   6.32004976               1
   6.33004999               1
   6.34005022               1
   6.35005045               1
   6.36005068               1
   6.37005091               1
   6.38005114               0
   6.39005136               0
   6.40005159               0
   6.41005182               0
   6.42005205               0
   6.43005228               0
   6.44005251               0
   6.45005274               0
   6.46005297               0
   6.47005320               0
   6.48005342               0
   6.49005365               0
   6.50005388               0
   6.51005411               0
   6.52005434               0
   6.53005457               0
   6.54005480               0
   6.55005503               0
   6.56005526               0
   6.57005548               0
   6.58005571               0
   6.59005594               0
   6.60005617               0
   6.61005640               0
   6.62005663               0
   6.63005686               0
   6.64005709               0
   6.65005732               0
   6.66005754               0
   6.67005777               0
   6.68005800               0
   6.69005823               0
   6.70005846               0
   6.71005869               0
   6.72005892               0
   6.73005915               0
   6.74005938               0
   6.75005960               0
   6.76005983               0
   6.77006006               0
   6.78006029               0
   6.79006052               0
   6.80006075               0
   6.81006098               0
   6.82006121               0
   6.83006144               0
   6.84006166               0
   6.85006189               0
   6.86006212               0
   6.87006235               0
   6.88006258               0
   6.89006281               0
   6.90006304               0
   6.91006327               0
   6.92006350               0
   6.93006372               0
   6.94006395               0
   6.95006418               0
   6.96006441               0
   6.97006464               0
   6.98006487               0
   6.99006510               0
   7.00006533               0
   7.01006556               0
   7.02006578               0
   7.03006601               0
   7.04006624               0
   7.05006647               0
   7.06006670               0
   7.07006693               0
   7.08006716               0
   7.09006739               0
   7.10006762               0
   7.11006784               0
   7.12006807               0
   7.13006830               0
   7.14006853               0
   7.15006876               0
   7.16006899               0
   7.17006922               0
   7.18006945               0
   7.19006968               0
   7.20006990               0
   7.21007013               0
   7.22007036               0
   7.23007059               0
   7.24007082               0
   7.25007105               0
   7.26007128               0
   7.27007151               0
   7.28007174               0
   7.29007196               0
   7.30007219               0
   7.31007242               0
   7.32007265               0
   7.33007288               0
   7.34007311               0
   7.35007334               0
   7.36007357               0
   7.37007380               0
   7.38007402               0
   7.39007425               0
   7.40007448               0
   7.41007471               0
   7.42007494               0
   7.43007517               0
   7.44007540               0
   7.45007563               0
   7.46007586               0
   7.47007608               0
   7.48007631               0
   7.49007654               0
   7.50007677               0
   7.51007700               0
   7.52007723               0
   7.53007746               0
   7.54007769               0
   7.55007792               0
   7.56007814               0
   7.57007837               0
   7.58007860               0
   7.59007883               0
   7.60007906               0
   7.61007929               0
   7.62007952               0
   7.63007975               0
   7.64007998               0
   7.65008020               0
   7.66008043               0
   7.67008066               0
   7.68008089               0
   7.69008112               0
   7.70008135               0
   7.71008158               0
   7.72008181               0
   7.73008204               0
   7.74008226               0
   7.75008249               0
   7.76008272               0
   7.77008295               0
   7.78008318               0
   7.79008341               0
   7.80008364               0
   7.81008387               0
   7.82008410               0
   7.83008432               0
   7.84008455               0
   7.85008478               0
   7.86008501               0
   7.87008524               0
   7.88008547               0
   7.89008570               0
   7.90008593               0
   7.91008615               0
   7.92008638               0
   7.93008661               0
   7.94008684               0
   7.95008707               0
   7.96008730               0
   7.97008753               0
   7.98008776               0
   7.99008799               0
   8.00008774               0
