   0.00000000             986
   9.99999978E-03         981
   1.99999996E-02         970
   2.99999993E-02         959
   3.99999991E-02         951
   4.99999970E-02         942
   5.99999949E-02         936
   6.99999928E-02         931
   7.99999908E-02         923
   8.99999887E-02         915
   9.99999866E-02         910
  0.109999985             901
  0.119999982             892
  0.129999980             887
  0.139999986             880
  0.149999991             874
  0.159999996             870
  0.170000002             862
  0.180000007             855
  0.190000013             847
  0.200000018             834
  0.210000023             826
  0.220000029             821
  0.230000034             813
  0.240000039             804
  0.250000030             796
  0.260000020             790
  0.270000011             776
  0.280000001             770
  0.289999992             763
  0.299999982             758
  0.309999973             749
  0.319999963             740
  0.329999954             734
  0.339999944             724
  0.349999934             714
  0.359999925             709
  0.369999915             707
  0.379999906             699
  0.389999896             692
  0.399999887             687
  0.409999877             676
  0.419999868             672
  0.429999858             664
  0.439999849             657
  0.449999839             649
  0.459999830             646
  0.469999820             636
  0.479999810             626
  0.489999801             616
  0.499999791             613
  0.509999812             606
  0.519999802             594
  0.529999793             589
  0.539999783             586
  0.549999774             585
  0.559999764             579
  0.569999754             573
  0.579999745             563
  0.589999735             559
  0.599999726             552
  0.609999716             548
  0.619999707             542
  0.629999697             538
  0.639999688             531
  0.649999678             523
  0.659999669             515
  0.669999659             510
  0.679999650             502
  0.689999640             497
  0.699999630             492
  0.709999621             489
  0.719999611             481
  0.729999602             480
  0.739999592             474
  0.749999583             471
  0.759999573             463
  0.769999564             460
  0.779999554             456
  0.789999545             447
  0.799999535             447
  0.809999526             444
  0.819999516             443
  0.829999506             441
  0.839999497             439
  0.849999487             436
  0.859999478             433
  0.869999468             429
  0.879999459             425
  0.889999449             416
  0.899999440             414
  0.909999430             410
  0.919999421             409
  0.929999411             404
  0.939999402             399
  0.949999392             394
  0.959999382             390
  0.969999373             384
  0.979999363             379
  0.989999354             376
  0.999999344             369
   1.00999939             366
   1.01999938             360
   1.02999938             356
   1.03999937             353
   1.04999936             348
   1.05999935             347
   1.06999934             345
   1.07999933             343
   1.08999932             339
   1.09999931             327
   1.10999930             324
   1.11999929             321
   1.12999928             314
   1.13999927             306
   1.14999926             304
   1.15999925             300
   1.16999924             297
   1.17999923             293
   1.18999922             291
   1.19999921             289
   1.20999920             282
   1.21999919             279
   1.22999918             274
   1.23999918             269
   1.24999917             266
   1.25999916             264
   1.26999915             260
   1.27999914             258
   1.28999913             255
   1.29999912             254
   1.30999911             250
   1.31999910             249
   1.32999909             248
   1.33999908             247
   1.34999907             246
   1.35999906             245
   1.36999905             242
   1.37999904             240
   1.38999903             236
   1.39999902             236
   1.40999901             233
   1.41999900             228
   1.42999899             226
   1.43999898             224
   1.44999897             222
   1.45999897             219
   1.46999896             216
   1.47999895             215
   1.48999894             213
   1.49999893             207
   1.50999892             206
   1.51999891             206
   1.52999890             206
   1.53999889             204
   1.54999888             202
   1.55999887             201
   1.56999886             194
   1.57999885             194
   1.58999884             193
   1.59999883             191
   1.60999882             190
   1.61999881             190
   1.62999880             189
   1.63999879             188
   1.64999878             188
   1.65999877             187
   1.66999876             187
   1.67999876             185
   1.68999875             180
   1.69999874             177
   1.70999873             174
   1.71999872             172
   1.72999871             166
   1.73999870             166
   1.74999869             164
   1.75999868             164
   1.76999867             162
   1.77999866             161
   1.78999865             159
   1.79999864             157
   1.80999863             157
   1.81999862             156
   1.82999861             156
   1.83999860             154
   1.84999859             153
   1.85999858             153
   1.86999857             150
   1.87999856             149
   1.88999856             145
   1.89999855             143
   1.90999854             143
   1.91999853             142
   1.92999852             141
   1.93999851             140
   1.94999850             137
   1.95999849             137
   1.96999848             136
   1.97999847             136
   1.98999846             136
   1.99999845             133
   2.00999856             132
   2.01999855             130
   2.02999854             130
   2.03999853             128
   2.04999852             127
   2.05999851             126
   2.06999850             124
   2.07999849             124
   2.08999848             124
   2.09999847             122
   2.10999846             118
   2.11999846             116
   2.12999845             115
   2.13999844             112
   2.14999843             111
   2.15999842             110
   2.16999841             110
   2.17999840             109
   2.18999839             108
   2.19999838             106
   2.20999837             105
   2.21999836             103
   2.22999835             103
   2.23999834             103
   2.24999833             103
   2.25999832             103
   2.26999831             101
   2.27999830              98
   2.28999829              97
   2.29999828              97
   2.30999827              96
   2.31999826              95
   2.32999825              93
   2.33999825              93
   2.34999824              93
   2.35999823              90
   2.36999822              89
   2.37999821              86
   2.38999820              86
   2.39999819              86
   2.40999818              85
   2.41999817              84
   2.42999816              82
   2.43999815              82
   2.44999814              81
   2.45999813              79
   2.46999812              76
   2.47999811              76
   2.48999810              73
   2.49999809              73
   2.50999808              73
   2.51999807              72
   2.52999806              72
   2.53999805              70
   2.54999804              68
   2.55999804              68
   2.56999803              68
   2.57999802              68
   2.58999801              67
   2.59999800              67
   2.60999799              66
   2.61999798              66
   2.62999797              65
   2.63999796              64
   2.64999795              64
   2.65999794              64
   2.66999793              63
   2.67999792              63
   2.68999791              62
   2.69999790              62
   2.70999789              61
   2.71999788              60
   2.72999787              60
   2.73999786              60
   2.74999785              60
   2.75999784              58
   2.76999784              55
   2.77999783              55
   2.78999782              54
   2.79999781              53
   2.80999780              52
   2.81999779              52
   2.82999778              51
   2.83999777              51
   2.84999776              50
   2.85999775              50
   2.86999774              49
   2.87999773              49
   2.88999772              49
   2.89999771              49
   2.90999770              49
   2.91999769              49
   2.92999768              49
   2.93999767              46
   2.94999766              45
   2.95999765              45
   2.96999764              43
   2.97999763              43
   2.98999763              42
   2.99999762              42
   3.00999761              41
   3.01999760              40
   3.02999759              37
   3.03999758              36
   3.04999757              36
   3.05999756              36
   3.06999755              36
   3.07999754              33
   3.08999753              33
   3.09999752              33
   3.10999751              32
   3.11999750              32
   3.12999749              31
   3.13999748              31
   3.14999747              31
   3.15999746              31
   3.16999745              30
   3.17999744              29
   3.18999743              29
   3.19999743              29
   3.20999742              28
   3.21999741              27
   3.22999740              27
   3.23999739              27
   3.24999738              27
   3.25999737              27
   3.26999736              27
   3.27999735              27
   3.28999734              27
   3.29999733              27
   3.30999732              27
   3.31999731              27
   3.32999730              27
   3.33999729              27
   3.34999728              27
   3.35999727              27
   3.36999726              27
   3.37999725              26
   3.38999724              26
   3.39999723              25
   3.40999722              25
   3.41999722              25
   3.42999721              25
   3.43999720              23
   3.44999719              22
   3.45999718              21
   3.46999717              21
   3.47999716              20
   3.48999715              20
   3.49999714              20
   3.50999713              19
   3.51999712              19
   3.52999711              19
   3.53999710              19
   3.54999709              19
   3.55999708              19
   3.56999707              19
   3.57999706              19
   3.58999705              19
   3.59999704              19
   3.60999703              19
   3.61999702              19
   3.62999701              18
   3.63999701              17
   3.64999700              17
   3.65999699              17
   3.66999698              16
   3.67999697              16
   3.68999696              16
   3.69999695              16
   3.70999694              16
   3.71999693              16
   3.72999692              16
   3.73999691              16
   3.74999690              16
   3.75999689              16
   3.76999688              15
   3.77999687              15
   3.78999686              15
   3.79999685              15
   3.80999684              15
   3.81999683              15
   3.82999682              15
   3.83999681              15
   3.84999681              15
   3.85999680              15
   3.86999679              15
   3.87999678              14
   3.88999677              14
   3.89999676              14
   3.90999675              14
   3.91999674              14
   3.92999673              14
   3.93999672              14
   3.94999671              14
   3.95999670              14
   3.96999669              14
   3.97999668              14
   3.98999667              14
   3.99999666              14
   4.00999689              14
   4.01999712              14
   4.02999735              14
   4.03999758              13
   4.04999781              13
   4.05999804              12
   4.06999826              12
   4.07999849              12
   4.08999872              11
   4.09999895              11
   4.10999918              10
   4.11999941              10
   4.12999964              10
   4.13999987              10
   4.15000010              10
   4.16000032              10
   4.17000055              10
   4.18000078              10
   4.19000101              10
   4.20000124              10
   4.21000147              10
   4.22000170              10
   4.23000193              10
   4.24000216              10
   4.25000238              10
   4.26000261               9
   4.27000284               9
   4.28000307               9
   4.29000330               9
   4.30000353               9
   4.31000376               9
   4.32000399               9
   4.33000422               9
   4.34000444               9
   4.35000467               9
   4.36000490               8
   4.37000513               8
   4.38000536               8
   4.39000559               8
   4.40000582               8
   4.41000605               8
   4.42000628               8
   4.43000650               8
   4.44000673               7
   4.45000696               7
   4.46000719               7
   4.47000742               7
   4.48000765               7
   4.49000788               7
   4.50000811               7
   4.51000834               7
   4.52000856               6
   4.53000879               6
   4.54000902               6
   4.55000925               6
   4.56000948               6
   4.57000971               6
   4.58000994               6
   4.59001017               6
   4.60001040               6
   4.61001062               6
   4.62001085               6
   4.63001108               6
   4.64001131               6
   4.65001154               6
   4.66001177               6
   4.67001200               5
   4.68001223               5
   4.69001245               5
   4.70001268               4
   4.71001291               4
   4.72001314               4
   4.73001337               3
   4.74001360               3
   4.75001383               3
   4.76001406               3
   4.77001429               3
   4.78001451               3
   4.79001474               3
   4.80001497               3
   4.81001520               3
   4.82001543               3
   4.83001566               3
   4.84001589               3
   4.85001612               3
   4.86001635               3
   4.87001657               3
   4.88001680               3
   4.89001703               3
   4.90001726               3
   4.91001749               3
   4.92001772               3
   4.93001795               3
   4.94001818               3
   4.95001841               3
   4.96001863               3
   4.97001886               3
   4.98001909               3
   4.99001932               3
   5.00001955               3
   5.01001978               3
   5.02002001               3
   5.03002024               3
   5.04002047               3
   5.05002069               3
   5.06002092               3
   5.07002115               3
   5.08002138               3
   5.09002161               3
   5.10002184               3
   5.11002207               3
   5.12002230               3
   5.13002253               3
   5.14002275               3
   5.15002298               3
   5.16002321               3
   5.17002344               3
   5.18002367               3
   5.19002390               3
   5.20002413               3
   5.21002436               2
   5.22002459               2
   5.23002481               2
   5.24002504               2
   5.25002527               2
   5.26002550               2
   5.27002573               2
   5.28002596               2
   5.29002619               2
   5.30002642               2
   5.31002665               2
   5.32002687               2
   5.33002710               2
   5.34002733               2
   5.35002756               2
   5.36002779               2
   5.37002802               2
   5.38002825               2
   5.39002848               2
   5.40002871               2
   5.41002893               2
   5.42002916               2
   5.43002939               2
   5.44002962               2
   5.45002985               2
   5.46003008               2
   5.47003031               2
   5.48003054               2
   5.49003077               2
   5.50003099               2
   5.51003122               2
   5.52003145               2
   5.53003168               2
   5.54003191               2
   5.55003214               2
   5.56003237               2
   5.57003260               2
   5.58003283               2
   5.59003305               2
   5.60003328               2
   5.61003351               2
   5.62003374               2
   5.63003397               2
   5.64003420               2
   5.65003443               2
   5.66003466               2
   5.67003489               2
   5.68003511               2
   5.69003534               2
   5.70003557               2
   5.71003580               2
   5.72003603               2
   5.73003626               2
   5.74003649               2
   5.75003672               2
   5.76003695               2
   5.77003717               2
   5.78003740               2
   5.79003763               2
   5.80003786               2
   5.81003809               2
   5.82003832               2
   5.83003855               2
   5.84003878               2
   5.85003901               2
   5.86003923               2
   5.87003946               2
   5.88003969               2
   5.89003992               2
   5.90004015               2
   5.91004038               2
   5.92004061               2
   5.93004084               2
   5.94004107               1
   5.95004129               1
   5.96004152               1
   5.97004175               1
   5.98004198               1
   5.99004221               1
   6.00004244               1
   6.01004267               1
   6.02004290               1
   6.03004313               1
   6.04004335               1
   6.05004358               1
   6.06004381               1
   6.07004404               1
   6.08004427               1
   6.09004450               1
   6.10004473               1
   6.11004496               1
   6.12004519               1
   6.13004541               1
   6.14004564               1
   6.15004587               1
   6.16004610               1
   6.17004633               1
   6.18004656               1
   6.19004679               1
   6.20004702               1
   6.21004725               1
   6.22004747               1
   6.23004770               1
   6.24004793               1
   6.25004816               1
   6.26004839               1
   6.27004862               1
   6.28004885               1
   6.29004908               1
   6.30004930               1
   6.31004953               1
   6.32004976               1
   6.33004999               1
   6.34005022               1
   6.35005045               1
   6.36005068               1
   6.37005091               1
   6.38005114               1
   6.39005136               1
   6.40005159               1
   6.41005182               1
   6.42005205               1
   6.43005228               1
   6.44005251               1
   6.45005274               1
   6.46005297               1
   6.47005320               1
   6.48005342               1
   6.49005365               1
   6.50005388               1
   6.51005411               1
   6.52005434               1
   6.53005457               1
   6.54005480               1
   6.55005503               1
   6.56005526               1
   6.57005548               1
   6.58005571               1
   6.59005594               1
   6.60005617               1
   6.61005640               1
   6.62005663               1
   6.63005686               1
   6.64005709               1
   6.65005732               1
   6.66005754               1
   6.67005777               1
   6.68005800               1
   6.69005823               1
   6.70005846               1
   6.71005869               1
   6.72005892               1
   6.73005915               1
   6.74005938               1
   6.75005960               1
   6.76005983               1
   6.77006006               1
   6.78006029               1
   6.79006052               1
   6.80006075               1
   6.81006098               1
   6.82006121               1
   6.83006144               1
   6.84006166               1
   6.85006189               1
   6.86006212               1
   6.87006235               1
   6.88006258               1
   6.89006281               1
   6.90006304               1
   6.91006327               1
   6.92006350               1
   6.93006372               1
   6.94006395               1
   6.95006418               1
   6.96006441               1
   6.97006464               1
   6.98006487               1
   6.99006510               1
   7.00006533               1
   7.01006556               1
   7.02006578               1
   7.03006601               1
   7.04006624               1
   7.05006647               1
   7.06006670               1
   7.07006693               1
   7.08006716               1
   7.09006739               1
   7.10006762               1
   7.11006784               1
   7.12006807               1
   7.13006830               1
   7.14006853               1
   7.15006876               1
   7.16006899               1
   7.17006922               1
   7.18006945               1
   7.19006968               1
   7.20006990               1
   7.21007013               1
   7.22007036               1
   7.23007059               1
   7.24007082               1
   7.25007105               1
   7.26007128               1
   7.27007151               1
   7.28007174               1
   7.29007196               1
   7.30007219               1
   7.31007242               1
   7.32007265               0
   7.33007288               0
   7.34007311               0
   7.35007334               0
   7.36007357               0
   7.37007380               0
   7.38007402               0
   7.39007425               0
   7.40007448               0
   7.41007471               0
   7.42007494               0
   7.43007517               0
   7.44007540               0
   7.45007563               0
   7.46007586               0
   7.47007608               0
   7.48007631               0
   7.49007654               0
   7.50007677               0
   7.51007700               0
   7.52007723               0
   7.53007746               0
   7.54007769               0
   7.55007792               0
   7.56007814               0
   7.57007837               0
   7.58007860               0
   7.59007883               0
   7.60007906               0
   7.61007929               0
   7.62007952               0
   7.63007975               0
   7.64007998               0
   7.65008020               0
   7.66008043               0
   7.67008066               0
   7.68008089               0
   7.69008112               0
   7.70008135               0
   7.71008158               0
   7.72008181               0
   7.73008204               0
   7.74008226               0
   7.75008249               0
   7.76008272               0
   7.77008295               0
   7.78008318               0
   7.79008341               0
   7.80008364               0
   7.81008387               0
   7.82008410               0
   7.83008432               0
   7.84008455               0
   7.85008478               0
   7.86008501               0
   7.87008524               0
   7.88008547               0
   7.89008570               0
   7.90008593               0
   7.91008615               0
   7.92008638               0
   7.93008661               0
   7.94008684               0
   7.95008707               0
   7.96008730               0
   7.97008753               0
   7.98008776               0
   7.99008799               0
   8.00008774               0
