   0.00000000             983
   9.99999978E-03         975
   1.99999996E-02         972
   2.99999993E-02         963
   3.99999991E-02         951
   4.99999970E-02         944
   5.99999949E-02         933
   6.99999928E-02         927
   7.99999908E-02         916
   8.99999887E-02         904
   9.99999866E-02         898
  0.109999985             894
  0.119999982             893
  0.129999980             881
  0.139999986             873
  0.149999991             863
  0.159999996             857
  0.170000002             845
  0.180000007             837
  0.190000013             829
  0.200000018             824
  0.210000023             815
  0.220000029             808
  0.230000034             799
  0.240000039             791
  0.250000030             783
  0.260000020             777
  0.270000011             769
  0.280000001             759
  0.289999992             745
  0.299999982             738
  0.309999973             736
  0.319999963             728
  0.329999954             722
  0.339999944             713
  0.349999934             705
  0.359999925             699
  0.369999915             686
  0.379999906             680
  0.389999896             673
  0.399999887             666
  0.409999877             659
  0.419999868             655
  0.429999858             650
  0.439999849             643
  0.449999839             642
  0.459999830             632
  0.469999820             627
  0.479999810             618
  0.489999801             608
  0.499999791             598
  0.509999812             591
  0.519999802             586
  0.529999793             583
  0.539999783             576
  0.549999774             567
  0.559999764             563
  0.569999754             558
  0.579999745             557
  0.589999735             548
  0.599999726             542
  0.609999716             537
  0.619999707             532
  0.629999697             529
  0.639999688             518
  0.649999678             512
  0.659999669             510
  0.669999659             503
  0.679999650             498
  0.689999640             494
  0.699999630             492
  0.709999621             489
  0.719999611             480
  0.729999602             476
  0.739999592             471
  0.749999583             464
  0.759999573             458
  0.769999564             452
  0.779999554             448
  0.789999545             444
  0.799999535             443
  0.809999526             439
  0.819999516             433
  0.829999506             429
  0.839999497             424
  0.849999487             423
  0.859999478             421
  0.869999468             419
  0.879999459             414
  0.889999449             408
  0.899999440             405
  0.909999430             404
  0.919999421             400
  0.929999411             395
  0.939999402             392
  0.949999392             391
  0.959999382             389
  0.969999373             386
  0.979999363             382
  0.989999354             381
  0.999999344             377
   1.00999939             373
   1.01999938             369
   1.02999938             367
   1.03999937             366
   1.04999936             362
   1.05999935             360
   1.06999934             355
   1.07999933             354
   1.08999932             352
   1.09999931             345
   1.10999930             343
   1.11999929             342
   1.12999928             335
   1.13999927             331
   1.14999926             328
   1.15999925             324
   1.16999924             320
   1.17999923             318
   1.18999922             313
   1.19999921             306
   1.20999920             304
   1.21999919             300
   1.22999918             299
   1.23999918             296
   1.24999917             292
   1.25999916             287
   1.26999915             284
   1.27999914             284
   1.28999913             279
   1.29999912             273
   1.30999911             271
   1.31999910             268
   1.32999909             266
   1.33999908             263
   1.34999907             262
   1.35999906             258
   1.36999905             255
   1.37999904             251
   1.38999903             247
   1.39999902             244
   1.40999901             243
   1.41999900             239
   1.42999899             236
   1.43999898             235
   1.44999897             232
   1.45999897             228
   1.46999896             224
   1.47999895             221
   1.48999894             218
   1.49999893             217
   1.50999892             216
   1.51999891             212
   1.52999890             205
   1.53999889             201
   1.54999888             201
   1.55999887             200
   1.56999886             198
   1.57999885             195
   1.58999884             194
   1.59999883             193
   1.60999882             191
   1.61999881             187
   1.62999880             186
   1.63999879             185
   1.64999878             185
   1.65999877             184
   1.66999876             182
   1.67999876             177
   1.68999875             176
   1.69999874             175
   1.70999873             174
   1.71999872             169
   1.72999871             166
   1.73999870             164
   1.74999869             164
   1.75999868             162
   1.76999867             161
   1.77999866             160
   1.78999865             158
   1.79999864             157
   1.80999863             156
   1.81999862             156
   1.82999861             155
   1.83999860             152
   1.84999859             150
   1.85999858             149
   1.86999857             147
   1.87999856             144
   1.88999856             142
   1.89999855             142
   1.90999854             142
   1.91999853             139
   1.92999852             139
   1.93999851             138
   1.94999850             137
   1.95999849             136
   1.96999848             135
   1.97999847             134
   1.98999846             131
   1.99999845             130
   2.00999856             128
   2.01999855             127
   2.02999854             126
   2.03999853             125
   2.04999852             122
   2.05999851             121
   2.06999850             121
   2.07999849             120
   2.08999848             118
   2.09999847             118
   2.10999846             118
   2.11999846             116
   2.12999845             116
   2.13999844             116
   2.14999843             116
   2.15999842             115
   2.16999841             114
   2.17999840             111
   2.18999839             110
   2.19999838             109
   2.20999837             109
   2.21999836             109
   2.22999835             108
   2.23999834             106
   2.24999833             103
   2.25999832             103
   2.26999831             100
   2.27999830              98
   2.28999829              94
   2.29999828              93
   2.30999827              90
   2.31999826              88
   2.32999825              88
   2.33999825              86
   2.34999824              84
   2.35999823              82
   2.36999822              82
   2.37999821              81
   2.38999820              80
   2.39999819              80
   2.40999818              79
   2.41999817              79
   2.42999816              77
   2.43999815              77
   2.44999814              77
   2.45999813              77
   2.46999812              76
   2.47999811              75
   2.48999810              75
   2.49999809              75
   2.50999808              75
   2.51999807              75
   2.52999806              75
   2.53999805              73
   2.54999804              72
   2.55999804              71
   2.56999803              71
   2.57999802              69
   2.58999801              69
   2.59999800              69
   2.60999799              67
   2.61999798              66
   2.62999797              66
   2.63999796              66
   2.64999795              66
   2.65999794              66
   2.66999793              66
   2.67999792              66
   2.68999791              65
   2.69999790              65
   2.70999789              65
   2.71999788              65
   2.72999787              64
   2.73999786              64
   2.74999785              64
   2.75999784              64
   2.76999784              63
   2.77999783              63
   2.78999782              63
   2.79999781              62
   2.80999780              62
   2.81999779              62
   2.82999778              61
   2.83999777              60
   2.84999776              60
   2.85999775              59
   2.86999774              59
   2.87999773              59
   2.88999772              59
   2.89999771              58
   2.90999770              58
   2.91999769              57
   2.92999768              56
   2.93999767              56
   2.94999766              56
   2.95999765              55
   2.96999764              54
   2.97999763              53
   2.98999763              53
   2.99999762              53
   3.00999761              51
   3.01999760              51
   3.02999759              51
   3.03999758              51
   3.04999757              51
   3.05999756              51
   3.06999755              51
   3.07999754              50
   3.08999753              49
   3.09999752              49
   3.10999751              49
   3.11999750              49
   3.12999749              48
   3.13999748              48
   3.14999747              48
   3.15999746              48
   3.16999745              48
   3.17999744              48
   3.18999743              45
   3.19999743              43
   3.20999742              43
   3.21999741              43
   3.22999740              43
   3.23999739              41
   3.24999738              41
   3.25999737              41
   3.26999736              41
   3.27999735              41
   3.28999734              41
   3.29999733              40
   3.30999732              40
   3.31999731              40
   3.32999730              40
   3.33999729              40
   3.34999728              40
   3.35999727              40
   3.36999726              40
   3.37999725              40
   3.38999724              40
   3.39999723              39
   3.40999722              39
   3.41999722              38
   3.42999721              38
   3.43999720              38
   3.44999719              37
   3.45999718              37
   3.46999717              36
   3.47999716              36
   3.48999715              36
   3.49999714              35
   3.50999713              35
   3.51999712              35
   3.52999711              35
   3.53999710              35
   3.54999709              34
   3.55999708              32
   3.56999707              32
   3.57999706              32
   3.58999705              32
   3.59999704              32
   3.60999703              31
   3.61999702              31
   3.62999701              31
   3.63999701              31
   3.64999700              31
   3.65999699              30
   3.66999698              30
   3.67999697              30
   3.68999696              30
   3.69999695              30
   3.70999694              30
   3.71999693              30
   3.72999692              30
   3.73999691              30
   3.74999690              30
   3.75999689              30
   3.76999688              30
   3.77999687              30
   3.78999686              30
   3.79999685              30
   3.80999684              30
   3.81999683              30
   3.82999682              30
   3.83999681              30
   3.84999681              30
   3.85999680              30
   3.86999679              29
   3.87999678              29
   3.88999677              27
   3.89999676              27
   3.90999675              27
   3.91999674              27
   3.92999673              26
   3.93999672              26
   3.94999671              26
   3.95999670              26
   3.96999669              26
   3.97999668              26
   3.98999667              25
   3.99999666              24
   4.00999689              24
   4.01999712              23
   4.02999735              23
   4.03999758              23
   4.04999781              23
   4.05999804              23
   4.06999826              23
   4.07999849              23
   4.08999872              23
   4.09999895              23
   4.10999918              23
   4.11999941              22
   4.12999964              22
   4.13999987              22
   4.15000010              22
   4.16000032              22
   4.17000055              21
   4.18000078              21
   4.19000101              21
   4.20000124              20
   4.21000147              20
   4.22000170              19
   4.23000193              19
   4.24000216              19
   4.25000238              19
   4.26000261              19
   4.27000284              19
   4.28000307              19
   4.29000330              19
   4.30000353              19
   4.31000376              18
   4.32000399              18
   4.33000422              18
   4.34000444              18
   4.35000467              18
   4.36000490              17
   4.37000513              17
   4.38000536              17
   4.39000559              17
   4.40000582              17
   4.41000605              16
   4.42000628              16
   4.43000650              16
   4.44000673              16
   4.45000696              16
   4.46000719              16
   4.47000742              16
   4.48000765              16
   4.49000788              16
   4.50000811              16
   4.51000834              16
   4.52000856              16
   4.53000879              16
   4.54000902              16
   4.55000925              14
   4.56000948              14
   4.57000971              14
   4.58000994              14
   4.59001017              14
   4.60001040              14
   4.61001062              14
   4.62001085              14
   4.63001108              14
   4.64001131              14
   4.65001154              13
   4.66001177              13
   4.67001200              13
   4.68001223              13
   4.69001245              13
   4.70001268              13
   4.71001291              13
   4.72001314              13
   4.73001337              13
   4.74001360              13
   4.75001383              13
   4.76001406              13
   4.77001429              12
   4.78001451              12
   4.79001474              11
   4.80001497              11
   4.81001520              11
   4.82001543              11
   4.83001566              11
   4.84001589              11
   4.85001612              11
   4.86001635              10
   4.87001657              10
   4.88001680              10
   4.89001703              10
   4.90001726              10
   4.91001749              10
   4.92001772              10
   4.93001795              10
   4.94001818              10
   4.95001841              10
   4.96001863              10
   4.97001886              10
   4.98001909              10
   4.99001932              10
   5.00001955              10
   5.01001978              10
   5.02002001              10
   5.03002024              10
   5.04002047              10
   5.05002069              10
   5.06002092              10
   5.07002115              10
   5.08002138              10
   5.09002161              10
   5.10002184              10
   5.11002207              10
   5.12002230              10
   5.13002253              10
   5.14002275              10
   5.15002298              10
   5.16002321              10
   5.17002344              10
   5.18002367              10
   5.19002390              10
   5.20002413              10
   5.21002436              10
   5.22002459              10
   5.23002481              10
   5.24002504              10
   5.25002527               9
   5.26002550               9
   5.27002573               9
   5.28002596               9
   5.29002619               9
   5.30002642               9
   5.31002665               9
   5.32002687               9
   5.33002710               9
   5.34002733               9
   5.35002756               9
   5.36002779               9
   5.37002802               9
   5.38002825               9
   5.39002848               9
   5.40002871               9
   5.41002893               9
   5.42002916               9
   5.43002939               9
   5.44002962               9
   5.45002985               9
   5.46003008               9
   5.47003031               9
   5.48003054               8
   5.49003077               8
   5.50003099               8
   5.51003122               7
   5.52003145               7
   5.53003168               7
   5.54003191               7
   5.55003214               7
   5.56003237               7
   5.57003260               7
   5.58003283               7
   5.59003305               7
   5.60003328               7
   5.61003351               7
   5.62003374               7
   5.63003397               7
   5.64003420               7
   5.65003443               7
   5.66003466               7
   5.67003489               7
   5.68003511               7
   5.69003534               7
   5.70003557               7
   5.71003580               7
   5.72003603               7
   5.73003626               7
   5.74003649               7
   5.75003672               7
   5.76003695               7
   5.77003717               7
   5.78003740               7
   5.79003763               7
   5.80003786               7
   5.81003809               7
   5.82003832               7
   5.83003855               7
   5.84003878               7
   5.85003901               7
   5.86003923               7
   5.87003946               7
   5.88003969               7
   5.89003992               7
   5.90004015               6
   5.91004038               6
   5.92004061               6
   5.93004084               6
   5.94004107               6
   5.95004129               6
   5.96004152               6
   5.97004175               6
   5.98004198               6
   5.99004221               6
   6.00004244               6
   6.01004267               6
   6.02004290               6
   6.03004313               6
   6.04004335               6
   6.05004358               5
   6.06004381               5
   6.07004404               5
   6.08004427               5
   6.09004450               5
   6.10004473               5
   6.11004496               5
   6.12004519               5
   6.13004541               5
   6.14004564               5
   6.15004587               5
   6.16004610               5
   6.17004633               5
   6.18004656               5
   6.19004679               5
   6.20004702               5
   6.21004725               5
   6.22004747               5
   6.23004770               5
   6.24004793               5
   6.25004816               5
   6.26004839               5
   6.27004862               5
   6.28004885               5
   6.29004908               5
   6.30004930               5
   6.31004953               5
   6.32004976               5
   6.33004999               5
   6.34005022               5
   6.35005045               5
   6.36005068               5
   6.37005091               4
   6.38005114               4
   6.39005136               4
   6.40005159               4
   6.41005182               4
   6.42005205               4
   6.43005228               4
   6.44005251               4
   6.45005274               4
   6.46005297               3
   6.47005320               3
   6.48005342               3
   6.49005365               3
   6.50005388               3
   6.51005411               3
   6.52005434               3
   6.53005457               3
   6.54005480               3
   6.55005503               3
   6.56005526               3
   6.57005548               3
   6.58005571               3
   6.59005594               3
   6.60005617               3
   6.61005640               3
   6.62005663               3
   6.63005686               3
   6.64005709               3
   6.65005732               3
   6.66005754               3
   6.67005777               3
   6.68005800               3
   6.69005823               3
   6.70005846               3
   6.71005869               2
   6.72005892               2
   6.73005915               2
   6.74005938               1
   6.75005960               1
   6.76005983               1
   6.77006006               1
   6.78006029               1
   6.79006052               1
   6.80006075               1
   6.81006098               1
   6.82006121               1
   6.83006144               1
   6.84006166               1
   6.85006189               1
   6.86006212               1
   6.87006235               1
   6.88006258               1
   6.89006281               1
   6.90006304               1
   6.91006327               1
   6.92006350               1
   6.93006372               1
   6.94006395               1
   6.95006418               1
   6.96006441               1
   6.97006464               1
   6.98006487               1
   6.99006510               1
   7.00006533               1
   7.01006556               1
   7.02006578               1
   7.03006601               1
   7.04006624               1
   7.05006647               1
   7.06006670               1
   7.07006693               1
   7.08006716               1
   7.09006739               1
   7.10006762               1
   7.11006784               1
   7.12006807               1
   7.13006830               1
   7.14006853               1
   7.15006876               1
   7.16006899               1
   7.17006922               1
   7.18006945               1
   7.19006968               1
   7.20006990               1
   7.21007013               1
   7.22007036               1
   7.23007059               1
   7.24007082               1
   7.25007105               1
   7.26007128               1
   7.27007151               1
   7.28007174               1
   7.29007196               1
   7.30007219               1
   7.31007242               1
   7.32007265               1
   7.33007288               1
   7.34007311               1
   7.35007334               1
   7.36007357               1
   7.37007380               1
   7.38007402               1
   7.39007425               1
   7.40007448               1
   7.41007471               1
   7.42007494               1
   7.43007517               1
   7.44007540               1
   7.45007563               1
   7.46007586               1
   7.47007608               1
   7.48007631               1
   7.49007654               1
   7.50007677               1
   7.51007700               1
   7.52007723               1
   7.53007746               1
   7.54007769               1
   7.55007792               1
   7.56007814               1
   7.57007837               1
   7.58007860               1
   7.59007883               1
   7.60007906               1
   7.61007929               1
   7.62007952               1
   7.63007975               1
   7.64007998               1
   7.65008020               1
   7.66008043               1
   7.67008066               1
   7.68008089               1
   7.69008112               1
   7.70008135               1
   7.71008158               1
   7.72008181               1
   7.73008204               1
   7.74008226               1
   7.75008249               1
   7.76008272               1
   7.77008295               1
   7.78008318               1
   7.79008341               1
   7.80008364               1
   7.81008387               1
   7.82008410               1
   7.83008432               1
   7.84008455               1
   7.85008478               1
   7.86008501               1
   7.87008524               1
   7.88008547               1
   7.89008570               1
   7.90008593               1
   7.91008615               1
   7.92008638               1
   7.93008661               1
   7.94008684               1
   7.95008707               1
   7.96008730               1
   7.97008753               1
   7.98008776               1
   7.99008799               1
   8.00008774               1
