   0.00000000             985
   9.99999978E-03         972
   1.99999996E-02         967
   2.99999993E-02         958
   3.99999991E-02         946
   4.99999970E-02         938
   5.99999949E-02         930
   6.99999928E-02         921
   7.99999908E-02         911
   8.99999887E-02         899
   9.99999866E-02         892
  0.109999985             886
  0.119999982             875
  0.129999980             868
  0.139999986             865
  0.149999991             854
  0.159999996             847
  0.170000002             836
  0.180000007             820
  0.190000013             808
  0.200000018             802
  0.210000023             797
  0.220000029             792
  0.230000034             787
  0.240000039             786
  0.250000030             782
  0.260000020             774
  0.270000011             767
  0.280000001             755
  0.289999992             748
  0.299999982             737
  0.309999973             728
  0.319999963             719
  0.329999954             716
  0.339999944             709
  0.349999934             701
  0.359999925             687
  0.369999915             682
  0.379999906             676
  0.389999896             667
  0.399999887             657
  0.409999877             652
  0.419999868             647
  0.429999858             638
  0.439999849             636
  0.449999839             631
  0.459999830             624
  0.469999820             615
  0.479999810             610
  0.489999801             606
  0.499999791             599
  0.509999812             595
  0.519999802             592
  0.529999793             583
  0.539999783             576
  0.549999774             573
  0.559999764             565
  0.569999754             557
  0.579999745             553
  0.589999735             549
  0.599999726             546
  0.609999716             536
  0.619999707             532
  0.629999697             527
  0.639999688             522
  0.649999678             513
  0.659999669             509
  0.669999659             504
  0.679999650             499
  0.689999640             493
  0.699999630             488
  0.709999621             484
  0.719999611             479
  0.729999602             473
  0.739999592             465
  0.749999583             457
  0.759999573             454
  0.769999564             450
  0.779999554             447
  0.789999545             445
  0.799999535             442
  0.809999526             437
  0.819999516             433
  0.829999506             428
  0.839999497             426
  0.849999487             422
  0.859999478             418
  0.869999468             413
  0.879999459             410
  0.889999449             404
  0.899999440             398
  0.909999430             395
  0.919999421             390
  0.929999411             387
  0.939999402             384
  0.949999392             378
  0.959999382             375
  0.969999373             371
  0.979999363             368
  0.989999354             365
  0.999999344             363
   1.00999939             359
   1.01999938             356
   1.02999938             350
   1.03999937             344
   1.04999936             335
   1.05999935             332
   1.06999934             328
   1.07999933             325
   1.08999932             324
   1.09999931             319
   1.10999930             314
   1.11999929             309
   1.12999928             308
   1.13999927             305
   1.14999926             301
   1.15999925             298
   1.16999924             294
   1.17999923             291
   1.18999922             285
   1.19999921             283
   1.20999920             281
   1.21999919             274
   1.22999918             268
   1.23999918             265
   1.24999917             264
   1.25999916             264
   1.26999915             263
   1.27999914             262
   1.28999913             262
   1.29999912             259
   1.30999911             258
   1.31999910             252
   1.32999909             251
   1.33999908             249
   1.34999907             244
   1.35999906             241
   1.36999905             239
   1.37999904             236
   1.38999903             233
   1.39999902             228
   1.40999901             228
   1.41999900             227
   1.42999899             226
   1.43999898             223
   1.44999897             223
   1.45999897             221
   1.46999896             219
   1.47999895             217
   1.48999894             214
   1.49999893             212
   1.50999892             209
   1.51999891             206
   1.52999890             205
   1.53999889             201
   1.54999888             199
   1.55999887             197
   1.56999886             195
   1.57999885             195
   1.58999884             193
   1.59999883             192
   1.60999882             191
   1.61999881             191
   1.62999880             190
   1.63999879             190
   1.64999878             186
   1.65999877             185
   1.66999876             184
   1.67999876             182
   1.68999875             180
   1.69999874             179
   1.70999873             178
   1.71999872             177
   1.72999871             176
   1.73999870             174
   1.74999869             172
   1.75999868             170
   1.76999867             170
   1.77999866             170
   1.78999865             169
   1.79999864             166
   1.80999863             164
   1.81999862             162
   1.82999861             160
   1.83999860             158
   1.84999859             158
   1.85999858             157
   1.86999857             154
   1.87999856             154
   1.88999856             151
   1.89999855             151
   1.90999854             150
   1.91999853             149
   1.92999852             147
   1.93999851             146
   1.94999850             143
   1.95999849             140
   1.96999848             139
   1.97999847             138
   1.98999846             138
   1.99999845             135
   2.00999856             135
   2.01999855             135
   2.02999854             133
   2.03999853             130
   2.04999852             129
   2.05999851             129
   2.06999850             128
   2.07999849             125
   2.08999848             123
   2.09999847             122
   2.10999846             119
   2.11999846             119
   2.12999845             119
   2.13999844             118
   2.14999843             118
   2.15999842             116
   2.16999841             114
   2.17999840             113
   2.18999839             113
   2.19999838             113
   2.20999837             111
   2.21999836             110
   2.22999835             108
   2.23999834             104
   2.24999833             103
   2.25999832             102
   2.26999831             102
   2.27999830             101
   2.28999829              99
   2.29999828              97
   2.30999827              95
   2.31999826              93
   2.32999825              91
   2.33999825              91
   2.34999824              89
   2.35999823              87
   2.36999822              87
   2.37999821              85
   2.38999820              83
   2.39999819              80
   2.40999818              80
   2.41999817              80
   2.42999816              79
   2.43999815              79
   2.44999814              78
   2.45999813              78
   2.46999812              77
   2.47999811              76
   2.48999810              76
   2.49999809              75
   2.50999808              74
   2.51999807              74
   2.52999806              74
   2.53999805              72
   2.54999804              69
   2.55999804              68
   2.56999803              68
   2.57999802              68
   2.58999801              68
   2.59999800              67
   2.60999799              67
   2.61999798              66
   2.62999797              66
   2.63999796              66
   2.64999795              65
   2.65999794              64
   2.66999793              64
   2.67999792              63
   2.68999791              63
   2.69999790              62
   2.70999789              61
   2.71999788              61
   2.72999787              61
   2.73999786              60
   2.74999785              58
   2.75999784              58
   2.76999784              57
   2.77999783              56
   2.78999782              56
   2.79999781              56
   2.80999780              55
   2.81999779              55
   2.82999778              55
   2.83999777              55
   2.84999776              54
   2.85999775              52
   2.86999774              52
   2.87999773              52
   2.88999772              49
   2.89999771              48
   2.90999770              48
   2.91999769              48
   2.92999768              47
   2.93999767              45
   2.94999766              43
   2.95999765              42
   2.96999764              42
   2.97999763              42
   2.98999763              42
   2.99999762              40
   3.00999761              39
   3.01999760              39
   3.02999759              39
   3.03999758              39
   3.04999757              39
   3.05999756              39
   3.06999755              39
   3.07999754              39
   3.08999753              38
   3.09999752              38
   3.10999751              38
   3.11999750              38
   3.12999749              38
   3.13999748              37
   3.14999747              37
   3.15999746              37
   3.16999745              37
   3.17999744              36
   3.18999743              36
   3.19999743              36
   3.20999742              35
   3.21999741              34
   3.22999740              34
   3.23999739              34
   3.24999738              34
   3.25999737              34
   3.26999736              34
   3.27999735              33
   3.28999734              33
   3.29999733              32
   3.30999732              32
   3.31999731              32
   3.32999730              32
   3.33999729              32
   3.34999728              32
   3.35999727              32
   3.36999726              30
   3.37999725              27
   3.38999724              27
   3.39999723              27
   3.40999722              27
   3.41999722              27
   3.42999721              27
   3.43999720              27
   3.44999719              27
   3.45999718              27
   3.46999717              26
   3.47999716              26
   3.48999715              26
   3.49999714              25
   3.50999713              24
   3.51999712              23
   3.52999711              23
   3.53999710              22
   3.54999709              22
   3.55999708              22
   3.56999707              22
   3.57999706              22
   3.58999705              22
   3.59999704              22
   3.60999703              22
   3.61999702              22
   3.62999701              22
   3.63999701              22
   3.64999700              22
   3.65999699              22
   3.66999698              21
   3.67999697              20
   3.68999696              20
   3.69999695              20
   3.70999694              20
   3.71999693              20
   3.72999692              20
   3.73999691              20
   3.74999690              20
   3.75999689              20
   3.76999688              20
   3.77999687              20
   3.78999686              20
   3.79999685              20
   3.80999684              20
   3.81999683              19
   3.82999682              19
   3.83999681              19
   3.84999681              19
   3.85999680              18
   3.86999679              17
   3.87999678              16
   3.88999677              16
   3.89999676              16
   3.90999675              16
   3.91999674              16
   3.92999673              16
   3.93999672              16
   3.94999671              16
   3.95999670              16
   3.96999669              16
   3.97999668              16
   3.98999667              16
   3.99999666              15
   4.00999689              14
   4.01999712              14
   4.02999735              14
   4.03999758              14
   4.04999781              14
   4.05999804              14
   4.06999826              13
   4.07999849              13
   4.08999872              13
   4.09999895              12
   4.10999918              12
   4.11999941              12
   4.12999964              12
   4.13999987              11
   4.15000010              11
   4.16000032              10
   4.17000055              10
   4.18000078              10
   4.19000101              10
   4.20000124              10
   4.21000147              10
   4.22000170              10
   4.23000193              10
   4.24000216              10
   4.25000238              10
   4.26000261              10
   4.27000284              10
   4.28000307              10
   4.29000330              10
   4.30000353              10
   4.31000376              10
   4.32000399              10
   4.33000422              10
   4.34000444              10
   4.35000467              10
   4.36000490              10
   4.37000513              10
   4.38000536              10
   4.39000559              10
   4.40000582              10
   4.41000605              10
   4.42000628              10
   4.43000650              10
   4.44000673              10
   4.45000696              10
   4.46000719              10
   4.47000742              10
   4.48000765              10
   4.49000788              10
   4.50000811              10
   4.51000834              10
   4.52000856              10
   4.53000879              10
   4.54000902              10
   4.55000925              10
   4.56000948              10
   4.57000971              10
   4.58000994              10
   4.59001017              10
   4.60001040              10
   4.61001062              10
   4.62001085              10
   4.63001108              10
   4.64001131              10
   4.65001154              10
   4.66001177              10
   4.67001200              10
   4.68001223              10
   4.69001245              10
   4.70001268              10
   4.71001291              10
   4.72001314              10
   4.73001337              10
   4.74001360               9
   4.75001383               8
   4.76001406               8
   4.77001429               8
   4.78001451               8
   4.79001474               8
   4.80001497               8
   4.81001520               8
   4.82001543               8
   4.83001566               8
   4.84001589               8
   4.85001612               8
   4.86001635               8
   4.87001657               8
   4.88001680               8
   4.89001703               8
   4.90001726               8
   4.91001749               8
   4.92001772               8
   4.93001795               7
   4.94001818               7
   4.95001841               7
   4.96001863               7
   4.97001886               7
   4.98001909               7
   4.99001932               7
   5.00001955               7
   5.01001978               7
   5.02002001               7
   5.03002024               7
   5.04002047               7
   5.05002069               7
   5.06002092               7
   5.07002115               7
   5.08002138               7
   5.09002161               7
   5.10002184               7
   5.11002207               6
   5.12002230               6
   5.13002253               6
   5.14002275               6
   5.15002298               6
   5.16002321               6
   5.17002344               6
   5.18002367               6
   5.19002390               6
   5.20002413               6
   5.21002436               6
   5.22002459               6
   5.23002481               6
   5.24002504               6
   5.25002527               6
   5.26002550               6
   5.27002573               6
   5.28002596               6
   5.29002619               6
   5.30002642               6
   5.31002665               6
   5.32002687               6
   5.33002710               6
   5.34002733               6
   5.35002756               6
   5.36002779               6
   5.37002802               6
   5.38002825               6
   5.39002848               6
   5.40002871               6
   5.41002893               6
   5.42002916               6
   5.43002939               6
   5.44002962               6
   5.45002985               6
   5.46003008               6
   5.47003031               6
   5.48003054               6
   5.49003077               6
   5.50003099               6
   5.51003122               6
   5.52003145               6
   5.53003168               5
   5.54003191               5
   5.55003214               5
   5.56003237               5
   5.57003260               5
   5.58003283               5
   5.59003305               5
   5.60003328               5
   5.61003351               5
   5.62003374               5
   5.63003397               5
   5.64003420               5
   5.65003443               5
   5.66003466               5
   5.67003489               5
   5.68003511               5
   5.69003534               5
   5.70003557               5
   5.71003580               5
   5.72003603               5
   5.73003626               5
   5.74003649               4
   5.75003672               4
   5.76003695               4
   5.77003717               4
   5.78003740               4
   5.79003763               4
   5.80003786               4
   5.81003809               4
   5.82003832               4
   5.83003855               4
   5.84003878               3
   5.85003901               3
   5.86003923               3
   5.87003946               3
   5.88003969               3
   5.89003992               3
   5.90004015               3
   5.91004038               3
   5.92004061               3
   5.93004084               3
   5.94004107               3
   5.95004129               3
   5.96004152               3
   5.97004175               3
   5.98004198               3
   5.99004221               3
   6.00004244               3
   6.01004267               3
   6.02004290               3
   6.03004313               3
   6.04004335               3
   6.05004358               3
   6.06004381               3
   6.07004404               3
   6.08004427               3
   6.09004450               3
   6.10004473               3
   6.11004496               3
   6.12004519               3
   6.13004541               3
   6.14004564               3
   6.15004587               3
   6.16004610               3
   6.17004633               3
   6.18004656               3
   6.19004679               3
   6.20004702               3
   6.21004725               3
   6.22004747               2
   6.23004770               2
   6.24004793               2
   6.25004816               2
   6.26004839               2
   6.27004862               2
   6.28004885               2
   6.29004908               2
   6.30004930               2
   6.31004953               2
   6.32004976               2
   6.33004999               2
   6.34005022               2
   6.35005045               2
   6.36005068               2
   6.37005091               2
   6.38005114               2
   6.39005136               2
   6.40005159               2
   6.41005182               2
   6.42005205               2
   6.43005228               1
   6.44005251               1
   6.45005274               1
   6.46005297               1
   6.47005320               1
   6.48005342               1
   6.49005365               1
   6.50005388               1
   6.51005411               1
   6.52005434               1
   6.53005457               1
   6.54005480               1
   6.55005503               1
   6.56005526               1
   6.57005548               1
   6.58005571               1
   6.59005594               1
   6.60005617               1
   6.61005640               1
   6.62005663               1
   6.63005686               1
   6.64005709               1
   6.65005732               1
   6.66005754               1
   6.67005777               1
   6.68005800               1
   6.69005823               1
   6.70005846               1
   6.71005869               1
   6.72005892               1
   6.73005915               0
   6.74005938               0
   6.75005960               0
   6.76005983               0
   6.77006006               0
   6.78006029               0
   6.79006052               0
   6.80006075               0
   6.81006098               0
   6.82006121               0
   6.83006144               0
   6.84006166               0
   6.85006189               0
   6.86006212               0
   6.87006235               0
   6.88006258               0
   6.89006281               0
   6.90006304               0
   6.91006327               0
   6.92006350               0
   6.93006372               0
   6.94006395               0
   6.95006418               0
   6.96006441               0
   6.97006464               0
   6.98006487               0
   6.99006510               0
   7.00006533               0
   7.01006556               0
   7.02006578               0
   7.03006601               0
   7.04006624               0
   7.05006647               0
   7.06006670               0
   7.07006693               0
   7.08006716               0
   7.09006739               0
   7.10006762               0
   7.11006784               0
   7.12006807               0
   7.13006830               0
   7.14006853               0
   7.15006876               0
   7.16006899               0
   7.17006922               0
   7.18006945               0
   7.19006968               0
   7.20006990               0
   7.21007013               0
   7.22007036               0
   7.23007059               0
   7.24007082               0
   7.25007105               0
   7.26007128               0
   7.27007151               0
   7.28007174               0
   7.29007196               0
   7.30007219               0
   7.31007242               0
   7.32007265               0
   7.33007288               0
   7.34007311               0
   7.35007334               0
   7.36007357               0
   7.37007380               0
   7.38007402               0
   7.39007425               0
   7.40007448               0
   7.41007471               0
   7.42007494               0
   7.43007517               0
   7.44007540               0
   7.45007563               0
   7.46007586               0
   7.47007608               0
   7.48007631               0
   7.49007654               0
   7.50007677               0
   7.51007700               0
   7.52007723               0
   7.53007746               0
   7.54007769               0
   7.55007792               0
   7.56007814               0
   7.57007837               0
   7.58007860               0
   7.59007883               0
   7.60007906               0
   7.61007929               0
   7.62007952               0
   7.63007975               0
   7.64007998               0
   7.65008020               0
   7.66008043               0
   7.67008066               0
   7.68008089               0
   7.69008112               0
   7.70008135               0
   7.71008158               0
   7.72008181               0
   7.73008204               0
   7.74008226               0
   7.75008249               0
   7.76008272               0
   7.77008295               0
   7.78008318               0
   7.79008341               0
   7.80008364               0
   7.81008387               0
   7.82008410               0
   7.83008432               0
   7.84008455               0
   7.85008478               0
   7.86008501               0
   7.87008524               0
   7.88008547               0
   7.89008570               0
   7.90008593               0
   7.91008615               0
   7.92008638               0
   7.93008661               0
   7.94008684               0
   7.95008707               0
   7.96008730               0
   7.97008753               0
   7.98008776               0
   7.99008799               0
   8.00008774               0
