   0.00000000             990
   9.99999978E-03         973
   1.99999996E-02         963
   2.99999993E-02         950
   3.99999991E-02         937
   4.99999970E-02         930
   5.99999949E-02         920
   6.99999928E-02         908
   7.99999908E-02         897
   8.99999887E-02         889
   9.99999866E-02         883
  0.109999985             874
  0.119999982             869
  0.129999980             857
  0.139999986             845
  0.149999991             832
  0.159999996             822
  0.170000002             814
  0.180000007             804
  0.190000013             794
  0.200000018             782
  0.210000023             779
  0.220000029             772
  0.230000034             760
  0.240000039             753
  0.250000030             746
  0.260000020             735
  0.270000011             732
  0.280000001             725
  0.289999992             722
  0.299999982             716
  0.309999973             708
  0.319999963             698
  0.329999954             691
  0.339999944             686
  0.349999934             679
  0.359999925             674
  0.369999915             670
  0.379999906             664
  0.389999896             656
  0.399999887             645
  0.409999877             638
  0.419999868             632
  0.429999858             626
  0.439999849             623
  0.449999839             619
  0.459999830             615
  0.469999820             610
  0.479999810             602
  0.489999801             597
  0.499999791             591
  0.509999812             587
  0.519999802             580
  0.529999793             577
  0.539999783             569
  0.549999774             568
  0.559999764             563
  0.569999754             557
  0.579999745             554
  0.589999735             551
  0.599999726             544
  0.609999716             536
  0.619999707             531
  0.629999697             527
  0.639999688             524
  0.649999678             516
  0.659999669             512
  0.669999659             507
  0.679999650             502
  0.689999640             494
  0.699999630             492
  0.709999621             489
  0.719999611             485
  0.729999602             483
  0.739999592             481
  0.749999583             477
  0.759999573             474
  0.769999564             468
  0.779999554             463
  0.789999545             458
  0.799999535             454
  0.809999526             452
  0.819999516             446
  0.829999506             439
  0.839999497             433
  0.849999487             427
  0.859999478             424
  0.869999468             419
  0.879999459             417
  0.889999449             415
  0.899999440             409
  0.909999430             406
  0.919999421             402
  0.929999411             401
  0.939999402             394
  0.949999392             389
  0.959999382             386
  0.969999373             378
  0.979999363             375
  0.989999354             369
  0.999999344             367
   1.00999939             364
   1.01999938             361
   1.02999938             356
   1.03999937             351
   1.04999936             350
   1.05999935             347
   1.06999934             345
   1.07999933             339
   1.08999932             337
   1.09999931             333
   1.10999930             327
   1.11999929             325
   1.12999928             321
   1.13999927             319
   1.14999926             316
   1.15999925             311
   1.16999924             307
   1.17999923             304
   1.18999922             304
   1.19999921             298
   1.20999920             297
   1.21999919             296
   1.22999918             295
   1.23999918             291
   1.24999917             289
   1.25999916             286
   1.26999915             286
   1.27999914             286
   1.28999913             285
   1.29999912             282
   1.30999911             278
   1.31999910             276
   1.32999909             270
   1.33999908             266
   1.34999907             263
   1.35999906             261
   1.36999905             259
   1.37999904             259
   1.38999903             256
   1.39999902             252
   1.40999901             251
   1.41999900             249
   1.42999899             246
   1.43999898             241
   1.44999897             239
   1.45999897             237
   1.46999896             235
   1.47999895             231
   1.48999894             230
   1.49999893             226
   1.50999892             222
   1.51999891             220
   1.52999890             217
   1.53999889             217
   1.54999888             216
   1.55999887             214
   1.56999886             214
   1.57999885             211
   1.58999884             208
   1.59999883             205
   1.60999882             203
   1.61999881             199
   1.62999880             194
   1.63999879             192
   1.64999878             192
   1.65999877             191
   1.66999876             190
   1.67999876             187
   1.68999875             182
   1.69999874             182
   1.70999873             180
   1.71999872             179
   1.72999871             177
   1.73999870             176
   1.74999869             176
   1.75999868             175
   1.76999867             173
   1.77999866             172
   1.78999865             172
   1.79999864             170
   1.80999863             169
   1.81999862             169
   1.82999861             169
   1.83999860             167
   1.84999859             166
   1.85999858             164
   1.86999857             163
   1.87999856             163
   1.88999856             161
   1.89999855             159
   1.90999854             158
   1.91999853             158
   1.92999852             158
   1.93999851             158
   1.94999850             157
   1.95999849             154
   1.96999848             150
   1.97999847             150
   1.98999846             149
   1.99999845             145
   2.00999856             144
   2.01999855             140
   2.02999854             139
   2.03999853             137
   2.04999852             136
   2.05999851             133
   2.06999850             131
   2.07999849             130
   2.08999848             128
   2.09999847             125
   2.10999846             123
   2.11999846             123
   2.12999845             122
   2.13999844             122
   2.14999843             122
   2.15999842             122
   2.16999841             121
   2.17999840             119
   2.18999839             118
   2.19999838             117
   2.20999837             117
   2.21999836             116
   2.22999835             115
   2.23999834             114
   2.24999833             114
   2.25999832             113
   2.26999831             112
   2.27999830             112
   2.28999829             110
   2.29999828             108
   2.30999827             107
   2.31999826             105
   2.32999825             105
   2.33999825             104
   2.34999824             104
   2.35999823             104
   2.36999822             102
   2.37999821             101
   2.38999820              99
   2.39999819              98
   2.40999818              97
   2.41999817              95
   2.42999816              95
   2.43999815              93
   2.44999814              93
   2.45999813              93
   2.46999812              93
   2.47999811              92
   2.48999810              91
   2.49999809              90
   2.50999808              89
   2.51999807              88
   2.52999806              88
   2.53999805              87
   2.54999804              86
   2.55999804              86
   2.56999803              84
   2.57999802              84
   2.58999801              83
   2.59999800              82
   2.60999799              80
   2.61999798              80
   2.62999797              78
   2.63999796              77
   2.64999795              76
   2.65999794              75
   2.66999793              75
   2.67999792              74
   2.68999791              74
   2.69999790              73
   2.70999789              72
   2.71999788              71
   2.72999787              71
   2.73999786              71
   2.74999785              71
   2.75999784              71
   2.76999784              71
   2.77999783              70
   2.78999782              70
   2.79999781              69
   2.80999780              69
   2.81999779              69
   2.82999778              67
   2.83999777              67
   2.84999776              67
   2.85999775              67
   2.86999774              67
   2.87999773              66
   2.88999772              64
   2.89999771              64
   2.90999770              64
   2.91999769              61
   2.92999768              60
   2.93999767              60
   2.94999766              60
   2.95999765              59
   2.96999764              59
   2.97999763              59
   2.98999763              59
   2.99999762              59
   3.00999761              57
   3.01999760              57
   3.02999759              57
   3.03999758              56
   3.04999757              55
   3.05999756              55
   3.06999755              55
   3.07999754              55
   3.08999753              53
   3.09999752              51
   3.10999751              51
   3.11999750              50
   3.12999749              50
   3.13999748              50
   3.14999747              50
   3.15999746              49
   3.16999745              48
   3.17999744              48
   3.18999743              48
   3.19999743              48
   3.20999742              48
   3.21999741              48
   3.22999740              48
   3.23999739              47
   3.24999738              45
   3.25999737              45
   3.26999736              45
   3.27999735              45
   3.28999734              45
   3.29999733              45
   3.30999732              45
   3.31999731              43
   3.32999730              42
   3.33999729              42
   3.34999728              42
   3.35999727              41
   3.36999726              41
   3.37999725              39
   3.38999724              39
   3.39999723              38
   3.40999722              38
   3.41999722              38
   3.42999721              38
   3.43999720              38
   3.44999719              37
   3.45999718              36
   3.46999717              36
   3.47999716              36
   3.48999715              35
   3.49999714              35
   3.50999713              35
   3.51999712              34
   3.52999711              34
   3.53999710              34
   3.54999709              34
   3.55999708              34
   3.56999707              34
   3.57999706              34
   3.58999705              34
   3.59999704              33
   3.60999703              32
   3.61999702              32
   3.62999701              32
   3.63999701              32
   3.64999700              32
   3.65999699              32
   3.66999698              32
   3.67999697              32
   3.68999696              32
   3.69999695              32
   3.70999694              32
   3.71999693              32
   3.72999692              32
   3.73999691              32
   3.74999690              32
   3.75999689              32
   3.76999688              32
   3.77999687              32
   3.78999686              32
   3.79999685              32
   3.80999684              32
   3.81999683              32
   3.82999682              31
   3.83999681              31
   3.84999681              31
   3.85999680              31
   3.86999679              30
   3.87999678              30
   3.88999677              29
   3.89999676              29
   3.90999675              29
   3.91999674              28
   3.92999673              28
   3.93999672              28
   3.94999671              28
   3.95999670              28
   3.96999669              28
   3.97999668              28
   3.98999667              28
   3.99999666              28
   4.00999689              27
   4.01999712              27
   4.02999735              26
   4.03999758              26
   4.04999781              26
   4.05999804              26
   4.06999826              26
   4.07999849              26
   4.08999872              24
   4.09999895              24
   4.10999918              24
   4.11999941              22
   4.12999964              22
   4.13999987              21
   4.15000010              21
   4.16000032              21
   4.17000055              21
   4.18000078              21
   4.19000101              20
   4.20000124              20
   4.21000147              20
   4.22000170              20
   4.23000193              19
   4.24000216              18
   4.25000238              18
   4.26000261              18
   4.27000284              18
   4.28000307              18
   4.29000330              18
   4.30000353              18
   4.31000376              18
   4.32000399              18
   4.33000422              18
   4.34000444              18
   4.35000467              18
   4.36000490              18
   4.37000513              18
   4.38000536              18
   4.39000559              18
   4.40000582              18
   4.41000605              18
   4.42000628              17
   4.43000650              17
   4.44000673              17
   4.45000696              17
   4.46000719              17
   4.47000742              17
   4.48000765              17
   4.49000788              17
   4.50000811              17
   4.51000834              16
   4.52000856              15
   4.53000879              15
   4.54000902              15
   4.55000925              15
   4.56000948              15
   4.57000971              15
   4.58000994              15
   4.59001017              15
   4.60001040              15
   4.61001062              15
   4.62001085              14
   4.63001108              14
   4.64001131              14
   4.65001154              13
   4.66001177              13
   4.67001200              13
   4.68001223              13
   4.69001245              12
   4.70001268              12
   4.71001291              12
   4.72001314              12
   4.73001337              12
   4.74001360              12
   4.75001383              12
   4.76001406              12
   4.77001429              12
   4.78001451              12
   4.79001474              12
   4.80001497              12
   4.81001520              12
   4.82001543              12
   4.83001566              12
   4.84001589              12
   4.85001612              12
   4.86001635              10
   4.87001657              10
   4.88001680              10
   4.89001703              10
   4.90001726              10
   4.91001749              10
   4.92001772              10
   4.93001795               9
   4.94001818               9
   4.95001841               9
   4.96001863               9
   4.97001886               9
   4.98001909               9
   4.99001932               9
   5.00001955               9
   5.01001978               9
   5.02002001               9
   5.03002024               8
   5.04002047               8
   5.05002069               8
   5.06002092               8
   5.07002115               8
   5.08002138               8
   5.09002161               8
   5.10002184               7
   5.11002207               7
   5.12002230               7
   5.13002253               6
   5.14002275               6
   5.15002298               6
   5.16002321               6
   5.17002344               6
   5.18002367               6
   5.19002390               6
   5.20002413               6
   5.21002436               6
   5.22002459               6
   5.23002481               5
   5.24002504               5
   5.25002527               5
   5.26002550               5
   5.27002573               5
   5.28002596               5
   5.29002619               5
   5.30002642               5
   5.31002665               5
   5.32002687               5
   5.33002710               5
   5.34002733               5
   5.35002756               5
   5.36002779               5
   5.37002802               5
   5.38002825               5
   5.39002848               5
   5.40002871               5
   5.41002893               5
   5.42002916               5
   5.43002939               5
   5.44002962               5
   5.45002985               5
   5.46003008               5
   5.47003031               5
   5.48003054               5
   5.49003077               5
   5.50003099               5
   5.51003122               5
   5.52003145               5
   5.53003168               4
   5.54003191               4
   5.55003214               4
   5.56003237               4
   5.57003260               4
   5.58003283               4
   5.59003305               4
   5.60003328               4
   5.61003351               4
   5.62003374               4
   5.63003397               4
   5.64003420               4
   5.65003443               4
   5.66003466               4
   5.67003489               4
   5.68003511               4
   5.69003534               4
   5.70003557               4
   5.71003580               4
   5.72003603               4
   5.73003626               4
   5.74003649               4
   5.75003672               4
   5.76003695               4
   5.77003717               4
   5.78003740               4
   5.79003763               4
   5.80003786               4
   5.81003809               4
   5.82003832               4
   5.83003855               4
   5.84003878               4
   5.85003901               4
   5.86003923               4
   5.87003946               4
   5.88003969               4
   5.89003992               4
   5.90004015               4
   5.91004038               4
   5.92004061               4
   5.93004084               4
   5.94004107               4
   5.95004129               4
   5.96004152               4
   5.97004175               3
   5.98004198               3
   5.99004221               3
   6.00004244               3
   6.01004267               3
   6.02004290               3
   6.03004313               3
   6.04004335               3
   6.05004358               3
   6.06004381               3
   6.07004404               3
   6.08004427               3
   6.09004450               3
   6.10004473               3
   6.11004496               3
   6.12004519               3
   6.13004541               3
   6.14004564               3
   6.15004587               3
   6.16004610               3
   6.17004633               3
   6.18004656               3
   6.19004679               3
   6.20004702               3
   6.21004725               3
   6.22004747               3
   6.23004770               3
   6.24004793               3
   6.25004816               3
   6.26004839               3
   6.27004862               3
   6.28004885               3
   6.29004908               2
   6.30004930               2
   6.31004953               2
   6.32004976               2
   6.33004999               2
   6.34005022               2
   6.35005045               2
   6.36005068               2
   6.37005091               2
   6.38005114               2
   6.39005136               2
   6.40005159               2
   6.41005182               2
   6.42005205               2
   6.43005228               2
   6.44005251               2
   6.45005274               2
   6.46005297               2
   6.47005320               2
   6.48005342               2
   6.49005365               2
   6.50005388               2
   6.51005411               2
   6.52005434               2
   6.53005457               2
   6.54005480               2
   6.55005503               2
   6.56005526               2
   6.57005548               2
   6.58005571               2
   6.59005594               2
   6.60005617               2
   6.61005640               2
   6.62005663               2
   6.63005686               2
   6.64005709               2
   6.65005732               2
   6.66005754               2
   6.67005777               2
   6.68005800               2
   6.69005823               2
   6.70005846               2
   6.71005869               2
   6.72005892               2
   6.73005915               2
   6.74005938               2
   6.75005960               2
   6.76005983               2
   6.77006006               2
   6.78006029               2
   6.79006052               2
   6.80006075               2
   6.81006098               2
   6.82006121               2
   6.83006144               2
   6.84006166               2
   6.85006189               2
   6.86006212               2
   6.87006235               2
   6.88006258               2
   6.89006281               2
   6.90006304               2
   6.91006327               2
   6.92006350               2
   6.93006372               2
   6.94006395               2
   6.95006418               2
   6.96006441               2
   6.97006464               2
   6.98006487               2
   6.99006510               2
   7.00006533               2
   7.01006556               2
   7.02006578               2
   7.03006601               2
   7.04006624               2
   7.05006647               2
   7.06006670               2
   7.07006693               1
   7.08006716               1
   7.09006739               1
   7.10006762               1
   7.11006784               1
   7.12006807               1
   7.13006830               1
   7.14006853               1
   7.15006876               1
   7.16006899               1
   7.17006922               1
   7.18006945               1
   7.19006968               1
   7.20006990               0
   7.21007013               0
   7.22007036               0
   7.23007059               0
   7.24007082               0
   7.25007105               0
   7.26007128               0
   7.27007151               0
   7.28007174               0
   7.29007196               0
   7.30007219               0
   7.31007242               0
   7.32007265               0
   7.33007288               0
   7.34007311               0
   7.35007334               0
   7.36007357               0
   7.37007380               0
   7.38007402               0
   7.39007425               0
   7.40007448               0
   7.41007471               0
   7.42007494               0
   7.43007517               0
   7.44007540               0
   7.45007563               0
   7.46007586               0
   7.47007608               0
   7.48007631               0
   7.49007654               0
   7.50007677               0
   7.51007700               0
   7.52007723               0
   7.53007746               0
   7.54007769               0
   7.55007792               0
   7.56007814               0
   7.57007837               0
   7.58007860               0
   7.59007883               0
   7.60007906               0
   7.61007929               0
   7.62007952               0
   7.63007975               0
   7.64007998               0
   7.65008020               0
   7.66008043               0
   7.67008066               0
   7.68008089               0
   7.69008112               0
   7.70008135               0
   7.71008158               0
   7.72008181               0
   7.73008204               0
   7.74008226               0
   7.75008249               0
   7.76008272               0
   7.77008295               0
   7.78008318               0
   7.79008341               0
   7.80008364               0
   7.81008387               0
   7.82008410               0
   7.83008432               0
   7.84008455               0
   7.85008478               0
   7.86008501               0
   7.87008524               0
   7.88008547               0
   7.89008570               0
   7.90008593               0
   7.91008615               0
   7.92008638               0
   7.93008661               0
   7.94008684               0
   7.95008707               0
   7.96008730               0
   7.97008753               0
   7.98008776               0
   7.99008799               0
   8.00008774               0
