   0.00000000             986
   9.99999978E-03         975
   1.99999996E-02         963
   2.99999993E-02         950
   3.99999991E-02         942
   4.99999970E-02         936
   5.99999949E-02         923
   6.99999928E-02         913
   7.99999908E-02         908
   8.99999887E-02         902
   9.99999866E-02         896
  0.109999985             886
  0.119999982             875
  0.129999980             866
  0.139999986             861
  0.149999991             854
  0.159999996             845
  0.170000002             840
  0.180000007             830
  0.190000013             822
  0.200000018             813
  0.210000023             807
  0.220000029             794
  0.230000034             785
  0.240000039             772
  0.250000030             762
  0.260000020             754
  0.270000011             750
  0.280000001             745
  0.289999992             734
  0.299999982             733
  0.309999973             726
  0.319999963             717
  0.329999954             707
  0.339999944             697
  0.349999934             689
  0.359999925             681
  0.369999915             672
  0.379999906             666
  0.389999896             658
  0.399999887             654
  0.409999877             647
  0.419999868             639
  0.429999858             632
  0.439999849             621
  0.449999839             613
  0.459999830             607
  0.469999820             601
  0.479999810             595
  0.489999801             589
  0.499999791             582
  0.509999812             579
  0.519999802             574
  0.529999793             569
  0.539999783             567
  0.549999774             560
  0.559999764             556
  0.569999754             551
  0.579999745             544
  0.589999735             541
  0.599999726             535
  0.609999716             532
  0.619999707             526
  0.629999697             516
  0.639999688             510
  0.649999678             506
  0.659999669             505
  0.669999659             497
  0.679999650             487
  0.689999640             483
  0.699999630             477
  0.709999621             470
  0.719999611             468
  0.729999602             464
  0.739999592             454
  0.749999583             451
  0.759999573             450
  0.769999564             448
  0.779999554             442
  0.789999545             440
  0.799999535             434
  0.809999526             426
  0.819999516             425
  0.829999506             416
  0.839999497             413
  0.849999487             408
  0.859999478             403
  0.869999468             400
  0.879999459             399
  0.889999449             397
  0.899999440             390
  0.909999430             381
  0.919999421             378
  0.929999411             373
  0.939999402             363
  0.949999392             362
  0.959999382             359
  0.969999373             357
  0.979999363             349
  0.989999354             344
  0.999999344             343
   1.00999939             340
   1.01999938             338
   1.02999938             330
   1.03999937             330
   1.04999936             328
   1.05999935             320
   1.06999934             319
   1.07999933             313
   1.08999932             312
   1.09999931             307
   1.10999930             305
   1.11999929             304
   1.12999928             299
   1.13999927             296
   1.14999926             292
   1.15999925             286
   1.16999924             284
   1.17999923             282
   1.18999922             278
   1.19999921             276
   1.20999920             273
   1.21999919             271
   1.22999918             266
   1.23999918             266
   1.24999917             263
   1.25999916             263
   1.26999915             258
   1.27999914             258
   1.28999913             255
   1.29999912             253
   1.30999911             252
   1.31999910             247
   1.32999909             241
   1.33999908             235
   1.34999907             234
   1.35999906             231
   1.36999905             230
   1.37999904             224
   1.38999903             221
   1.39999902             219
   1.40999901             217
   1.41999900             214
   1.42999899             213
   1.43999898             211
   1.44999897             208
   1.45999897             207
   1.46999896             203
   1.47999895             200
   1.48999894             200
   1.49999893             197
   1.50999892             195
   1.51999891             194
   1.52999890             194
   1.53999889             190
   1.54999888             184
   1.55999887             183
   1.56999886             181
   1.57999885             179
   1.58999884             177
   1.59999883             174
   1.60999882             174
   1.61999881             172
   1.62999880             171
   1.63999879             168
   1.64999878             166
   1.65999877             165
   1.66999876             165
   1.67999876             165
   1.68999875             161
   1.69999874             161
   1.70999873             159
   1.71999872             158
   1.72999871             156
   1.73999870             153
   1.74999869             151
   1.75999868             151
   1.76999867             150
   1.77999866             148
   1.78999865             146
   1.79999864             144
   1.80999863             142
   1.81999862             141
   1.82999861             139
   1.83999860             137
   1.84999859             137
   1.85999858             137
   1.86999857             135
   1.87999856             135
   1.88999856             133
   1.89999855             131
   1.90999854             131
   1.91999853             130
   1.92999852             129
   1.93999851             126
   1.94999850             124
   1.95999849             122
   1.96999848             122
   1.97999847             121
   1.98999846             118
   1.99999845             118
   2.00999856             117
   2.01999855             116
   2.02999854             115
   2.03999853             113
   2.04999852             111
   2.05999851             111
   2.06999850             111
   2.07999849             111
   2.08999848             109
   2.09999847             108
   2.10999846             106
   2.11999846             106
   2.12999845             105
   2.13999844             105
   2.14999843             104
   2.15999842             104
   2.16999841             104
   2.17999840             103
   2.18999839             101
   2.19999838             101
   2.20999837             100
   2.21999836             100
   2.22999835             100
   2.23999834              99
   2.24999833              97
   2.25999832              95
   2.26999831              94
   2.27999830              93
   2.28999829              93
   2.29999828              93
   2.30999827              93
   2.31999826              93
   2.32999825              92
   2.33999825              92
   2.34999824              92
   2.35999823              89
   2.36999822              89
   2.37999821              89
   2.38999820              89
   2.39999819              87
   2.40999818              86
   2.41999817              85
   2.42999816              85
   2.43999815              83
   2.44999814              81
   2.45999813              80
   2.46999812              79
   2.47999811              79
   2.48999810              76
   2.49999809              76
   2.50999808              76
   2.51999807              76
   2.52999806              74
   2.53999805              74
   2.54999804              73
   2.55999804              72
   2.56999803              71
   2.57999802              71
   2.58999801              71
   2.59999800              71
   2.60999799              71
   2.61999798              68
   2.62999797              68
   2.63999796              67
   2.64999795              67
   2.65999794              64
   2.66999793              64
   2.67999792              64
   2.68999791              64
   2.69999790              63
   2.70999789              63
   2.71999788              63
   2.72999787              63
   2.73999786              63
   2.74999785              63
   2.75999784              63
   2.76999784              62
   2.77999783              62
   2.78999782              61
   2.79999781              60
   2.80999780              59
   2.81999779              58
   2.82999778              57
   2.83999777              57
   2.84999776              57
   2.85999775              56
   2.86999774              56
   2.87999773              56
   2.88999772              56
   2.89999771              55
   2.90999770              54
   2.91999769              54
   2.92999768              52
   2.93999767              51
   2.94999766              51
   2.95999765              51
   2.96999764              51
   2.97999763              51
   2.98999763              51
   2.99999762              50
   3.00999761              49
   3.01999760              48
   3.02999759              46
   3.03999758              46
   3.04999757              45
   3.05999756              45
   3.06999755              44
   3.07999754              44
   3.08999753              44
   3.09999752              43
   3.10999751              43
   3.11999750              43
   3.12999749              42
   3.13999748              42
   3.14999747              41
   3.15999746              40
   3.16999745              40
   3.17999744              40
   3.18999743              39
   3.19999743              38
   3.20999742              38
   3.21999741              38
   3.22999740              38
   3.23999739              37
   3.24999738              36
   3.25999737              36
   3.26999736              36
   3.27999735              35
   3.28999734              34
   3.29999733              32
   3.30999732              32
   3.31999731              32
   3.32999730              32
   3.33999729              32
   3.34999728              32
   3.35999727              32
   3.36999726              32
   3.37999725              32
   3.38999724              31
   3.39999723              31
   3.40999722              31
   3.41999722              30
   3.42999721              30
   3.43999720              30
   3.44999719              29
   3.45999718              28
   3.46999717              28
   3.47999716              28
   3.48999715              27
   3.49999714              27
   3.50999713              27
   3.51999712              27
   3.52999711              27
   3.53999710              25
   3.54999709              23
   3.55999708              23
   3.56999707              23
   3.57999706              23
   3.58999705              23
   3.59999704              23
   3.60999703              23
   3.61999702              23
   3.62999701              23
   3.63999701              23
   3.64999700              23
   3.65999699              23
   3.66999698              23
   3.67999697              23
   3.68999696              23
   3.69999695              23
   3.70999694              23
   3.71999693              23
   3.72999692              23
   3.73999691              23
   3.74999690              23
   3.75999689              22
   3.76999688              22
   3.77999687              21
   3.78999686              20
   3.79999685              20
   3.80999684              20
   3.81999683              20
   3.82999682              20
   3.83999681              20
   3.84999681              18
   3.85999680              18
   3.86999679              18
   3.87999678              18
   3.88999677              18
   3.89999676              18
   3.90999675              18
   3.91999674              18
   3.92999673              17
   3.93999672              17
   3.94999671              17
   3.95999670              17
   3.96999669              17
   3.97999668              17
   3.98999667              17
   3.99999666              15
   4.00999689              14
   4.01999712              14
   4.02999735              13
   4.03999758              13
   4.04999781              13
   4.05999804              13
   4.06999826              13
   4.07999849              13
   4.08999872              13
   4.09999895              13
   4.10999918              13
   4.11999941              13
   4.12999964              13
   4.13999987              13
   4.15000010              13
   4.16000032              13
   4.17000055              13
   4.18000078              13
   4.19000101              13
   4.20000124              13
   4.21000147              13
   4.22000170              12
   4.23000193              12
   4.24000216              12
   4.25000238              12
   4.26000261              12
   4.27000284              12
   4.28000307              12
   4.29000330              12
   4.30000353              12
   4.31000376              12
   4.32000399              12
   4.33000422              12
   4.34000444              12
   4.35000467              12
   4.36000490              12
   4.37000513              12
   4.38000536              12
   4.39000559              12
   4.40000582              12
   4.41000605              12
   4.42000628              12
   4.43000650              12
   4.44000673              12
   4.45000696              12
   4.46000719              12
   4.47000742              12
   4.48000765              12
   4.49000788              12
   4.50000811              12
   4.51000834              12
   4.52000856              12
   4.53000879              12
   4.54000902              12
   4.55000925              12
   4.56000948              12
   4.57000971              12
   4.58000994              12
   4.59001017              12
   4.60001040              12
   4.61001062              12
   4.62001085              12
   4.63001108              12
   4.64001131              12
   4.65001154              12
   4.66001177              12
   4.67001200              12
   4.68001223              11
   4.69001245              11
   4.70001268              11
   4.71001291              11
   4.72001314              11
   4.73001337              11
   4.74001360              11
   4.75001383              10
   4.76001406              10
   4.77001429              10
   4.78001451              10
   4.79001474              10
   4.80001497              10
   4.81001520              10
   4.82001543               9
   4.83001566               9
   4.84001589               9
   4.85001612               9
   4.86001635               9
   4.87001657               9
   4.88001680               9
   4.89001703               9
   4.90001726               9
   4.91001749               9
   4.92001772               9
   4.93001795               9
   4.94001818               9
   4.95001841               9
   4.96001863               9
   4.97001886               9
   4.98001909               8
   4.99001932               8
   5.00001955               8
   5.01001978               8
   5.02002001               8
   5.03002024               8
   5.04002047               8
   5.05002069               8
   5.06002092               8
   5.07002115               8
   5.08002138               8
   5.09002161               8
   5.10002184               7
   5.11002207               7
   5.12002230               7
   5.13002253               7
   5.14002275               7
   5.15002298               7
   5.16002321               7
   5.17002344               7
   5.18002367               7
   5.19002390               7
   5.20002413               7
   5.21002436               7
   5.22002459               7
   5.23002481               7
   5.24002504               7
   5.25002527               7
   5.26002550               7
   5.27002573               7
   5.28002596               7
   5.29002619               7
   5.30002642               7
   5.31002665               6
   5.32002687               6
   5.33002710               5
   5.34002733               5
   5.35002756               5
   5.36002779               5
   5.37002802               4
   5.38002825               4
   5.39002848               4
   5.40002871               4
   5.41002893               4
   5.42002916               4
   5.43002939               4
   5.44002962               4
   5.45002985               4
   5.46003008               4
   5.47003031               4
   5.48003054               4
   5.49003077               4
   5.50003099               4
   5.51003122               4
   5.52003145               4
   5.53003168               4
   5.54003191               4
   5.55003214               4
   5.56003237               4
   5.57003260               4
   5.58003283               4
   5.59003305               4
   5.60003328               4
   5.61003351               3
   5.62003374               3
   5.63003397               3
   5.64003420               3
   5.65003443               3
   5.66003466               3
   5.67003489               3
   5.68003511               3
   5.69003534               3
   5.70003557               3
   5.71003580               3
   5.72003603               3
   5.73003626               3
   5.74003649               3
   5.75003672               3
   5.76003695               3
   5.77003717               3
   5.78003740               3
   5.79003763               3
   5.80003786               3
   5.81003809               3
   5.82003832               3
   5.83003855               3
   5.84003878               3
   5.85003901               3
   5.86003923               3
   5.87003946               3
   5.88003969               2
   5.89003992               2
   5.90004015               2
   5.91004038               2
   5.92004061               2
   5.93004084               2
   5.94004107               2
   5.95004129               2
   5.96004152               2
   5.97004175               2
   5.98004198               2
   5.99004221               2
   6.00004244               2
   6.01004267               2
   6.02004290               2
   6.03004313               2
   6.04004335               2
   6.05004358               2
   6.06004381               2
   6.07004404               2
   6.08004427               2
   6.09004450               2
   6.10004473               2
   6.11004496               2
   6.12004519               2
   6.13004541               2
   6.14004564               2
   6.15004587               2
   6.16004610               2
   6.17004633               2
   6.18004656               2
   6.19004679               2
   6.20004702               2
   6.21004725               2
   6.22004747               2
   6.23004770               2
   6.24004793               1
   6.25004816               1
   6.26004839               1
   6.27004862               1
   6.28004885               1
   6.29004908               1
   6.30004930               1
   6.31004953               1
   6.32004976               1
   6.33004999               1
   6.34005022               1
   6.35005045               1
   6.36005068               1
   6.37005091               1
   6.38005114               1
   6.39005136               1
   6.40005159               1
   6.41005182               1
   6.42005205               1
   6.43005228               1
   6.44005251               1
   6.45005274               1
   6.46005297               1
   6.47005320               1
   6.48005342               1
   6.49005365               1
   6.50005388               1
   6.51005411               1
   6.52005434               1
   6.53005457               1
   6.54005480               1
   6.55005503               1
   6.56005526               1
   6.57005548               1
   6.58005571               1
   6.59005594               1
   6.60005617               1
   6.61005640               1
   6.62005663               1
   6.63005686               1
   6.64005709               1
   6.65005732               1
   6.66005754               1
   6.67005777               1
   6.68005800               1
   6.69005823               1
   6.70005846               1
   6.71005869               1
   6.72005892               1
   6.73005915               1
   6.74005938               1
   6.75005960               1
   6.76005983               1
   6.77006006               1
   6.78006029               1
   6.79006052               1
   6.80006075               1
   6.81006098               1
   6.82006121               1
   6.83006144               1
   6.84006166               1
   6.85006189               1
   6.86006212               1
   6.87006235               1
   6.88006258               1
   6.89006281               1
   6.90006304               1
   6.91006327               1
   6.92006350               1
   6.93006372               1
   6.94006395               1
   6.95006418               1
   6.96006441               1
   6.97006464               1
   6.98006487               1
   6.99006510               1
   7.00006533               1
   7.01006556               1
   7.02006578               1
   7.03006601               1
   7.04006624               1
   7.05006647               1
   7.06006670               1
   7.07006693               1
   7.08006716               1
   7.09006739               1
   7.10006762               1
   7.11006784               0
   7.12006807               0
   7.13006830               0
   7.14006853               0
   7.15006876               0
   7.16006899               0
   7.17006922               0
   7.18006945               0
   7.19006968               0
   7.20006990               0
   7.21007013               0
   7.22007036               0
   7.23007059               0
   7.24007082               0
   7.25007105               0
   7.26007128               0
   7.27007151               0
   7.28007174               0
   7.29007196               0
   7.30007219               0
   7.31007242               0
   7.32007265               0
   7.33007288               0
   7.34007311               0
   7.35007334               0
   7.36007357               0
   7.37007380               0
   7.38007402               0
   7.39007425               0
   7.40007448               0
   7.41007471               0
   7.42007494               0
   7.43007517               0
   7.44007540               0
   7.45007563               0
   7.46007586               0
   7.47007608               0
   7.48007631               0
   7.49007654               0
   7.50007677               0
   7.51007700               0
   7.52007723               0
   7.53007746               0
   7.54007769               0
   7.55007792               0
   7.56007814               0
   7.57007837               0
   7.58007860               0
   7.59007883               0
   7.60007906               0
   7.61007929               0
   7.62007952               0
   7.63007975               0
   7.64007998               0
   7.65008020               0
   7.66008043               0
   7.67008066               0
   7.68008089               0
   7.69008112               0
   7.70008135               0
   7.71008158               0
   7.72008181               0
   7.73008204               0
   7.74008226               0
   7.75008249               0
   7.76008272               0
   7.77008295               0
   7.78008318               0
   7.79008341               0
   7.80008364               0
   7.81008387               0
   7.82008410               0
   7.83008432               0
   7.84008455               0
   7.85008478               0
   7.86008501               0
   7.87008524               0
   7.88008547               0
   7.89008570               0
   7.90008593               0
   7.91008615               0
   7.92008638               0
   7.93008661               0
   7.94008684               0
   7.95008707               0
   7.96008730               0
   7.97008753               0
   7.98008776               0
   7.99008799               0
   8.00008774               0
