   0.00000000             988
   9.99999978E-03         977
   1.99999996E-02         966
   2.99999993E-02         958
   3.99999991E-02         949
   4.99999970E-02         939
   5.99999949E-02         934
   6.99999928E-02         925
   7.99999908E-02         919
   8.99999887E-02         909
   9.99999866E-02         905
  0.109999985             898
  0.119999982             887
  0.129999980             877
  0.139999986             869
  0.149999991             858
  0.159999996             848
  0.170000002             836
  0.180000007             823
  0.190000013             815
  0.200000018             808
  0.210000023             805
  0.220000029             797
  0.230000034             792
  0.240000039             782
  0.250000030             779
  0.260000020             768
  0.270000011             766
  0.280000001             757
  0.289999992             751
  0.299999982             743
  0.309999973             737
  0.319999963             726
  0.329999954             719
  0.339999944             713
  0.349999934             700
  0.359999925             688
  0.369999915             679
  0.379999906             674
  0.389999896             668
  0.399999887             660
  0.409999877             651
  0.419999868             645
  0.429999858             637
  0.439999849             627
  0.449999839             616
  0.459999830             611
  0.469999820             603
  0.479999810             587
  0.489999801             579
  0.499999791             572
  0.509999812             566
  0.519999802             563
  0.529999793             557
  0.539999783             550
  0.549999774             541
  0.559999764             532
  0.569999754             526
  0.579999745             522
  0.589999735             516
  0.599999726             508
  0.609999716             500
  0.619999707             495
  0.629999697             491
  0.639999688             486
  0.649999678             482
  0.659999669             477
  0.669999659             472
  0.679999650             467
  0.689999640             465
  0.699999630             459
  0.709999621             452
  0.719999611             449
  0.729999602             447
  0.739999592             439
  0.749999583             437
  0.759999573             432
  0.769999564             430
  0.779999554             427
  0.789999545             424
  0.799999535             417
  0.809999526             414
  0.819999516             406
  0.829999506             403
  0.839999497             399
  0.849999487             395
  0.859999478             392
  0.869999468             388
  0.879999459             388
  0.889999449             386
  0.899999440             383
  0.909999430             377
  0.919999421             371
  0.929999411             370
  0.939999402             362
  0.949999392             357
  0.959999382             352
  0.969999373             352
  0.979999363             345
  0.989999354             345
  0.999999344             342
   1.00999939             338
   1.01999938             333
   1.02999938             326
   1.03999937             324
   1.04999936             317
   1.05999935             314
   1.06999934             312
   1.07999933             306
   1.08999932             305
   1.09999931             301
   1.10999930             297
   1.11999929             294
   1.12999928             294
   1.13999927             289
   1.14999926             284
   1.15999925             284
   1.16999924             279
   1.17999923             279
   1.18999922             276
   1.19999921             274
   1.20999920             272
   1.21999919             269
   1.22999918             266
   1.23999918             263
   1.24999917             261
   1.25999916             260
   1.26999915             257
   1.27999914             252
   1.28999913             249
   1.29999912             248
   1.30999911             246
   1.31999910             246
   1.32999909             243
   1.33999908             243
   1.34999907             242
   1.35999906             240
   1.36999905             237
   1.37999904             235
   1.38999903             231
   1.39999902             229
   1.40999901             228
   1.41999900             227
   1.42999899             225
   1.43999898             222
   1.44999897             220
   1.45999897             217
   1.46999896             215
   1.47999895             211
   1.48999894             206
   1.49999893             205
   1.50999892             204
   1.51999891             203
   1.52999890             202
   1.53999889             202
   1.54999888             199
   1.55999887             197
   1.56999886             194
   1.57999885             190
   1.58999884             184
   1.59999883             184
   1.60999882             183
   1.61999881             180
   1.62999880             180
   1.63999879             178
   1.64999878             177
   1.65999877             175
   1.66999876             173
   1.67999876             171
   1.68999875             167
   1.69999874             166
   1.70999873             166
   1.71999872             165
   1.72999871             161
   1.73999870             157
   1.74999869             157
   1.75999868             154
   1.76999867             152
   1.77999866             152
   1.78999865             150
   1.79999864             149
   1.80999863             147
   1.81999862             146
   1.82999861             144
   1.83999860             142
   1.84999859             135
   1.85999858             133
   1.86999857             133
   1.87999856             132
   1.88999856             130
   1.89999855             128
   1.90999854             127
   1.91999853             127
   1.92999852             123
   1.93999851             122
   1.94999850             121
   1.95999849             119
   1.96999848             116
   1.97999847             115
   1.98999846             114
   1.99999845             112
   2.00999856             109
   2.01999855             109
   2.02999854             108
   2.03999853             106
   2.04999852             105
   2.05999851             102
   2.06999850             101
   2.07999849             101
   2.08999848             101
   2.09999847             101
   2.10999846              99
   2.11999846              98
   2.12999845              98
   2.13999844              98
   2.14999843              98
   2.15999842              96
   2.16999841              94
   2.17999840              94
   2.18999839              93
   2.19999838              93
   2.20999837              92
   2.21999836              91
   2.22999835              89
   2.23999834              88
   2.24999833              88
   2.25999832              86
   2.26999831              86
   2.27999830              86
   2.28999829              86
   2.29999828              85
   2.30999827              84
   2.31999826              83
   2.32999825              79
   2.33999825              79
   2.34999824              78
   2.35999823              78
   2.36999822              77
   2.37999821              74
   2.38999820              72
   2.39999819              71
   2.40999818              71
   2.41999817              70
   2.42999816              69
   2.43999815              68
   2.44999814              67
   2.45999813              67
   2.46999812              66
   2.47999811              66
   2.48999810              65
   2.49999809              64
   2.50999808              64
   2.51999807              64
   2.52999806              63
   2.53999805              62
   2.54999804              61
   2.55999804              59
   2.56999803              59
   2.57999802              57
   2.58999801              56
   2.59999800              55
   2.60999799              54
   2.61999798              54
   2.62999797              53
   2.63999796              53
   2.64999795              52
   2.65999794              50
   2.66999793              49
   2.67999792              48
   2.68999791              46
   2.69999790              46
   2.70999789              46
   2.71999788              46
   2.72999787              46
   2.73999786              46
   2.74999785              46
   2.75999784              46
   2.76999784              46
   2.77999783              46
   2.78999782              45
   2.79999781              44
   2.80999780              44
   2.81999779              44
   2.82999778              44
   2.83999777              44
   2.84999776              44
   2.85999775              44
   2.86999774              44
   2.87999773              43
   2.88999772              43
   2.89999771              43
   2.90999770              43
   2.91999769              43
   2.92999768              43
   2.93999767              43
   2.94999766              43
   2.95999765              42
   2.96999764              40
   2.97999763              40
   2.98999763              40
   2.99999762              40
   3.00999761              40
   3.01999760              39
   3.02999759              39
   3.03999758              39
   3.04999757              39
   3.05999756              37
   3.06999755              35
   3.07999754              35
   3.08999753              35
   3.09999752              33
   3.10999751              32
   3.11999750              32
   3.12999749              32
   3.13999748              32
   3.14999747              32
   3.15999746              32
   3.16999745              32
   3.17999744              31
   3.18999743              31
   3.19999743              31
   3.20999742              31
   3.21999741              31
   3.22999740              31
   3.23999739              30
   3.24999738              30
   3.25999737              30
   3.26999736              29
   3.27999735              29
   3.28999734              29
   3.29999733              29
   3.30999732              28
   3.31999731              27
   3.32999730              27
   3.33999729              26
   3.34999728              25
   3.35999727              24
   3.36999726              24
   3.37999725              24
   3.38999724              24
   3.39999723              23
   3.40999722              23
   3.41999722              23
   3.42999721              21
   3.43999720              21
   3.44999719              21
   3.45999718              21
   3.46999717              21
   3.47999716              20
   3.48999715              20
   3.49999714              19
   3.50999713              19
   3.51999712              18
   3.52999711              18
   3.53999710              18
   3.54999709              18
   3.55999708              18
   3.56999707              18
   3.57999706              18
   3.58999705              18
   3.59999704              17
   3.60999703              17
   3.61999702              17
   3.62999701              17
   3.63999701              17
   3.64999700              17
   3.65999699              17
   3.66999698              17
   3.67999697              17
   3.68999696              17
   3.69999695              17
   3.70999694              17
   3.71999693              17
   3.72999692              17
   3.73999691              17
   3.74999690              17
   3.75999689              17
   3.76999688              17
   3.77999687              17
   3.78999686              17
   3.79999685              17
   3.80999684              17
   3.81999683              17
   3.82999682              17
   3.83999681              17
   3.84999681              17
   3.85999680              17
   3.86999679              16
   3.87999678              16
   3.88999677              16
   3.89999676              15
   3.90999675              15
   3.91999674              15
   3.92999673              15
   3.93999672              14
   3.94999671              12
   3.95999670              12
   3.96999669              12
   3.97999668              11
   3.98999667              11
   3.99999666              10
   4.00999689              10
   4.01999712              10
   4.02999735              10
   4.03999758              10
   4.04999781               9
   4.05999804               9
   4.06999826               9
   4.07999849               9
   4.08999872               9
   4.09999895               9
   4.10999918               9
   4.11999941               9
   4.12999964               9
   4.13999987               9
   4.15000010               9
   4.16000032               9
   4.17000055               9
   4.18000078               9
   4.19000101               9
   4.20000124               9
   4.21000147               9
   4.22000170               9
   4.23000193               8
   4.24000216               8
   4.25000238               8
   4.26000261               8
   4.27000284               8
   4.28000307               7
   4.29000330               7
   4.30000353               7
   4.31000376               7
   4.32000399               7
   4.33000422               7
   4.34000444               7
   4.35000467               7
   4.36000490               7
   4.37000513               7
   4.38000536               7
   4.39000559               7
   4.40000582               7
   4.41000605               7
   4.42000628               7
   4.43000650               7
   4.44000673               7
   4.45000696               7
   4.46000719               7
   4.47000742               7
   4.48000765               7
   4.49000788               7
   4.50000811               7
   4.51000834               7
   4.52000856               7
   4.53000879               7
   4.54000902               7
   4.55000925               7
   4.56000948               7
   4.57000971               7
   4.58000994               7
   4.59001017               7
   4.60001040               7
   4.61001062               7
   4.62001085               7
   4.63001108               7
   4.64001131               7
   4.65001154               7
   4.66001177               7
   4.67001200               7
   4.68001223               7
   4.69001245               7
   4.70001268               7
   4.71001291               7
   4.72001314               7
   4.73001337               7
   4.74001360               7
   4.75001383               7
   4.76001406               7
   4.77001429               7
   4.78001451               7
   4.79001474               7
   4.80001497               7
   4.81001520               7
   4.82001543               7
   4.83001566               7
   4.84001589               7
   4.85001612               7
   4.86001635               7
   4.87001657               7
   4.88001680               7
   4.89001703               7
   4.90001726               7
   4.91001749               7
   4.92001772               7
   4.93001795               7
   4.94001818               7
   4.95001841               7
   4.96001863               7
   4.97001886               7
   4.98001909               7
   4.99001932               7
   5.00001955               7
   5.01001978               7
   5.02002001               7
   5.03002024               7
   5.04002047               7
   5.05002069               7
   5.06002092               7
   5.07002115               7
   5.08002138               7
   5.09002161               7
   5.10002184               7
   5.11002207               7
   5.12002230               7
   5.13002253               7
   5.14002275               7
   5.15002298               7
   5.16002321               7
   5.17002344               7
   5.18002367               6
   5.19002390               6
   5.20002413               6
   5.21002436               6
   5.22002459               6
   5.23002481               6
   5.24002504               6
   5.25002527               6
   5.26002550               6
   5.27002573               6
   5.28002596               6
   5.29002619               6
   5.30002642               6
   5.31002665               6
   5.32002687               6
   5.33002710               6
   5.34002733               6
   5.35002756               6
   5.36002779               6
   5.37002802               6
   5.38002825               6
   5.39002848               6
   5.40002871               6
   5.41002893               6
   5.42002916               6
   5.43002939               6
   5.44002962               5
   5.45002985               5
   5.46003008               5
   5.47003031               5
   5.48003054               5
   5.49003077               4
   5.50003099               4
   5.51003122               4
   5.52003145               4
   5.53003168               4
   5.54003191               4
   5.55003214               3
   5.56003237               3
   5.57003260               3
   5.58003283               3
   5.59003305               3
   5.60003328               3
   5.61003351               2
   5.62003374               2
   5.63003397               2
   5.64003420               2
   5.65003443               2
   5.66003466               2
   5.67003489               2
   5.68003511               2
   5.69003534               2
   5.70003557               2
   5.71003580               2
   5.72003603               2
   5.73003626               2
   5.74003649               2
   5.75003672               2
   5.76003695               2
   5.77003717               2
   5.78003740               2
   5.79003763               2
   5.80003786               2
   5.81003809               2
   5.82003832               2
   5.83003855               2
   5.84003878               2
   5.85003901               2
   5.86003923               2
   5.87003946               2
   5.88003969               2
   5.89003992               2
   5.90004015               2
   5.91004038               2
   5.92004061               2
   5.93004084               2
   5.94004107               2
   5.95004129               2
   5.96004152               2
   5.97004175               2
   5.98004198               2
   5.99004221               2
   6.00004244               2
   6.01004267               2
   6.02004290               2
   6.03004313               2
   6.04004335               2
   6.05004358               2
   6.06004381               2
   6.07004404               2
   6.08004427               2
   6.09004450               2
   6.10004473               2
   6.11004496               2
   6.12004519               2
   6.13004541               2
   6.14004564               2
   6.15004587               2
   6.16004610               2
   6.17004633               2
   6.18004656               2
   6.19004679               2
   6.20004702               2
   6.21004725               2
   6.22004747               2
   6.23004770               2
   6.24004793               2
   6.25004816               2
   6.26004839               2
   6.27004862               2
   6.28004885               2
   6.29004908               2
   6.30004930               2
   6.31004953               2
   6.32004976               2
   6.33004999               2
   6.34005022               2
   6.35005045               2
   6.36005068               2
   6.37005091               2
   6.38005114               2
   6.39005136               2
   6.40005159               2
   6.41005182               2
   6.42005205               2
   6.43005228               2
   6.44005251               2
   6.45005274               2
   6.46005297               2
   6.47005320               2
   6.48005342               2
   6.49005365               1
   6.50005388               1
   6.51005411               1
   6.52005434               1
   6.53005457               1
   6.54005480               1
   6.55005503               1
   6.56005526               1
   6.57005548               1
   6.58005571               1
   6.59005594               1
   6.60005617               1
   6.61005640               1
   6.62005663               1
   6.63005686               1
   6.64005709               1
   6.65005732               1
   6.66005754               1
   6.67005777               1
   6.68005800               1
   6.69005823               1
   6.70005846               1
   6.71005869               1
   6.72005892               1
   6.73005915               1
   6.74005938               1
   6.75005960               1
   6.76005983               1
   6.77006006               1
   6.78006029               1
   6.79006052               1
   6.80006075               1
   6.81006098               1
   6.82006121               1
   6.83006144               1
   6.84006166               1
   6.85006189               1
   6.86006212               1
   6.87006235               1
   6.88006258               1
   6.89006281               1
   6.90006304               1
   6.91006327               1
   6.92006350               1
   6.93006372               1
   6.94006395               1
   6.95006418               1
   6.96006441               1
   6.97006464               1
   6.98006487               1
   6.99006510               1
   7.00006533               1
   7.01006556               1
   7.02006578               1
   7.03006601               1
   7.04006624               1
   7.05006647               1
   7.06006670               1
   7.07006693               1
   7.08006716               1
   7.09006739               1
   7.10006762               1
   7.11006784               1
   7.12006807               1
   7.13006830               0
   7.14006853               0
   7.15006876               0
   7.16006899               0
   7.17006922               0
   7.18006945               0
   7.19006968               0
   7.20006990               0
   7.21007013               0
   7.22007036               0
   7.23007059               0
   7.24007082               0
   7.25007105               0
   7.26007128               0
   7.27007151               0
   7.28007174               0
   7.29007196               0
   7.30007219               0
   7.31007242               0
   7.32007265               0
   7.33007288               0
   7.34007311               0
   7.35007334               0
   7.36007357               0
   7.37007380               0
   7.38007402               0
   7.39007425               0
   7.40007448               0
   7.41007471               0
   7.42007494               0
   7.43007517               0
   7.44007540               0
   7.45007563               0
   7.46007586               0
   7.47007608               0
   7.48007631               0
   7.49007654               0
   7.50007677               0
   7.51007700               0
   7.52007723               0
   7.53007746               0
   7.54007769               0
   7.55007792               0
   7.56007814               0
   7.57007837               0
   7.58007860               0
   7.59007883               0
   7.60007906               0
   7.61007929               0
   7.62007952               0
   7.63007975               0
   7.64007998               0
   7.65008020               0
   7.66008043               0
   7.67008066               0
   7.68008089               0
   7.69008112               0
   7.70008135               0
   7.71008158               0
   7.72008181               0
   7.73008204               0
   7.74008226               0
   7.75008249               0
   7.76008272               0
   7.77008295               0
   7.78008318               0
   7.79008341               0
   7.80008364               0
   7.81008387               0
   7.82008410               0
   7.83008432               0
   7.84008455               0
   7.85008478               0
   7.86008501               0
   7.87008524               0
   7.88008547               0
   7.89008570               0
   7.90008593               0
   7.91008615               0
   7.92008638               0
   7.93008661               0
   7.94008684               0
   7.95008707               0
   7.96008730               0
   7.97008753               0
   7.98008776               0
   7.99008799               0
   8.00008774               0
