   0.00000000             988
   9.99999978E-03         974
   1.99999996E-02         966
   2.99999993E-02         957
   3.99999991E-02         944
   4.99999970E-02         934
   5.99999949E-02         925
   6.99999928E-02         917
   7.99999908E-02         910
   8.99999887E-02         898
   9.99999866E-02         890
  0.109999985             881
  0.119999982             871
  0.129999980             861
  0.139999986             847
  0.149999991             843
  0.159999996             832
  0.170000002             823
  0.180000007             818
  0.190000013             811
  0.200000018             803
  0.210000023             797
  0.220000029             788
  0.230000034             780
  0.240000039             766
  0.250000030             759
  0.260000020             755
  0.270000011             749
  0.280000001             744
  0.289999992             738
  0.299999982             732
  0.309999973             730
  0.319999963             719
  0.329999954             713
  0.339999944             707
  0.349999934             704
  0.359999925             698
  0.369999915             688
  0.379999906             683
  0.389999896             675
  0.399999887             671
  0.409999877             669
  0.419999868             663
  0.429999858             655
  0.439999849             651
  0.449999839             644
  0.459999830             634
  0.469999820             629
  0.479999810             626
  0.489999801             619
  0.499999791             611
  0.509999812             604
  0.519999802             596
  0.529999793             588
  0.539999783             576
  0.549999774             571
  0.559999764             568
  0.569999754             559
  0.579999745             553
  0.589999735             549
  0.599999726             544
  0.609999716             541
  0.619999707             537
  0.629999697             530
  0.639999688             527
  0.649999678             521
  0.659999669             514
  0.669999659             509
  0.679999650             507
  0.689999640             500
  0.699999630             493
  0.709999621             487
  0.719999611             481
  0.729999602             477
  0.739999592             475
  0.749999583             471
  0.759999573             464
  0.769999564             461
  0.779999554             452
  0.789999545             450
  0.799999535             442
  0.809999526             440
  0.819999516             436
  0.829999506             429
  0.839999497             425
  0.849999487             419
  0.859999478             413
  0.869999468             408
  0.879999459             406
  0.889999449             399
  0.899999440             396
  0.909999430             390
  0.919999421             388
  0.929999411             387
  0.939999402             383
  0.949999392             377
  0.959999382             374
  0.969999373             374
  0.979999363             371
  0.989999354             368
  0.999999344             362
   1.00999939             359
   1.01999938             358
   1.02999938             353
   1.03999937             350
   1.04999936             346
   1.05999935             343
   1.06999934             339
   1.07999933             339
   1.08999932             336
   1.09999931             334
   1.10999930             331
   1.11999929             329
   1.12999928             324
   1.13999927             323
   1.14999926             322
   1.15999925             321
   1.16999924             318
   1.17999923             316
   1.18999922             313
   1.19999921             305
   1.20999920             302
   1.21999919             299
   1.22999918             297
   1.23999918             293
   1.24999917             289
   1.25999916             286
   1.26999915             282
   1.27999914             280
   1.28999913             278
   1.29999912             277
   1.30999911             274
   1.31999910             273
   1.32999909             268
   1.33999908             265
   1.34999907             264
   1.35999906             260
   1.36999905             255
   1.37999904             247
   1.38999903             246
   1.39999902             242
   1.40999901             240
   1.41999900             239
   1.42999899             235
   1.43999898             233
   1.44999897             233
   1.45999897             231
   1.46999896             229
   1.47999895             228
   1.48999894             226
   1.49999893             223
   1.50999892             219
   1.51999891             216
   1.52999890             214
   1.53999889             211
   1.54999888             207
   1.55999887             203
   1.56999886             201
   1.57999885             199
   1.58999884             199
   1.59999883             197
   1.60999882             194
   1.61999881             190
   1.62999880             187
   1.63999879             186
   1.64999878             183
   1.65999877             182
   1.66999876             182
   1.67999876             181
   1.68999875             176
   1.69999874             175
   1.70999873             175
   1.71999872             174
   1.72999871             173
   1.73999870             170
   1.74999869             170
   1.75999868             169
   1.76999867             168
   1.77999866             167
   1.78999865             166
   1.79999864             162
   1.80999863             162
   1.81999862             161
   1.82999861             157
   1.83999860             155
   1.84999859             155
   1.85999858             155
   1.86999857             153
   1.87999856             153
   1.88999856             153
   1.89999855             153
   1.90999854             152
   1.91999853             152
   1.92999852             148
   1.93999851             147
   1.94999850             146
   1.95999849             146
   1.96999848             144
   1.97999847             144
   1.98999846             143
   1.99999845             142
   2.00999856             138
   2.01999855             134
   2.02999854             133
   2.03999853             130
   2.04999852             130
   2.05999851             127
   2.06999850             127
   2.07999849             124
   2.08999848             122
   2.09999847             122
   2.10999846             122
   2.11999846             121
   2.12999845             119
   2.13999844             118
   2.14999843             116
   2.15999842             114
   2.16999841             113
   2.17999840             112
   2.18999839             108
   2.19999838             108
   2.20999837             108
   2.21999836             105
   2.22999835             105
   2.23999834             104
   2.24999833             104
   2.25999832             103
   2.26999831             102
   2.27999830             102
   2.28999829             102
   2.29999828             100
   2.30999827              99
   2.31999826              99
   2.32999825              98
   2.33999825              98
   2.34999824              97
   2.35999823              97
   2.36999822              96
   2.37999821              95
   2.38999820              95
   2.39999819              92
   2.40999818              91
   2.41999817              88
   2.42999816              88
   2.43999815              87
   2.44999814              87
   2.45999813              86
   2.46999812              85
   2.47999811              84
   2.48999810              84
   2.49999809              84
   2.50999808              83
   2.51999807              83
   2.52999806              80
   2.53999805              77
   2.54999804              77
   2.55999804              77
   2.56999803              77
   2.57999802              77
   2.58999801              76
   2.59999800              72
   2.60999799              72
   2.61999798              72
   2.62999797              71
   2.63999796              71
   2.64999795              69
   2.65999794              68
   2.66999793              68
   2.67999792              68
   2.68999791              68
   2.69999790              67
   2.70999789              64
   2.71999788              64
   2.72999787              64
   2.73999786              64
   2.74999785              61
   2.75999784              61
   2.76999784              60
   2.77999783              60
   2.78999782              60
   2.79999781              60
   2.80999780              59
   2.81999779              58
   2.82999778              56
   2.83999777              53
   2.84999776              50
   2.85999775              50
   2.86999774              50
   2.87999773              49
   2.88999772              49
   2.89999771              47
   2.90999770              47
   2.91999769              46
   2.92999768              45
   2.93999767              42
   2.94999766              42
   2.95999765              42
   2.96999764              42
   2.97999763              42
   2.98999763              41
   2.99999762              41
   3.00999761              41
   3.01999760              40
   3.02999759              40
   3.03999758              38
   3.04999757              38
   3.05999756              38
   3.06999755              38
   3.07999754              38
   3.08999753              37
   3.09999752              37
   3.10999751              37
   3.11999750              36
   3.12999749              36
   3.13999748              36
   3.14999747              36
   3.15999746              36
   3.16999745              35
   3.17999744              35
   3.18999743              35
   3.19999743              35
   3.20999742              35
   3.21999741              32
   3.22999740              32
   3.23999739              32
   3.24999738              32
   3.25999737              32
   3.26999736              32
   3.27999735              32
   3.28999734              32
   3.29999733              32
   3.30999732              30
   3.31999731              30
   3.32999730              29
   3.33999729              29
   3.34999728              29
   3.35999727              28
   3.36999726              27
   3.37999725              27
   3.38999724              27
   3.39999723              26
   3.40999722              26
   3.41999722              26
   3.42999721              26
   3.43999720              26
   3.44999719              26
   3.45999718              26
   3.46999717              26
   3.47999716              26
   3.48999715              26
   3.49999714              26
   3.50999713              26
   3.51999712              26
   3.52999711              25
   3.53999710              25
   3.54999709              25
   3.55999708              25
   3.56999707              25
   3.57999706              25
   3.58999705              25
   3.59999704              25
   3.60999703              25
   3.61999702              25
   3.62999701              25
   3.63999701              25
   3.64999700              23
   3.65999699              23
   3.66999698              23
   3.67999697              23
   3.68999696              22
   3.69999695              22
   3.70999694              22
   3.71999693              22
   3.72999692              22
   3.73999691              21
   3.74999690              21
   3.75999689              21
   3.76999688              21
   3.77999687              21
   3.78999686              21
   3.79999685              21
   3.80999684              19
   3.81999683              19
   3.82999682              19
   3.83999681              19
   3.84999681              18
   3.85999680              17
   3.86999679              17
   3.87999678              16
   3.88999677              16
   3.89999676              16
   3.90999675              16
   3.91999674              15
   3.92999673              15
   3.93999672              15
   3.94999671              15
   3.95999670              15
   3.96999669              14
   3.97999668              14
   3.98999667              14
   3.99999666              13
   4.00999689              13
   4.01999712              12
   4.02999735              12
   4.03999758              12
   4.04999781              12
   4.05999804              12
   4.06999826              12
   4.07999849              12
   4.08999872              12
   4.09999895              12
   4.10999918              12
   4.11999941              12
   4.12999964              12
   4.13999987              12
   4.15000010              12
   4.16000032              11
   4.17000055              11
   4.18000078              11
   4.19000101              11
   4.20000124              11
   4.21000147              11
   4.22000170              11
   4.23000193              11
   4.24000216              11
   4.25000238              10
   4.26000261              10
   4.27000284              10
   4.28000307              10
   4.29000330              10
   4.30000353              10
   4.31000376              10
   4.32000399              10
   4.33000422              10
   4.34000444              10
   4.35000467              10
   4.36000490              10
   4.37000513              10
   4.38000536              10
   4.39000559              10
   4.40000582              10
   4.41000605              10
   4.42000628              10
   4.43000650              10
   4.44000673              10
   4.45000696              10
   4.46000719              10
   4.47000742              10
   4.48000765              10
   4.49000788              10
   4.50000811              10
   4.51000834               9
   4.52000856               9
   4.53000879               9
   4.54000902               9
   4.55000925               9
   4.56000948               9
   4.57000971               9
   4.58000994               9
   4.59001017               9
   4.60001040               9
   4.61001062               9
   4.62001085               9
   4.63001108               9
   4.64001131               9
   4.65001154               8
   4.66001177               8
   4.67001200               8
   4.68001223               8
   4.69001245               8
   4.70001268               8
   4.71001291               8
   4.72001314               8
   4.73001337               8
   4.74001360               8
   4.75001383               8
   4.76001406               8
   4.77001429               8
   4.78001451               8
   4.79001474               8
   4.80001497               8
   4.81001520               8
   4.82001543               8
   4.83001566               8
   4.84001589               8
   4.85001612               8
   4.86001635               8
   4.87001657               8
   4.88001680               8
   4.89001703               8
   4.90001726               8
   4.91001749               8
   4.92001772               8
   4.93001795               8
   4.94001818               7
   4.95001841               7
   4.96001863               7
   4.97001886               7
   4.98001909               7
   4.99001932               7
   5.00001955               7
   5.01001978               7
   5.02002001               7
   5.03002024               7
   5.04002047               7
   5.05002069               7
   5.06002092               7
   5.07002115               7
   5.08002138               7
   5.09002161               7
   5.10002184               7
   5.11002207               7
   5.12002230               7
   5.13002253               7
   5.14002275               7
   5.15002298               7
   5.16002321               7
   5.17002344               7
   5.18002367               7
   5.19002390               7
   5.20002413               7
   5.21002436               7
   5.22002459               7
   5.23002481               7
   5.24002504               6
   5.25002527               6
   5.26002550               6
   5.27002573               6
   5.28002596               6
   5.29002619               6
   5.30002642               6
   5.31002665               6
   5.32002687               6
   5.33002710               5
   5.34002733               5
   5.35002756               5
   5.36002779               5
   5.37002802               5
   5.38002825               5
   5.39002848               5
   5.40002871               5
   5.41002893               5
   5.42002916               5
   5.43002939               5
   5.44002962               5
   5.45002985               5
   5.46003008               5
   5.47003031               5
   5.48003054               5
   5.49003077               5
   5.50003099               5
   5.51003122               5
   5.52003145               5
   5.53003168               5
   5.54003191               5
   5.55003214               5
   5.56003237               5
   5.57003260               5
   5.58003283               4
   5.59003305               4
   5.60003328               4
   5.61003351               4
   5.62003374               4
   5.63003397               4
   5.64003420               3
   5.65003443               3
   5.66003466               3
   5.67003489               3
   5.68003511               2
   5.69003534               2
   5.70003557               2
   5.71003580               2
   5.72003603               2
   5.73003626               2
   5.74003649               2
   5.75003672               2
   5.76003695               2
   5.77003717               2
   5.78003740               2
   5.79003763               2
   5.80003786               2
   5.81003809               2
   5.82003832               2
   5.83003855               2
   5.84003878               2
   5.85003901               2
   5.86003923               2
   5.87003946               2
   5.88003969               2
   5.89003992               2
   5.90004015               2
   5.91004038               2
   5.92004061               2
   5.93004084               2
   5.94004107               2
   5.95004129               2
   5.96004152               2
   5.97004175               2
   5.98004198               2
   5.99004221               2
   6.00004244               2
   6.01004267               2
   6.02004290               2
   6.03004313               2
   6.04004335               2
   6.05004358               2
   6.06004381               2
   6.07004404               2
   6.08004427               2
   6.09004450               2
   6.10004473               2
   6.11004496               2
   6.12004519               2
   6.13004541               2
   6.14004564               2
   6.15004587               2
   6.16004610               2
   6.17004633               2
   6.18004656               2
   6.19004679               2
   6.20004702               2
   6.21004725               2
   6.22004747               2
   6.23004770               2
   6.24004793               2
   6.25004816               2
   6.26004839               2
   6.27004862               2
   6.28004885               2
   6.29004908               2
   6.30004930               2
   6.31004953               2
   6.32004976               1
   6.33004999               1
   6.34005022               1
   6.35005045               1
   6.36005068               1
   6.37005091               1
   6.38005114               1
   6.39005136               1
   6.40005159               1
   6.41005182               1
   6.42005205               1
   6.43005228               0
   6.44005251               0
   6.45005274               0
   6.46005297               0
   6.47005320               0
   6.48005342               0
   6.49005365               0
   6.50005388               0
   6.51005411               0
   6.52005434               0
   6.53005457               0
   6.54005480               0
   6.55005503               0
   6.56005526               0
   6.57005548               0
   6.58005571               0
   6.59005594               0
   6.60005617               0
   6.61005640               0
   6.62005663               0
   6.63005686               0
   6.64005709               0
   6.65005732               0
   6.66005754               0
   6.67005777               0
   6.68005800               0
   6.69005823               0
   6.70005846               0
   6.71005869               0
   6.72005892               0
   6.73005915               0
   6.74005938               0
   6.75005960               0
   6.76005983               0
   6.77006006               0
   6.78006029               0
   6.79006052               0
   6.80006075               0
   6.81006098               0
   6.82006121               0
   6.83006144               0
   6.84006166               0
   6.85006189               0
   6.86006212               0
   6.87006235               0
   6.88006258               0
   6.89006281               0
   6.90006304               0
   6.91006327               0
   6.92006350               0
   6.93006372               0
   6.94006395               0
   6.95006418               0
   6.96006441               0
   6.97006464               0
   6.98006487               0
   6.99006510               0
   7.00006533               0
   7.01006556               0
   7.02006578               0
   7.03006601               0
   7.04006624               0
   7.05006647               0
   7.06006670               0
   7.07006693               0
   7.08006716               0
   7.09006739               0
   7.10006762               0
   7.11006784               0
   7.12006807               0
   7.13006830               0
   7.14006853               0
   7.15006876               0
   7.16006899               0
   7.17006922               0
   7.18006945               0
   7.19006968               0
   7.20006990               0
   7.21007013               0
   7.22007036               0
   7.23007059               0
   7.24007082               0
   7.25007105               0
   7.26007128               0
   7.27007151               0
   7.28007174               0
   7.29007196               0
   7.30007219               0
   7.31007242               0
   7.32007265               0
   7.33007288               0
   7.34007311               0
   7.35007334               0
   7.36007357               0
   7.37007380               0
   7.38007402               0
   7.39007425               0
   7.40007448               0
   7.41007471               0
   7.42007494               0
   7.43007517               0
   7.44007540               0
   7.45007563               0
   7.46007586               0
   7.47007608               0
   7.48007631               0
   7.49007654               0
   7.50007677               0
   7.51007700               0
   7.52007723               0
   7.53007746               0
   7.54007769               0
   7.55007792               0
   7.56007814               0
   7.57007837               0
   7.58007860               0
   7.59007883               0
   7.60007906               0
   7.61007929               0
   7.62007952               0
   7.63007975               0
   7.64007998               0
   7.65008020               0
   7.66008043               0
   7.67008066               0
   7.68008089               0
   7.69008112               0
   7.70008135               0
   7.71008158               0
   7.72008181               0
   7.73008204               0
   7.74008226               0
   7.75008249               0
   7.76008272               0
   7.77008295               0
   7.78008318               0
   7.79008341               0
   7.80008364               0
   7.81008387               0
   7.82008410               0
   7.83008432               0
   7.84008455               0
   7.85008478               0
   7.86008501               0
   7.87008524               0
   7.88008547               0
   7.89008570               0
   7.90008593               0
   7.91008615               0
   7.92008638               0
   7.93008661               0
   7.94008684               0
   7.95008707               0
   7.96008730               0
   7.97008753               0
   7.98008776               0
   7.99008799               0
   8.00008774               0
