   0.00000000             989
   9.99999978E-03         983
   1.99999996E-02         976
   2.99999993E-02         967
   3.99999991E-02         957
   4.99999970E-02         945
   5.99999949E-02         933
   6.99999928E-02         923
   7.99999908E-02         917
   8.99999887E-02         911
   9.99999866E-02         901
  0.109999985             891
  0.119999982             882
  0.129999980             874
  0.139999986             865
  0.149999991             853
  0.159999996             840
  0.170000002             832
  0.180000007             821
  0.190000013             813
  0.200000018             809
  0.210000023             799
  0.220000029             794
  0.230000034             783
  0.240000039             774
  0.250000030             767
  0.260000020             760
  0.270000011             753
  0.280000001             748
  0.289999992             742
  0.299999982             736
  0.309999973             730
  0.319999963             720
  0.329999954             715
  0.339999944             711
  0.349999934             699
  0.359999925             689
  0.369999915             680
  0.379999906             674
  0.389999896             664
  0.399999887             654
  0.409999877             649
  0.419999868             646
  0.429999858             640
  0.439999849             633
  0.449999839             626
  0.459999830             622
  0.469999820             617
  0.479999810             607
  0.489999801             599
  0.499999791             594
  0.509999812             589
  0.519999802             581
  0.529999793             577
  0.539999783             569
  0.549999774             565
  0.559999764             555
  0.569999754             547
  0.579999745             538
  0.589999735             535
  0.599999726             531
  0.609999716             524
  0.619999707             520
  0.629999697             512
  0.639999688             506
  0.649999678             499
  0.659999669             496
  0.669999659             490
  0.679999650             487
  0.689999640             484
  0.699999630             482
  0.709999621             477
  0.719999611             473
  0.729999602             470
  0.739999592             465
  0.749999583             462
  0.759999573             459
  0.769999564             456
  0.779999554             452
  0.789999545             445
  0.799999535             443
  0.809999526             440
  0.819999516             436
  0.829999506             430
  0.839999497             423
  0.849999487             417
  0.859999478             412
  0.869999468             411
  0.879999459             407
  0.889999449             403
  0.899999440             400
  0.909999430             396
  0.919999421             396
  0.929999411             392
  0.939999402             389
  0.949999392             384
  0.959999382             383
  0.969999373             377
  0.979999363             374
  0.989999354             369
  0.999999344             365
   1.00999939             363
   1.01999938             356
   1.02999938             354
   1.03999937             345
   1.04999936             339
   1.05999935             336
   1.06999934             332
   1.07999933             326
   1.08999932             321
   1.09999931             314
   1.10999930             312
   1.11999929             307
   1.12999928             303
   1.13999927             300
   1.14999926             297
   1.15999925             296
   1.16999924             290
   1.17999923             289
   1.18999922             285
   1.19999921             283
   1.20999920             279
   1.21999919             274
   1.22999918             272
   1.23999918             269
   1.24999917             263
   1.25999916             263
   1.26999915             263
   1.27999914             261
   1.28999913             256
   1.29999912             255
   1.30999911             252
   1.31999910             250
   1.32999909             248
   1.33999908             247
   1.34999907             246
   1.35999906             244
   1.36999905             243
   1.37999904             242
   1.38999903             242
   1.39999902             240
   1.40999901             236
   1.41999900             233
   1.42999899             228
   1.43999898             225
   1.44999897             222
   1.45999897             219
   1.46999896             217
   1.47999895             210
   1.48999894             207
   1.49999893             205
   1.50999892             203
   1.51999891             202
   1.52999890             200
   1.53999889             198
   1.54999888             195
   1.55999887             190
   1.56999886             189
   1.57999885             187
   1.58999884             185
   1.59999883             182
   1.60999882             179
   1.61999881             177
   1.62999880             175
   1.63999879             175
   1.64999878             174
   1.65999877             174
   1.66999876             174
   1.67999876             169
   1.68999875             166
   1.69999874             163
   1.70999873             161
   1.71999872             160
   1.72999871             158
   1.73999870             157
   1.74999869             157
   1.75999868             155
   1.76999867             154
   1.77999866             152
   1.78999865             149
   1.79999864             147
   1.80999863             147
   1.81999862             147
   1.82999861             145
   1.83999860             141
   1.84999859             140
   1.85999858             138
   1.86999857             136
   1.87999856             134
   1.88999856             134
   1.89999855             131
   1.90999854             131
   1.91999853             129
   1.92999852             128
   1.93999851             126
   1.94999850             126
   1.95999849             125
   1.96999848             125
   1.97999847             123
   1.98999846             121
   1.99999845             120
   2.00999856             120
   2.01999855             119
   2.02999854             117
   2.03999853             117
   2.04999852             114
   2.05999851             109
   2.06999850             108
   2.07999849             108
   2.08999848             107
   2.09999847             104
   2.10999846             103
   2.11999846             102
   2.12999845             102
   2.13999844             101
   2.14999843             100
   2.15999842             100
   2.16999841             100
   2.17999840              99
   2.18999839              98
   2.19999838              97
   2.20999837              96
   2.21999836              94
   2.22999835              93
   2.23999834              93
   2.24999833              93
   2.25999832              92
   2.26999831              91
   2.27999830              89
   2.28999829              89
   2.29999828              86
   2.30999827              86
   2.31999826              85
   2.32999825              82
   2.33999825              82
   2.34999824              80
   2.35999823              79
   2.36999822              79
   2.37999821              78
   2.38999820              77
   2.39999819              77
   2.40999818              77
   2.41999817              77
   2.42999816              76
   2.43999815              76
   2.44999814              74
   2.45999813              74
   2.46999812              73
   2.47999811              73
   2.48999810              72
   2.49999809              71
   2.50999808              71
   2.51999807              70
   2.52999806              70
   2.53999805              70
   2.54999804              67
   2.55999804              66
   2.56999803              66
   2.57999802              65
   2.58999801              65
   2.59999800              63
   2.60999799              63
   2.61999798              60
   2.62999797              60
   2.63999796              59
   2.64999795              56
   2.65999794              56
   2.66999793              56
   2.67999792              55
   2.68999791              54
   2.69999790              54
   2.70999789              54
   2.71999788              54
   2.72999787              53
   2.73999786              52
   2.74999785              51
   2.75999784              51
   2.76999784              51
   2.77999783              51
   2.78999782              51
   2.79999781              51
   2.80999780              49
   2.81999779              48
   2.82999778              48
   2.83999777              48
   2.84999776              48
   2.85999775              48
   2.86999774              46
   2.87999773              46
   2.88999772              46
   2.89999771              46
   2.90999770              45
   2.91999769              44
   2.92999768              43
   2.93999767              42
   2.94999766              41
   2.95999765              41
   2.96999764              41
   2.97999763              41
   2.98999763              41
   2.99999762              41
   3.00999761              41
   3.01999760              41
   3.02999759              41
   3.03999758              40
   3.04999757              40
   3.05999756              38
   3.06999755              36
   3.07999754              35
   3.08999753              34
   3.09999752              34
   3.10999751              33
   3.11999750              32
   3.12999749              31
   3.13999748              31
   3.14999747              31
   3.15999746              31
   3.16999745              31
   3.17999744              31
   3.18999743              31
   3.19999743              31
   3.20999742              31
   3.21999741              30
   3.22999740              30
   3.23999739              29
   3.24999738              29
   3.25999737              29
   3.26999736              29
   3.27999735              29
   3.28999734              29
   3.29999733              28
   3.30999732              28
   3.31999731              28
   3.32999730              28
   3.33999729              28
   3.34999728              28
   3.35999727              28
   3.36999726              27
   3.37999725              27
   3.38999724              26
   3.39999723              26
   3.40999722              26
   3.41999722              26
   3.42999721              26
   3.43999720              26
   3.44999719              26
   3.45999718              26
   3.46999717              26
   3.47999716              25
   3.48999715              24
   3.49999714              24
   3.50999713              23
   3.51999712              22
   3.52999711              22
   3.53999710              22
   3.54999709              22
   3.55999708              22
   3.56999707              22
   3.57999706              22
   3.58999705              21
   3.59999704              19
   3.60999703              19
   3.61999702              19
   3.62999701              19
   3.63999701              18
   3.64999700              17
   3.65999699              17
   3.66999698              16
   3.67999697              16
   3.68999696              16
   3.69999695              16
   3.70999694              15
   3.71999693              15
   3.72999692              15
   3.73999691              15
   3.74999690              15
   3.75999689              14
   3.76999688              14
   3.77999687              14
   3.78999686              14
   3.79999685              14
   3.80999684              14
   3.81999683              14
   3.82999682              14
   3.83999681              14
   3.84999681              13
   3.85999680              13
   3.86999679              13
   3.87999678              13
   3.88999677              13
   3.89999676              12
   3.90999675              12
   3.91999674              11
   3.92999673              11
   3.93999672              11
   3.94999671              11
   3.95999670              11
   3.96999669              11
   3.97999668              11
   3.98999667              10
   3.99999666              10
   4.00999689              10
   4.01999712              10
   4.02999735              10
   4.03999758              10
   4.04999781              10
   4.05999804              10
   4.06999826              10
   4.07999849              10
   4.08999872               9
   4.09999895               9
   4.10999918               9
   4.11999941               9
   4.12999964               9
   4.13999987               9
   4.15000010               9
   4.16000032               9
   4.17000055               9
   4.18000078               9
   4.19000101               9
   4.20000124               8
   4.21000147               8
   4.22000170               8
   4.23000193               8
   4.24000216               8
   4.25000238               8
   4.26000261               8
   4.27000284               8
   4.28000307               8
   4.29000330               7
   4.30000353               7
   4.31000376               7
   4.32000399               7
   4.33000422               7
   4.34000444               7
   4.35000467               7
   4.36000490               7
   4.37000513               7
   4.38000536               7
   4.39000559               7
   4.40000582               7
   4.41000605               7
   4.42000628               7
   4.43000650               7
   4.44000673               7
   4.45000696               7
   4.46000719               7
   4.47000742               6
   4.48000765               6
   4.49000788               6
   4.50000811               6
   4.51000834               5
   4.52000856               5
   4.53000879               5
   4.54000902               5
   4.55000925               5
   4.56000948               5
   4.57000971               4
   4.58000994               4
   4.59001017               4
   4.60001040               4
   4.61001062               4
   4.62001085               4
   4.63001108               4
   4.64001131               4
   4.65001154               4
   4.66001177               4
   4.67001200               4
   4.68001223               4
   4.69001245               4
   4.70001268               4
   4.71001291               4
   4.72001314               4
   4.73001337               4
   4.74001360               4
   4.75001383               4
   4.76001406               4
   4.77001429               4
   4.78001451               4
   4.79001474               4
   4.80001497               4
   4.81001520               4
   4.82001543               4
   4.83001566               4
   4.84001589               4
   4.85001612               4
   4.86001635               4
   4.87001657               4
   4.88001680               4
   4.89001703               4
   4.90001726               4
   4.91001749               4
   4.92001772               4
   4.93001795               4
   4.94001818               4
   4.95001841               4
   4.96001863               4
   4.97001886               3
   4.98001909               3
   4.99001932               3
   5.00001955               3
   5.01001978               3
   5.02002001               3
   5.03002024               3
   5.04002047               3
   5.05002069               3
   5.06002092               3
   5.07002115               3
   5.08002138               3
   5.09002161               3
   5.10002184               3
   5.11002207               3
   5.12002230               3
   5.13002253               3
   5.14002275               3
   5.15002298               3
   5.16002321               3
   5.17002344               3
   5.18002367               2
   5.19002390               2
   5.20002413               1
   5.21002436               1
   5.22002459               1
   5.23002481               1
   5.24002504               1
   5.25002527               1
   5.26002550               1
   5.27002573               1
   5.28002596               1
   5.29002619               1
   5.30002642               1
   5.31002665               1
   5.32002687               1
   5.33002710               1
   5.34002733               1
   5.35002756               1
   5.36002779               1
   5.37002802               1
   5.38002825               1
   5.39002848               1
   5.40002871               1
   5.41002893               1
   5.42002916               1
   5.43002939               1
   5.44002962               1
   5.45002985               1
   5.46003008               1
   5.47003031               1
   5.48003054               1
   5.49003077               1
   5.50003099               1
   5.51003122               1
   5.52003145               1
   5.53003168               1
   5.54003191               1
   5.55003214               1
   5.56003237               1
   5.57003260               1
   5.58003283               1
   5.59003305               1
   5.60003328               1
   5.61003351               1
   5.62003374               1
   5.63003397               1
   5.64003420               1
   5.65003443               1
   5.66003466               1
   5.67003489               1
   5.68003511               1
   5.69003534               1
   5.70003557               1
   5.71003580               1
   5.72003603               1
   5.73003626               1
   5.74003649               1
   5.75003672               1
   5.76003695               1
   5.77003717               1
   5.78003740               1
   5.79003763               1
   5.80003786               1
   5.81003809               1
   5.82003832               1
   5.83003855               1
   5.84003878               1
   5.85003901               1
   5.86003923               1
   5.87003946               1
   5.88003969               1
   5.89003992               1
   5.90004015               1
   5.91004038               1
   5.92004061               1
   5.93004084               1
   5.94004107               1
   5.95004129               1
   5.96004152               1
   5.97004175               1
   5.98004198               1
   5.99004221               1
   6.00004244               1
   6.01004267               1
   6.02004290               1
   6.03004313               1
   6.04004335               1
   6.05004358               1
   6.06004381               1
   6.07004404               1
   6.08004427               1
   6.09004450               1
   6.10004473               1
   6.11004496               1
   6.12004519               1
   6.13004541               1
   6.14004564               1
   6.15004587               1
   6.16004610               1
   6.17004633               1
   6.18004656               1
   6.19004679               1
   6.20004702               1
   6.21004725               1
   6.22004747               1
   6.23004770               1
   6.24004793               1
   6.25004816               1
   6.26004839               1
   6.27004862               1
   6.28004885               1
   6.29004908               1
   6.30004930               1
   6.31004953               1
   6.32004976               1
   6.33004999               1
   6.34005022               1
   6.35005045               1
   6.36005068               1
   6.37005091               1
   6.38005114               1
   6.39005136               1
   6.40005159               1
   6.41005182               1
   6.42005205               1
   6.43005228               1
   6.44005251               1
   6.45005274               1
   6.46005297               1
   6.47005320               1
   6.48005342               1
   6.49005365               1
   6.50005388               1
   6.51005411               1
   6.52005434               1
   6.53005457               1
   6.54005480               1
   6.55005503               1
   6.56005526               1
   6.57005548               1
   6.58005571               1
   6.59005594               1
   6.60005617               1
   6.61005640               1
   6.62005663               1
   6.63005686               1
   6.64005709               1
   6.65005732               1
   6.66005754               1
   6.67005777               1
   6.68005800               1
   6.69005823               1
   6.70005846               1
   6.71005869               1
   6.72005892               1
   6.73005915               1
   6.74005938               1
   6.75005960               1
   6.76005983               1
   6.77006006               1
   6.78006029               1
   6.79006052               1
   6.80006075               1
   6.81006098               1
   6.82006121               1
   6.83006144               1
   6.84006166               1
   6.85006189               1
   6.86006212               1
   6.87006235               1
   6.88006258               1
   6.89006281               1
   6.90006304               1
   6.91006327               1
   6.92006350               1
   6.93006372               1
   6.94006395               1
   6.95006418               1
   6.96006441               1
   6.97006464               1
   6.98006487               1
   6.99006510               1
   7.00006533               1
   7.01006556               1
   7.02006578               1
   7.03006601               1
   7.04006624               1
   7.05006647               1
   7.06006670               1
   7.07006693               1
   7.08006716               1
   7.09006739               1
   7.10006762               1
   7.11006784               1
   7.12006807               1
   7.13006830               1
   7.14006853               1
   7.15006876               1
   7.16006899               1
   7.17006922               1
   7.18006945               1
   7.19006968               1
   7.20006990               1
   7.21007013               1
   7.22007036               1
   7.23007059               1
   7.24007082               1
   7.25007105               1
   7.26007128               1
   7.27007151               1
   7.28007174               1
   7.29007196               1
   7.30007219               1
   7.31007242               1
   7.32007265               1
   7.33007288               1
   7.34007311               1
   7.35007334               1
   7.36007357               1
   7.37007380               1
   7.38007402               1
   7.39007425               1
   7.40007448               1
   7.41007471               1
   7.42007494               1
   7.43007517               1
   7.44007540               1
   7.45007563               1
   7.46007586               1
   7.47007608               1
   7.48007631               1
   7.49007654               1
   7.50007677               1
   7.51007700               1
   7.52007723               1
   7.53007746               1
   7.54007769               1
   7.55007792               1
   7.56007814               1
   7.57007837               1
   7.58007860               1
   7.59007883               1
   7.60007906               1
   7.61007929               1
   7.62007952               1
   7.63007975               1
   7.64007998               1
   7.65008020               1
   7.66008043               1
   7.67008066               1
   7.68008089               1
   7.69008112               1
   7.70008135               1
   7.71008158               1
   7.72008181               1
   7.73008204               1
   7.74008226               1
   7.75008249               1
   7.76008272               1
   7.77008295               1
   7.78008318               1
   7.79008341               1
   7.80008364               1
   7.81008387               1
   7.82008410               1
   7.83008432               1
   7.84008455               1
   7.85008478               1
   7.86008501               1
   7.87008524               1
   7.88008547               1
   7.89008570               1
   7.90008593               1
   7.91008615               1
   7.92008638               1
   7.93008661               1
   7.94008684               1
   7.95008707               1
   7.96008730               1
   7.97008753               1
   7.98008776               1
   7.99008799               1
   8.00008774               1
