   0.00000000             993
   9.99999978E-03         981
   1.99999996E-02         973
   2.99999993E-02         963
   3.99999991E-02         960
   4.99999970E-02         950
   5.99999949E-02         946
   6.99999928E-02         941
   7.99999908E-02         928
   8.99999887E-02         922
   9.99999866E-02         911
  0.109999985             904
  0.119999982             900
  0.129999980             895
  0.139999986             889
  0.149999991             883
  0.159999996             874
  0.170000002             864
  0.180000007             854
  0.190000013             849
  0.200000018             842
  0.210000023             833
  0.220000029             826
  0.230000034             817
  0.240000039             811
  0.250000030             797
  0.260000020             788
  0.270000011             778
  0.280000001             771
  0.289999992             762
  0.299999982             754
  0.309999973             742
  0.319999963             736
  0.329999954             728
  0.339999944             720
  0.349999934             716
  0.359999925             712
  0.369999915             705
  0.379999906             702
  0.389999896             693
  0.399999887             689
  0.409999877             679
  0.419999868             673
  0.429999858             666
  0.439999849             658
  0.449999839             651
  0.459999830             646
  0.469999820             638
  0.479999810             631
  0.489999801             623
  0.499999791             621
  0.509999812             618
  0.519999802             612
  0.529999793             605
  0.539999783             599
  0.549999774             595
  0.559999764             585
  0.569999754             578
  0.579999745             569
  0.589999735             559
  0.599999726             554
  0.609999716             547
  0.619999707             541
  0.629999697             535
  0.639999688             531
  0.649999678             525
  0.659999669             520
  0.669999659             519
  0.679999650             512
  0.689999640             506
  0.699999630             502
  0.709999621             496
  0.719999611             492
  0.729999602             484
  0.739999592             481
  0.749999583             478
  0.759999573             474
  0.769999564             469
  0.779999554             464
  0.789999545             460
  0.799999535             456
  0.809999526             453
  0.819999516             445
  0.829999506             442
  0.839999497             439
  0.849999487             437
  0.859999478             433
  0.869999468             429
  0.879999459             427
  0.889999449             421
  0.899999440             417
  0.909999430             411
  0.919999421             408
  0.929999411             403
  0.939999402             401
  0.949999392             397
  0.959999382             396
  0.969999373             394
  0.979999363             389
  0.989999354             387
  0.999999344             384
   1.00999939             380
   1.01999938             378
   1.02999938             376
   1.03999937             373
   1.04999936             372
   1.05999935             368
   1.06999934             366
   1.07999933             362
   1.08999932             356
   1.09999931             353
   1.10999930             350
   1.11999929             346
   1.12999928             338
   1.13999927             334
   1.14999926             332
   1.15999925             327
   1.16999924             325
   1.17999923             324
   1.18999922             323
   1.19999921             322
   1.20999920             317
   1.21999919             314
   1.22999918             310
   1.23999918             308
   1.24999917             304
   1.25999916             299
   1.26999915             298
   1.27999914             295
   1.28999913             291
   1.29999912             289
   1.30999911             289
   1.31999910             289
   1.32999909             282
   1.33999908             277
   1.34999907             273
   1.35999906             271
   1.36999905             268
   1.37999904             265
   1.38999903             264
   1.39999902             262
   1.40999901             259
   1.41999900             257
   1.42999899             252
   1.43999898             249
   1.44999897             247
   1.45999897             247
   1.46999896             243
   1.47999895             242
   1.48999894             241
   1.49999893             239
   1.50999892             237
   1.51999891             235
   1.52999890             233
   1.53999889             233
   1.54999888             231
   1.55999887             227
   1.56999886             223
   1.57999885             218
   1.58999884             217
   1.59999883             216
   1.60999882             212
   1.61999881             211
   1.62999880             208
   1.63999879             207
   1.64999878             204
   1.65999877             203
   1.66999876             201
   1.67999876             201
   1.68999875             201
   1.69999874             200
   1.70999873             196
   1.71999872             194
   1.72999871             191
   1.73999870             190
   1.74999869             190
   1.75999868             189
   1.76999867             187
   1.77999866             186
   1.78999865             185
   1.79999864             182
   1.80999863             181
   1.81999862             179
   1.82999861             178
   1.83999860             178
   1.84999859             177
   1.85999858             175
   1.86999857             175
   1.87999856             172
   1.88999856             171
   1.89999855             171
   1.90999854             169
   1.91999853             167
   1.92999852             166
   1.93999851             161
   1.94999850             159
   1.95999849             159
   1.96999848             156
   1.97999847             156
   1.98999846             155
   1.99999845             153
   2.00999856             152
   2.01999855             151
   2.02999854             151
   2.03999853             150
   2.04999852             146
   2.05999851             145
   2.06999850             144
   2.07999849             144
   2.08999848             143
   2.09999847             141
   2.10999846             141
   2.11999846             139
   2.12999845             139
   2.13999844             139
   2.14999843             137
   2.15999842             136
   2.16999841             136
   2.17999840             136
   2.18999839             134
   2.19999838             133
   2.20999837             133
   2.21999836             132
   2.22999835             130
   2.23999834             129
   2.24999833             129
   2.25999832             129
   2.26999831             127
   2.27999830             126
   2.28999829             125
   2.29999828             122
   2.30999827             121
   2.31999826             119
   2.32999825             119
   2.33999825             116
   2.34999824             115
   2.35999823             115
   2.36999822             115
   2.37999821             114
   2.38999820             113
   2.39999819             111
   2.40999818             110
   2.41999817             108
   2.42999816             106
   2.43999815             106
   2.44999814             105
   2.45999813             105
   2.46999812             104
   2.47999811             103
   2.48999810             102
   2.49999809             100
   2.50999808             100
   2.51999807             100
   2.52999806              99
   2.53999805              99
   2.54999804              99
   2.55999804              99
   2.56999803              99
   2.57999802              99
   2.58999801              97
   2.59999800              97
   2.60999799              97
   2.61999798              97
   2.62999797              97
   2.63999796              96
   2.64999795              94
   2.65999794              93
   2.66999793              92
   2.67999792              92
   2.68999791              91
   2.69999790              90
   2.70999789              90
   2.71999788              90
   2.72999787              89
   2.73999786              89
   2.74999785              86
   2.75999784              84
   2.76999784              84
   2.77999783              84
   2.78999782              82
   2.79999781              82
   2.80999780              79
   2.81999779              78
   2.82999778              78
   2.83999777              77
   2.84999776              77
   2.85999775              77
   2.86999774              75
   2.87999773              75
   2.88999772              74
   2.89999771              74
   2.90999770              73
   2.91999769              73
   2.92999768              73
   2.93999767              73
   2.94999766              73
   2.95999765              72
   2.96999764              72
   2.97999763              72
   2.98999763              72
   2.99999762              71
   3.00999761              71
   3.01999760              71
   3.02999759              71
   3.03999758              70
   3.04999757              69
   3.05999756              68
   3.06999755              68
   3.07999754              68
   3.08999753              67
   3.09999752              67
   3.10999751              66
   3.11999750              66
   3.12999749              66
   3.13999748              63
   3.14999747              63
   3.15999746              63
   3.16999745              63
   3.17999744              62
   3.18999743              62
   3.19999743              61
   3.20999742              61
   3.21999741              60
   3.22999740              59
   3.23999739              58
   3.24999738              57
   3.25999737              57
   3.26999736              57
   3.27999735              56
   3.28999734              52
   3.29999733              52
   3.30999732              50
   3.31999731              50
   3.32999730              49
   3.33999729              49
   3.34999728              49
   3.35999727              48
   3.36999726              47
   3.37999725              47
   3.38999724              46
   3.39999723              46
   3.40999722              46
   3.41999722              46
   3.42999721              45
   3.43999720              45
   3.44999719              45
   3.45999718              44
   3.46999717              44
   3.47999716              43
   3.48999715              42
   3.49999714              42
   3.50999713              41
   3.51999712              41
   3.52999711              41
   3.53999710              41
   3.54999709              39
   3.55999708              39
   3.56999707              39
   3.57999706              38
   3.58999705              38
   3.59999704              37
   3.60999703              36
   3.61999702              35
   3.62999701              35
   3.63999701              34
   3.64999700              34
   3.65999699              34
   3.66999698              34
   3.67999697              34
   3.68999696              34
   3.69999695              34
   3.70999694              34
   3.71999693              34
   3.72999692              34
   3.73999691              34
   3.74999690              34
   3.75999689              34
   3.76999688              32
   3.77999687              31
   3.78999686              30
   3.79999685              30
   3.80999684              30
   3.81999683              30
   3.82999682              30
   3.83999681              29
   3.84999681              29
   3.85999680              28
   3.86999679              27
   3.87999678              26
   3.88999677              25
   3.89999676              25
   3.90999675              25
   3.91999674              25
   3.92999673              25
   3.93999672              25
   3.94999671              25
   3.95999670              25
   3.96999669              25
   3.97999668              25
   3.98999667              25
   3.99999666              25
   4.00999689              25
   4.01999712              25
   4.02999735              25
   4.03999758              24
   4.04999781              24
   4.05999804              24
   4.06999826              24
   4.07999849              24
   4.08999872              24
   4.09999895              24
   4.10999918              24
   4.11999941              23
   4.12999964              23
   4.13999987              23
   4.15000010              23
   4.16000032              23
   4.17000055              23
   4.18000078              23
   4.19000101              22
   4.20000124              22
   4.21000147              21
   4.22000170              21
   4.23000193              21
   4.24000216              20
   4.25000238              19
   4.26000261              18
   4.27000284              17
   4.28000307              17
   4.29000330              16
   4.30000353              16
   4.31000376              16
   4.32000399              16
   4.33000422              16
   4.34000444              16
   4.35000467              16
   4.36000490              16
   4.37000513              16
   4.38000536              16
   4.39000559              16
   4.40000582              16
   4.41000605              16
   4.42000628              16
   4.43000650              16
   4.44000673              15
   4.45000696              14
   4.46000719              14
   4.47000742              14
   4.48000765              14
   4.49000788              14
   4.50000811              14
   4.51000834              14
   4.52000856              14
   4.53000879              14
   4.54000902              13
   4.55000925              13
   4.56000948              13
   4.57000971              12
   4.58000994              12
   4.59001017              12
   4.60001040              12
   4.61001062              12
   4.62001085              12
   4.63001108              12
   4.64001131              12
   4.65001154              11
   4.66001177              11
   4.67001200              11
   4.68001223              11
   4.69001245              11
   4.70001268              11
   4.71001291              11
   4.72001314              11
   4.73001337              11
   4.74001360              11
   4.75001383              11
   4.76001406              11
   4.77001429              11
   4.78001451              11
   4.79001474              11
   4.80001497              11
   4.81001520              11
   4.82001543              11
   4.83001566              11
   4.84001589              11
   4.85001612              11
   4.86001635              11
   4.87001657              11
   4.88001680              11
   4.89001703              11
   4.90001726              11
   4.91001749              11
   4.92001772              11
   4.93001795              11
   4.94001818              11
   4.95001841              11
   4.96001863              11
   4.97001886              11
   4.98001909              11
   4.99001932              11
   5.00001955              11
   5.01001978              11
   5.02002001              11
   5.03002024              11
   5.04002047              11
   5.05002069              11
   5.06002092              11
   5.07002115              11
   5.08002138              11
   5.09002161              11
   5.10002184              11
   5.11002207              11
   5.12002230              11
   5.13002253              11
   5.14002275              11
   5.15002298              11
   5.16002321              10
   5.17002344              10
   5.18002367              10
   5.19002390              10
   5.20002413              10
   5.21002436              10
   5.22002459              10
   5.23002481              10
   5.24002504              10
   5.25002527              10
   5.26002550               9
   5.27002573               9
   5.28002596               9
   5.29002619               8
   5.30002642               8
   5.31002665               8
   5.32002687               8
   5.33002710               8
   5.34002733               8
   5.35002756               8
   5.36002779               8
   5.37002802               8
   5.38002825               8
   5.39002848               8
   5.40002871               8
   5.41002893               8
   5.42002916               8
   5.43002939               8
   5.44002962               8
   5.45002985               8
   5.46003008               8
   5.47003031               8
   5.48003054               8
   5.49003077               8
   5.50003099               8
   5.51003122               8
   5.52003145               8
   5.53003168               8
   5.54003191               8
   5.55003214               8
   5.56003237               8
   5.57003260               8
   5.58003283               7
   5.59003305               7
   5.60003328               7
   5.61003351               7
   5.62003374               7
   5.63003397               7
   5.64003420               6
   5.65003443               6
   5.66003466               6
   5.67003489               6
   5.68003511               6
   5.69003534               6
   5.70003557               6
   5.71003580               6
   5.72003603               6
   5.73003626               6
   5.74003649               6
   5.75003672               6
   5.76003695               6
   5.77003717               6
   5.78003740               6
   5.79003763               6
   5.80003786               6
   5.81003809               6
   5.82003832               6
   5.83003855               6
   5.84003878               6
   5.85003901               6
   5.86003923               6
   5.87003946               6
   5.88003969               6
   5.89003992               6
   5.90004015               6
   5.91004038               6
   5.92004061               6
   5.93004084               6
   5.94004107               6
   5.95004129               6
   5.96004152               6
   5.97004175               6
   5.98004198               6
   5.99004221               6
   6.00004244               6
   6.01004267               6
   6.02004290               6
   6.03004313               6
   6.04004335               6
   6.05004358               6
   6.06004381               6
   6.07004404               6
   6.08004427               6
   6.09004450               6
   6.10004473               6
   6.11004496               6
   6.12004519               6
   6.13004541               6
   6.14004564               6
   6.15004587               4
   6.16004610               4
   6.17004633               4
   6.18004656               4
   6.19004679               4
   6.20004702               4
   6.21004725               3
   6.22004747               3
   6.23004770               3
   6.24004793               3
   6.25004816               3
   6.26004839               3
   6.27004862               3
   6.28004885               3
   6.29004908               3
   6.30004930               3
   6.31004953               3
   6.32004976               3
   6.33004999               3
   6.34005022               2
   6.35005045               2
   6.36005068               2
   6.37005091               2
   6.38005114               2
   6.39005136               2
   6.40005159               2
   6.41005182               2
   6.42005205               2
   6.43005228               2
   6.44005251               2
   6.45005274               2
   6.46005297               2
   6.47005320               2
   6.48005342               2
   6.49005365               1
   6.50005388               1
   6.51005411               1
   6.52005434               1
   6.53005457               1
   6.54005480               1
   6.55005503               1
   6.56005526               1
   6.57005548               1
   6.58005571               1
   6.59005594               1
   6.60005617               1
   6.61005640               1
   6.62005663               1
   6.63005686               1
   6.64005709               1
   6.65005732               1
   6.66005754               1
   6.67005777               0
   6.68005800               0
   6.69005823               0
   6.70005846               0
   6.71005869               0
   6.72005892               0
   6.73005915               0
   6.74005938               0
   6.75005960               0
   6.76005983               0
   6.77006006               0
   6.78006029               0
   6.79006052               0
   6.80006075               0
   6.81006098               0
   6.82006121               0
   6.83006144               0
   6.84006166               0
   6.85006189               0
   6.86006212               0
   6.87006235               0
   6.88006258               0
   6.89006281               0
   6.90006304               0
   6.91006327               0
   6.92006350               0
   6.93006372               0
   6.94006395               0
   6.95006418               0
   6.96006441               0
   6.97006464               0
   6.98006487               0
   6.99006510               0
   7.00006533               0
   7.01006556               0
   7.02006578               0
   7.03006601               0
   7.04006624               0
   7.05006647               0
   7.06006670               0
   7.07006693               0
   7.08006716               0
   7.09006739               0
   7.10006762               0
   7.11006784               0
   7.12006807               0
   7.13006830               0
   7.14006853               0
   7.15006876               0
   7.16006899               0
   7.17006922               0
   7.18006945               0
   7.19006968               0
   7.20006990               0
   7.21007013               0
   7.22007036               0
   7.23007059               0
   7.24007082               0
   7.25007105               0
   7.26007128               0
   7.27007151               0
   7.28007174               0
   7.29007196               0
   7.30007219               0
   7.31007242               0
   7.32007265               0
   7.33007288               0
   7.34007311               0
   7.35007334               0
   7.36007357               0
   7.37007380               0
   7.38007402               0
   7.39007425               0
   7.40007448               0
   7.41007471               0
   7.42007494               0
   7.43007517               0
   7.44007540               0
   7.45007563               0
   7.46007586               0
   7.47007608               0
   7.48007631               0
   7.49007654               0
   7.50007677               0
   7.51007700               0
   7.52007723               0
   7.53007746               0
   7.54007769               0
   7.55007792               0
   7.56007814               0
   7.57007837               0
   7.58007860               0
   7.59007883               0
   7.60007906               0
   7.61007929               0
   7.62007952               0
   7.63007975               0
   7.64007998               0
   7.65008020               0
   7.66008043               0
   7.67008066               0
   7.68008089               0
   7.69008112               0
   7.70008135               0
   7.71008158               0
   7.72008181               0
   7.73008204               0
   7.74008226               0
   7.75008249               0
   7.76008272               0
   7.77008295               0
   7.78008318               0
   7.79008341               0
   7.80008364               0
   7.81008387               0
   7.82008410               0
   7.83008432               0
   7.84008455               0
   7.85008478               0
   7.86008501               0
   7.87008524               0
   7.88008547               0
   7.89008570               0
   7.90008593               0
   7.91008615               0
   7.92008638               0
   7.93008661               0
   7.94008684               0
   7.95008707               0
   7.96008730               0
   7.97008753               0
   7.98008776               0
   7.99008799               0
   8.00008774               0
