   0.00000000             995
   9.99999978E-03         986
   1.99999996E-02         980
   2.99999993E-02         971
   3.99999991E-02         962
   4.99999970E-02         952
   5.99999949E-02         937
   6.99999928E-02         926
   7.99999908E-02         910
   8.99999887E-02         906
   9.99999866E-02         903
  0.109999985             893
  0.119999982             880
  0.129999980             870
  0.139999986             862
  0.149999991             852
  0.159999996             843
  0.170000002             835
  0.180000007             830
  0.190000013             825
  0.200000018             814
  0.210000023             806
  0.220000029             801
  0.230000034             791
  0.240000039             781
  0.250000030             774
  0.260000020             767
  0.270000011             754
  0.280000001             747
  0.289999992             738
  0.299999982             729
  0.309999973             725
  0.319999963             720
  0.329999954             707
  0.339999944             699
  0.349999934             694
  0.359999925             689
  0.369999915             687
  0.379999906             678
  0.389999896             669
  0.399999887             666
  0.409999877             659
  0.419999868             655
  0.429999858             649
  0.439999849             643
  0.449999839             638
  0.459999830             633
  0.469999820             630
  0.479999810             620
  0.489999801             618
  0.499999791             613
  0.509999812             609
  0.519999802             605
  0.529999793             597
  0.539999783             591
  0.549999774             583
  0.559999764             578
  0.569999754             570
  0.579999745             569
  0.589999735             569
  0.599999726             563
  0.609999716             557
  0.619999707             551
  0.629999697             547
  0.639999688             545
  0.649999678             539
  0.659999669             533
  0.669999659             529
  0.679999650             517
  0.689999640             514
  0.699999630             511
  0.709999621             507
  0.719999611             503
  0.729999602             495
  0.739999592             493
  0.749999583             488
  0.759999573             486
  0.769999564             483
  0.779999554             481
  0.789999545             477
  0.799999535             469
  0.809999526             468
  0.819999516             466
  0.829999506             462
  0.839999497             458
  0.849999487             451
  0.859999478             444
  0.869999468             441
  0.879999459             438
  0.889999449             432
  0.899999440             429
  0.909999430             426
  0.919999421             421
  0.929999411             415
  0.939999402             414
  0.949999392             412
  0.959999382             409
  0.969999373             407
  0.979999363             400
  0.989999354             399
  0.999999344             397
   1.00999939             393
   1.01999938             391
   1.02999938             388
   1.03999937             384
   1.04999936             381
   1.05999935             369
   1.06999934             363
   1.07999933             363
   1.08999932             354
   1.09999931             352
   1.10999930             348
   1.11999929             346
   1.12999928             346
   1.13999927             341
   1.14999926             337
   1.15999925             335
   1.16999924             331
   1.17999923             327
   1.18999922             324
   1.19999921             322
   1.20999920             321
   1.21999919             318
   1.22999918             315
   1.23999918             313
   1.24999917             308
   1.25999916             305
   1.26999915             300
   1.27999914             297
   1.28999913             293
   1.29999912             292
   1.30999911             290
   1.31999910             289
   1.32999909             286
   1.33999908             284
   1.34999907             282
   1.35999906             281
   1.36999905             278
   1.37999904             275
   1.38999903             273
   1.39999902             267
   1.40999901             263
   1.41999900             260
   1.42999899             256
   1.43999898             252
   1.44999897             247
   1.45999897             246
   1.46999896             242
   1.47999895             241
   1.48999894             238
   1.49999893             237
   1.50999892             235
   1.51999891             235
   1.52999890             232
   1.53999889             231
   1.54999888             228
   1.55999887             226
   1.56999886             226
   1.57999885             224
   1.58999884             222
   1.59999883             216
   1.60999882             212
   1.61999881             209
   1.62999880             207
   1.63999879             204
   1.64999878             204
   1.65999877             203
   1.66999876             202
   1.67999876             200
   1.68999875             199
   1.69999874             198
   1.70999873             195
   1.71999872             192
   1.72999871             192
   1.73999870             191
   1.74999869             188
   1.75999868             187
   1.76999867             184
   1.77999866             183
   1.78999865             181
   1.79999864             179
   1.80999863             177
   1.81999862             175
   1.82999861             173
   1.83999860             169
   1.84999859             168
   1.85999858             168
   1.86999857             168
   1.87999856             167
   1.88999856             164
   1.89999855             163
   1.90999854             161
   1.91999853             159
   1.92999852             157
   1.93999851             155
   1.94999850             155
   1.95999849             155
   1.96999848             153
   1.97999847             152
   1.98999846             151
   1.99999845             151
   2.00999856             150
   2.01999855             147
   2.02999854             144
   2.03999853             144
   2.04999852             142
   2.05999851             140
   2.06999850             139
   2.07999849             137
   2.08999848             134
   2.09999847             132
   2.10999846             131
   2.11999846             130
   2.12999845             129
   2.13999844             129
   2.14999843             129
   2.15999842             127
   2.16999841             125
   2.17999840             124
   2.18999839             123
   2.19999838             122
   2.20999837             121
   2.21999836             121
   2.22999835             120
   2.23999834             119
   2.24999833             119
   2.25999832             119
   2.26999831             119
   2.27999830             118
   2.28999829             116
   2.29999828             112
   2.30999827             111
   2.31999826             109
   2.32999825             108
   2.33999825             107
   2.34999824             107
   2.35999823             105
   2.36999822             105
   2.37999821             104
   2.38999820             101
   2.39999819             101
   2.40999818             100
   2.41999817             100
   2.42999816              99
   2.43999815              97
   2.44999814              97
   2.45999813              97
   2.46999812              97
   2.47999811              97
   2.48999810              92
   2.49999809              92
   2.50999808              92
   2.51999807              92
   2.52999806              92
   2.53999805              90
   2.54999804              90
   2.55999804              89
   2.56999803              88
   2.57999802              86
   2.58999801              85
   2.59999800              84
   2.60999799              83
   2.61999798              83
   2.62999797              83
   2.63999796              82
   2.64999795              81
   2.65999794              81
   2.66999793              80
   2.67999792              79
   2.68999791              78
   2.69999790              78
   2.70999789              78
   2.71999788              75
   2.72999787              74
   2.73999786              74
   2.74999785              74
   2.75999784              74
   2.76999784              73
   2.77999783              73
   2.78999782              73
   2.79999781              73
   2.80999780              72
   2.81999779              71
   2.82999778              71
   2.83999777              71
   2.84999776              71
   2.85999775              71
   2.86999774              71
   2.87999773              69
   2.88999772              68
   2.89999771              68
   2.90999770              68
   2.91999769              67
   2.92999768              66
   2.93999767              65
   2.94999766              64
   2.95999765              64
   2.96999764              64
   2.97999763              64
   2.98999763              64
   2.99999762              64
   3.00999761              63
   3.01999760              62
   3.02999759              62
   3.03999758              62
   3.04999757              61
   3.05999756              58
   3.06999755              57
   3.07999754              57
   3.08999753              57
   3.09999752              56
   3.10999751              55
   3.11999750              53
   3.12999749              53
   3.13999748              53
   3.14999747              53
   3.15999746              53
   3.16999745              53
   3.17999744              52
   3.18999743              50
   3.19999743              49
   3.20999742              49
   3.21999741              48
   3.22999740              48
   3.23999739              48
   3.24999738              47
   3.25999737              46
   3.26999736              46
   3.27999735              45
   3.28999734              45
   3.29999733              45
   3.30999732              43
   3.31999731              42
   3.32999730              42
   3.33999729              42
   3.34999728              42
   3.35999727              42
   3.36999726              42
   3.37999725              41
   3.38999724              41
   3.39999723              39
   3.40999722              39
   3.41999722              39
   3.42999721              39
   3.43999720              39
   3.44999719              39
   3.45999718              38
   3.46999717              38
   3.47999716              37
   3.48999715              36
   3.49999714              36
   3.50999713              36
   3.51999712              36
   3.52999711              36
   3.53999710              36
   3.54999709              36
   3.55999708              36
   3.56999707              36
   3.57999706              36
   3.58999705              36
   3.59999704              36
   3.60999703              36
   3.61999702              36
   3.62999701              36
   3.63999701              36
   3.64999700              36
   3.65999699              36
   3.66999698              36
   3.67999697              36
   3.68999696              36
   3.69999695              36
   3.70999694              36
   3.71999693              36
   3.72999692              34
   3.73999691              34
   3.74999690              33
   3.75999689              33
   3.76999688              33
   3.77999687              33
   3.78999686              33
   3.79999685              33
   3.80999684              32
   3.81999683              31
   3.82999682              31
   3.83999681              30
   3.84999681              30
   3.85999680              30
   3.86999679              30
   3.87999678              29
   3.88999677              29
   3.89999676              29
   3.90999675              29
   3.91999674              29
   3.92999673              28
   3.93999672              27
   3.94999671              27
   3.95999670              27
   3.96999669              26
   3.97999668              26
   3.98999667              26
   3.99999666              26
   4.00999689              25
   4.01999712              25
   4.02999735              25
   4.03999758              25
   4.04999781              25
   4.05999804              25
   4.06999826              24
   4.07999849              24
   4.08999872              23
   4.09999895              23
   4.10999918              23
   4.11999941              23
   4.12999964              23
   4.13999987              23
   4.15000010              21
   4.16000032              21
   4.17000055              21
   4.18000078              21
   4.19000101              21
   4.20000124              21
   4.21000147              21
   4.22000170              21
   4.23000193              21
   4.24000216              21
   4.25000238              21
   4.26000261              21
   4.27000284              21
   4.28000307              20
   4.29000330              20
   4.30000353              20
   4.31000376              19
   4.32000399              18
   4.33000422              18
   4.34000444              18
   4.35000467              18
   4.36000490              18
   4.37000513              18
   4.38000536              18
   4.39000559              18
   4.40000582              18
   4.41000605              18
   4.42000628              18
   4.43000650              18
   4.44000673              18
   4.45000696              17
   4.46000719              17
   4.47000742              17
   4.48000765              17
   4.49000788              17
   4.50000811              17
   4.51000834              17
   4.52000856              17
   4.53000879              17
   4.54000902              16
   4.55000925              15
   4.56000948              15
   4.57000971              15
   4.58000994              15
   4.59001017              15
   4.60001040              15
   4.61001062              14
   4.62001085              13
   4.63001108              12
   4.64001131              12
   4.65001154              11
   4.66001177              11
   4.67001200              10
   4.68001223              10
   4.69001245              10
   4.70001268              10
   4.71001291              10
   4.72001314              10
   4.73001337              10
   4.74001360              10
   4.75001383              10
   4.76001406              10
   4.77001429              10
   4.78001451              10
   4.79001474              10
   4.80001497              10
   4.81001520              10
   4.82001543              10
   4.83001566              10
   4.84001589              10
   4.85001612              10
   4.86001635              10
   4.87001657              10
   4.88001680              10
   4.89001703              10
   4.90001726              10
   4.91001749              10
   4.92001772              10
   4.93001795              10
   4.94001818              10
   4.95001841              10
   4.96001863              10
   4.97001886              10
   4.98001909              10
   4.99001932              10
   5.00001955              10
   5.01001978               9
   5.02002001               9
   5.03002024               9
   5.04002047               9
   5.05002069               9
   5.06002092               9
   5.07002115               9
   5.08002138               9
   5.09002161               9
   5.10002184               9
   5.11002207               9
   5.12002230               9
   5.13002253               9
   5.14002275               9
   5.15002298               8
   5.16002321               8
   5.17002344               8
   5.18002367               8
   5.19002390               8
   5.20002413               8
   5.21002436               7
   5.22002459               7
   5.23002481               7
   5.24002504               7
   5.25002527               7
   5.26002550               7
   5.27002573               6
   5.28002596               6
   5.29002619               6
   5.30002642               6
   5.31002665               6
   5.32002687               6
   5.33002710               6
   5.34002733               6
   5.35002756               6
   5.36002779               6
   5.37002802               6
   5.38002825               6
   5.39002848               6
   5.40002871               6
   5.41002893               6
   5.42002916               5
   5.43002939               5
   5.44002962               5
   5.45002985               5
   5.46003008               5
   5.47003031               5
   5.48003054               5
   5.49003077               5
   5.50003099               5
   5.51003122               5
   5.52003145               5
   5.53003168               5
   5.54003191               5
   5.55003214               5
   5.56003237               5
   5.57003260               5
   5.58003283               5
   5.59003305               5
   5.60003328               5
   5.61003351               5
   5.62003374               5
   5.63003397               5
   5.64003420               5
   5.65003443               5
   5.66003466               5
   5.67003489               5
   5.68003511               5
   5.69003534               5
   5.70003557               5
   5.71003580               5
   5.72003603               5
   5.73003626               5
   5.74003649               5
   5.75003672               5
   5.76003695               5
   5.77003717               4
   5.78003740               4
   5.79003763               4
   5.80003786               4
   5.81003809               4
   5.82003832               4
   5.83003855               4
   5.84003878               4
   5.85003901               4
   5.86003923               4
   5.87003946               4
   5.88003969               4
   5.89003992               4
   5.90004015               4
   5.91004038               4
   5.92004061               4
   5.93004084               4
   5.94004107               4
   5.95004129               4
   5.96004152               4
   5.97004175               4
   5.98004198               3
   5.99004221               3
   6.00004244               3
   6.01004267               3
   6.02004290               3
   6.03004313               3
   6.04004335               3
   6.05004358               3
   6.06004381               3
   6.07004404               3
   6.08004427               3
   6.09004450               3
   6.10004473               3
   6.11004496               3
   6.12004519               3
   6.13004541               3
   6.14004564               3
   6.15004587               3
   6.16004610               3
   6.17004633               3
   6.18004656               3
   6.19004679               3
   6.20004702               3
   6.21004725               3
   6.22004747               3
   6.23004770               3
   6.24004793               3
   6.25004816               3
   6.26004839               3
   6.27004862               3
   6.28004885               3
   6.29004908               3
   6.30004930               3
   6.31004953               3
   6.32004976               3
   6.33004999               3
   6.34005022               3
   6.35005045               3
   6.36005068               3
   6.37005091               3
   6.38005114               3
   6.39005136               3
   6.40005159               3
   6.41005182               3
   6.42005205               3
   6.43005228               3
   6.44005251               3
   6.45005274               3
   6.46005297               3
   6.47005320               3
   6.48005342               3
   6.49005365               3
   6.50005388               3
   6.51005411               3
   6.52005434               3
   6.53005457               3
   6.54005480               3
   6.55005503               3
   6.56005526               3
   6.57005548               3
   6.58005571               3
   6.59005594               3
   6.60005617               3
   6.61005640               3
   6.62005663               3
   6.63005686               3
   6.64005709               3
   6.65005732               3
   6.66005754               3
   6.67005777               3
   6.68005800               3
   6.69005823               3
   6.70005846               3
   6.71005869               3
   6.72005892               3
   6.73005915               3
   6.74005938               2
   6.75005960               2
   6.76005983               2
   6.77006006               2
   6.78006029               2
   6.79006052               2
   6.80006075               2
   6.81006098               2
   6.82006121               2
   6.83006144               2
   6.84006166               2
   6.85006189               2
   6.86006212               2
   6.87006235               2
   6.88006258               2
   6.89006281               2
   6.90006304               2
   6.91006327               2
   6.92006350               2
   6.93006372               2
   6.94006395               2
   6.95006418               2
   6.96006441               2
   6.97006464               2
   6.98006487               2
   6.99006510               2
   7.00006533               2
   7.01006556               2
   7.02006578               2
   7.03006601               2
   7.04006624               2
   7.05006647               2
   7.06006670               2
   7.07006693               2
   7.08006716               2
   7.09006739               2
   7.10006762               2
   7.11006784               2
   7.12006807               2
   7.13006830               2
   7.14006853               2
   7.15006876               2
   7.16006899               2
   7.17006922               2
   7.18006945               2
   7.19006968               1
   7.20006990               1
   7.21007013               1
   7.22007036               1
   7.23007059               1
   7.24007082               1
   7.25007105               1
   7.26007128               1
   7.27007151               1
   7.28007174               1
   7.29007196               1
   7.30007219               1
   7.31007242               1
   7.32007265               1
   7.33007288               1
   7.34007311               1
   7.35007334               1
   7.36007357               1
   7.37007380               1
   7.38007402               1
   7.39007425               1
   7.40007448               1
   7.41007471               1
   7.42007494               1
   7.43007517               1
   7.44007540               1
   7.45007563               1
   7.46007586               1
   7.47007608               1
   7.48007631               1
   7.49007654               1
   7.50007677               1
   7.51007700               1
   7.52007723               1
   7.53007746               1
   7.54007769               1
   7.55007792               1
   7.56007814               1
   7.57007837               1
   7.58007860               1
   7.59007883               1
   7.60007906               1
   7.61007929               1
   7.62007952               1
   7.63007975               1
   7.64007998               1
   7.65008020               1
   7.66008043               1
   7.67008066               1
   7.68008089               1
   7.69008112               1
   7.70008135               1
   7.71008158               1
   7.72008181               1
   7.73008204               1
   7.74008226               1
   7.75008249               1
   7.76008272               1
   7.77008295               1
   7.78008318               1
   7.79008341               1
   7.80008364               1
   7.81008387               1
   7.82008410               1
   7.83008432               1
   7.84008455               1
   7.85008478               1
   7.86008501               1
   7.87008524               1
   7.88008547               1
   7.89008570               1
   7.90008593               1
   7.91008615               1
   7.92008638               1
   7.93008661               1
   7.94008684               1
   7.95008707               1
   7.96008730               1
   7.97008753               1
   7.98008776               1
   7.99008799               1
   8.00008774               1
