   0.00000000             986
   9.99999978E-03         970
   1.99999996E-02         957
   2.99999993E-02         948
   3.99999991E-02         941
   4.99999970E-02         935
   5.99999949E-02         926
   6.99999928E-02         919
   7.99999908E-02         915
   8.99999887E-02         902
   9.99999866E-02         898
  0.109999985             891
  0.119999982             878
  0.129999980             873
  0.139999986             867
  0.149999991             859
  0.159999996             850
  0.170000002             837
  0.180000007             829
  0.190000013             820
  0.200000018             812
  0.210000023             804
  0.220000029             797
  0.230000034             782
  0.240000039             776
  0.250000030             771
  0.260000020             763
  0.270000011             755
  0.280000001             743
  0.289999992             739
  0.299999982             732
  0.309999973             730
  0.319999963             724
  0.329999954             719
  0.339999944             708
  0.349999934             691
  0.359999925             687
  0.369999915             682
  0.379999906             678
  0.389999896             671
  0.399999887             663
  0.409999877             658
  0.419999868             652
  0.429999858             646
  0.439999849             639
  0.449999839             632
  0.459999830             625
  0.469999820             614
  0.479999810             610
  0.489999801             601
  0.499999791             595
  0.509999812             588
  0.519999802             583
  0.529999793             578
  0.539999783             572
  0.549999774             566
  0.559999764             559
  0.569999754             553
  0.579999745             547
  0.589999735             541
  0.599999726             537
  0.609999716             535
  0.619999707             527
  0.629999697             519
  0.639999688             514
  0.649999678             510
  0.659999669             507
  0.669999659             502
  0.679999650             499
  0.689999640             496
  0.699999630             487
  0.709999621             481
  0.719999611             471
  0.729999602             466
  0.739999592             460
  0.749999583             457
  0.759999573             453
  0.769999564             449
  0.779999554             445
  0.789999545             441
  0.799999535             436
  0.809999526             430
  0.819999516             420
  0.829999506             416
  0.839999497             411
  0.849999487             408
  0.859999478             401
  0.869999468             397
  0.879999459             395
  0.889999449             386
  0.899999440             381
  0.909999430             377
  0.919999421             373
  0.929999411             365
  0.939999402             362
  0.949999392             359
  0.959999382             358
  0.969999373             350
  0.979999363             348
  0.989999354             345
  0.999999344             339
   1.00999939             337
   1.01999938             335
   1.02999938             332
   1.03999937             329
   1.04999936             325
   1.05999935             324
   1.06999934             319
   1.07999933             314
   1.08999932             309
   1.09999931             308
   1.10999930             304
   1.11999929             301
   1.12999928             300
   1.13999927             297
   1.14999926             293
   1.15999925             290
   1.16999924             286
   1.17999923             282
   1.18999922             279
   1.19999921             274
   1.20999920             272
   1.21999919             270
   1.22999918             267
   1.23999918             263
   1.24999917             263
   1.25999916             259
   1.26999915             255
   1.27999914             254
   1.28999913             253
   1.29999912             252
   1.30999911             251
   1.31999910             248
   1.32999909             247
   1.33999908             246
   1.34999907             244
   1.35999906             238
   1.36999905             235
   1.37999904             234
   1.38999903             232
   1.39999902             231
   1.40999901             228
   1.41999900             224
   1.42999899             223
   1.43999898             220
   1.44999897             219
   1.45999897             218
   1.46999896             217
   1.47999895             212
   1.48999894             210
   1.49999893             209
   1.50999892             206
   1.51999891             201
   1.52999890             198
   1.53999889             193
   1.54999888             188
   1.55999887             188
   1.56999886             187
   1.57999885             185
   1.58999884             183
   1.59999883             182
   1.60999882             181
   1.61999881             180
   1.62999880             179
   1.63999879             178
   1.64999878             176
   1.65999877             175
   1.66999876             174
   1.67999876             169
   1.68999875             167
   1.69999874             166
   1.70999873             165
   1.71999872             165
   1.72999871             162
   1.73999870             159
   1.74999869             155
   1.75999868             153
   1.76999867             151
   1.77999866             149
   1.78999865             147
   1.79999864             147
   1.80999863             146
   1.81999862             146
   1.82999861             145
   1.83999860             143
   1.84999859             140
   1.85999858             139
   1.86999857             139
   1.87999856             139
   1.88999856             137
   1.89999855             134
   1.90999854             132
   1.91999853             131
   1.92999852             130
   1.93999851             129
   1.94999850             127
   1.95999849             127
   1.96999848             125
   1.97999847             124
   1.98999846             124
   1.99999845             124
   2.00999856             124
   2.01999855             122
   2.02999854             122
   2.03999853             121
   2.04999852             116
   2.05999851             116
   2.06999850             116
   2.07999849             115
   2.08999848             113
   2.09999847             111
   2.10999846             110
   2.11999846             110
   2.12999845             106
   2.13999844             106
   2.14999843             104
   2.15999842             103
   2.16999841             101
   2.17999840             101
   2.18999839              99
   2.19999838              98
   2.20999837              97
   2.21999836              97
   2.22999835              96
   2.23999834              96
   2.24999833              96
   2.25999832              96
   2.26999831              95
   2.27999830              94
   2.28999829              93
   2.29999828              92
   2.30999827              90
   2.31999826              89
   2.32999825              88
   2.33999825              88
   2.34999824              87
   2.35999823              87
   2.36999822              87
   2.37999821              85
   2.38999820              85
   2.39999819              84
   2.40999818              83
   2.41999817              83
   2.42999816              82
   2.43999815              82
   2.44999814              81
   2.45999813              79
   2.46999812              76
   2.47999811              75
   2.48999810              75
   2.49999809              74
   2.50999808              72
   2.51999807              70
   2.52999806              68
   2.53999805              67
   2.54999804              65
   2.55999804              63
   2.56999803              63
   2.57999802              62
   2.58999801              62
   2.59999800              62
   2.60999799              62
   2.61999798              61
   2.62999797              61
   2.63999796              60
   2.64999795              59
   2.65999794              57
   2.66999793              57
   2.67999792              55
   2.68999791              55
   2.69999790              55
   2.70999789              55
   2.71999788              54
   2.72999787              51
   2.73999786              51
   2.74999785              51
   2.75999784              49
   2.76999784              48
   2.77999783              48
   2.78999782              48
   2.79999781              48
   2.80999780              48
   2.81999779              48
   2.82999778              48
   2.83999777              48
   2.84999776              48
   2.85999775              48
   2.86999774              48
   2.87999773              46
   2.88999772              46
   2.89999771              46
   2.90999770              46
   2.91999769              46
   2.92999768              44
   2.93999767              44
   2.94999766              44
   2.95999765              44
   2.96999764              42
   2.97999763              42
   2.98999763              41
   2.99999762              40
   3.00999761              40
   3.01999760              40
   3.02999759              40
   3.03999758              40
   3.04999757              40
   3.05999756              40
   3.06999755              39
   3.07999754              39
   3.08999753              39
   3.09999752              36
   3.10999751              34
   3.11999750              34
   3.12999749              34
   3.13999748              33
   3.14999747              32
   3.15999746              32
   3.16999745              32
   3.17999744              32
   3.18999743              32
   3.19999743              32
   3.20999742              32
   3.21999741              32
   3.22999740              32
   3.23999739              32
   3.24999738              32
   3.25999737              32
   3.26999736              32
   3.27999735              32
   3.28999734              32
   3.29999733              32
   3.30999732              32
   3.31999731              32
   3.32999730              32
   3.33999729              31
   3.34999728              31
   3.35999727              29
   3.36999726              29
   3.37999725              28
   3.38999724              28
   3.39999723              28
   3.40999722              28
   3.41999722              28
   3.42999721              28
   3.43999720              28
   3.44999719              28
   3.45999718              28
   3.46999717              28
   3.47999716              27
   3.48999715              27
   3.49999714              27
   3.50999713              27
   3.51999712              26
   3.52999711              26
   3.53999710              26
   3.54999709              26
   3.55999708              25
   3.56999707              25
   3.57999706              24
   3.58999705              24
   3.59999704              24
   3.60999703              24
   3.61999702              24
   3.62999701              23
   3.63999701              23
   3.64999700              23
   3.65999699              22
   3.66999698              21
   3.67999697              21
   3.68999696              21
   3.69999695              21
   3.70999694              21
   3.71999693              21
   3.72999692              21
   3.73999691              21
   3.74999690              21
   3.75999689              21
   3.76999688              21
   3.77999687              21
   3.78999686              21
   3.79999685              21
   3.80999684              19
   3.81999683              18
   3.82999682              18
   3.83999681              17
   3.84999681              17
   3.85999680              17
   3.86999679              17
   3.87999678              17
   3.88999677              17
   3.89999676              17
   3.90999675              17
   3.91999674              17
   3.92999673              17
   3.93999672              17
   3.94999671              17
   3.95999670              17
   3.96999669              16
   3.97999668              15
   3.98999667              15
   3.99999666              15
   4.00999689              15
   4.01999712              15
   4.02999735              14
   4.03999758              13
   4.04999781              13
   4.05999804              13
   4.06999826              13
   4.07999849              13
   4.08999872              13
   4.09999895              13
   4.10999918              13
   4.11999941              13
   4.12999964              13
   4.13999987              13
   4.15000010              13
   4.16000032              13
   4.17000055              13
   4.18000078              13
   4.19000101              13
   4.20000124              13
   4.21000147              13
   4.22000170              13
   4.23000193              13
   4.24000216              13
   4.25000238              13
   4.26000261              13
   4.27000284              13
   4.28000307              13
   4.29000330              13
   4.30000353              13
   4.31000376              13
   4.32000399              13
   4.33000422              13
   4.34000444              13
   4.35000467              13
   4.36000490              12
   4.37000513              11
   4.38000536              11
   4.39000559              11
   4.40000582              11
   4.41000605              11
   4.42000628              10
   4.43000650               8
   4.44000673               8
   4.45000696               8
   4.46000719               8
   4.47000742               8
   4.48000765               8
   4.49000788               8
   4.50000811               8
   4.51000834               8
   4.52000856               8
   4.53000879               8
   4.54000902               7
   4.55000925               7
   4.56000948               7
   4.57000971               7
   4.58000994               7
   4.59001017               7
   4.60001040               7
   4.61001062               7
   4.62001085               7
   4.63001108               7
   4.64001131               7
   4.65001154               7
   4.66001177               7
   4.67001200               7
   4.68001223               7
   4.69001245               7
   4.70001268               7
   4.71001291               7
   4.72001314               7
   4.73001337               7
   4.74001360               7
   4.75001383               7
   4.76001406               7
   4.77001429               7
   4.78001451               6
   4.79001474               6
   4.80001497               6
   4.81001520               6
   4.82001543               6
   4.83001566               6
   4.84001589               6
   4.85001612               6
   4.86001635               6
   4.87001657               5
   4.88001680               5
   4.89001703               5
   4.90001726               5
   4.91001749               4
   4.92001772               4
   4.93001795               4
   4.94001818               4
   4.95001841               4
   4.96001863               4
   4.97001886               4
   4.98001909               4
   4.99001932               4
   5.00001955               4
   5.01001978               4
   5.02002001               4
   5.03002024               4
   5.04002047               4
   5.05002069               4
   5.06002092               4
   5.07002115               4
   5.08002138               4
   5.09002161               4
   5.10002184               4
   5.11002207               4
   5.12002230               4
   5.13002253               4
   5.14002275               4
   5.15002298               4
   5.16002321               4
   5.17002344               4
   5.18002367               4
   5.19002390               4
   5.20002413               4
   5.21002436               4
   5.22002459               4
   5.23002481               4
   5.24002504               4
   5.25002527               4
   5.26002550               4
   5.27002573               4
   5.28002596               3
   5.29002619               3
   5.30002642               3
   5.31002665               3
   5.32002687               3
   5.33002710               3
   5.34002733               3
   5.35002756               3
   5.36002779               3
   5.37002802               3
   5.38002825               3
   5.39002848               3
   5.40002871               3
   5.41002893               3
   5.42002916               3
   5.43002939               3
   5.44002962               3
   5.45002985               3
   5.46003008               3
   5.47003031               3
   5.48003054               3
   5.49003077               3
   5.50003099               3
   5.51003122               3
   5.52003145               3
   5.53003168               3
   5.54003191               3
   5.55003214               3
   5.56003237               3
   5.57003260               3
   5.58003283               3
   5.59003305               3
   5.60003328               2
   5.61003351               2
   5.62003374               1
   5.63003397               1
   5.64003420               1
   5.65003443               1
   5.66003466               1
   5.67003489               1
   5.68003511               1
   5.69003534               0
   5.70003557               0
   5.71003580               0
   5.72003603               0
   5.73003626               0
   5.74003649               0
   5.75003672               0
   5.76003695               0
   5.77003717               0
   5.78003740               0
   5.79003763               0
   5.80003786               0
   5.81003809               0
   5.82003832               0
   5.83003855               0
   5.84003878               0
   5.85003901               0
   5.86003923               0
   5.87003946               0
   5.88003969               0
   5.89003992               0
   5.90004015               0
   5.91004038               0
   5.92004061               0
   5.93004084               0
   5.94004107               0
   5.95004129               0
   5.96004152               0
   5.97004175               0
   5.98004198               0
   5.99004221               0
   6.00004244               0
   6.01004267               0
   6.02004290               0
   6.03004313               0
   6.04004335               0
   6.05004358               0
   6.06004381               0
   6.07004404               0
   6.08004427               0
   6.09004450               0
   6.10004473               0
   6.11004496               0
   6.12004519               0
   6.13004541               0
   6.14004564               0
   6.15004587               0
   6.16004610               0
   6.17004633               0
   6.18004656               0
   6.19004679               0
   6.20004702               0
   6.21004725               0
   6.22004747               0
   6.23004770               0
   6.24004793               0
   6.25004816               0
   6.26004839               0
   6.27004862               0
   6.28004885               0
   6.29004908               0
   6.30004930               0
   6.31004953               0
   6.32004976               0
   6.33004999               0
   6.34005022               0
   6.35005045               0
   6.36005068               0
   6.37005091               0
   6.38005114               0
   6.39005136               0
   6.40005159               0
   6.41005182               0
   6.42005205               0
   6.43005228               0
   6.44005251               0
   6.45005274               0
   6.46005297               0
   6.47005320               0
   6.48005342               0
   6.49005365               0
   6.50005388               0
   6.51005411               0
   6.52005434               0
   6.53005457               0
   6.54005480               0
   6.55005503               0
   6.56005526               0
   6.57005548               0
   6.58005571               0
   6.59005594               0
   6.60005617               0
   6.61005640               0
   6.62005663               0
   6.63005686               0
   6.64005709               0
   6.65005732               0
   6.66005754               0
   6.67005777               0
   6.68005800               0
   6.69005823               0
   6.70005846               0
   6.71005869               0
   6.72005892               0
   6.73005915               0
   6.74005938               0
   6.75005960               0
   6.76005983               0
   6.77006006               0
   6.78006029               0
   6.79006052               0
   6.80006075               0
   6.81006098               0
   6.82006121               0
   6.83006144               0
   6.84006166               0
   6.85006189               0
   6.86006212               0
   6.87006235               0
   6.88006258               0
   6.89006281               0
   6.90006304               0
   6.91006327               0
   6.92006350               0
   6.93006372               0
   6.94006395               0
   6.95006418               0
   6.96006441               0
   6.97006464               0
   6.98006487               0
   6.99006510               0
   7.00006533               0
   7.01006556               0
   7.02006578               0
   7.03006601               0
   7.04006624               0
   7.05006647               0
   7.06006670               0
   7.07006693               0
   7.08006716               0
   7.09006739               0
   7.10006762               0
   7.11006784               0
   7.12006807               0
   7.13006830               0
   7.14006853               0
   7.15006876               0
   7.16006899               0
   7.17006922               0
   7.18006945               0
   7.19006968               0
   7.20006990               0
   7.21007013               0
   7.22007036               0
   7.23007059               0
   7.24007082               0
   7.25007105               0
   7.26007128               0
   7.27007151               0
   7.28007174               0
   7.29007196               0
   7.30007219               0
   7.31007242               0
   7.32007265               0
   7.33007288               0
   7.34007311               0
   7.35007334               0
   7.36007357               0
   7.37007380               0
   7.38007402               0
   7.39007425               0
   7.40007448               0
   7.41007471               0
   7.42007494               0
   7.43007517               0
   7.44007540               0
   7.45007563               0
   7.46007586               0
   7.47007608               0
   7.48007631               0
   7.49007654               0
   7.50007677               0
   7.51007700               0
   7.52007723               0
   7.53007746               0
   7.54007769               0
   7.55007792               0
   7.56007814               0
   7.57007837               0
   7.58007860               0
   7.59007883               0
   7.60007906               0
   7.61007929               0
   7.62007952               0
   7.63007975               0
   7.64007998               0
   7.65008020               0
   7.66008043               0
   7.67008066               0
   7.68008089               0
   7.69008112               0
   7.70008135               0
   7.71008158               0
   7.72008181               0
   7.73008204               0
   7.74008226               0
   7.75008249               0
   7.76008272               0
   7.77008295               0
   7.78008318               0
   7.79008341               0
   7.80008364               0
   7.81008387               0
   7.82008410               0
   7.83008432               0
   7.84008455               0
   7.85008478               0
   7.86008501               0
   7.87008524               0
   7.88008547               0
   7.89008570               0
   7.90008593               0
   7.91008615               0
   7.92008638               0
   7.93008661               0
   7.94008684               0
   7.95008707               0
   7.96008730               0
   7.97008753               0
   7.98008776               0
   7.99008799               0
   8.00008774               0
