   0.00000000             989
   9.99999978E-03         979
   1.99999996E-02         972
   2.99999993E-02         957
   3.99999991E-02         953
   4.99999970E-02         945
   5.99999949E-02         936
   6.99999928E-02         927
   7.99999908E-02         918
   8.99999887E-02         904
   9.99999866E-02         897
  0.109999985             887
  0.119999982             878
  0.129999980             875
  0.139999986             861
  0.149999991             853
  0.159999996             844
  0.170000002             839
  0.180000007             835
  0.190000013             825
  0.200000018             814
  0.210000023             806
  0.220000029             800
  0.230000034             796
  0.240000039             789
  0.250000030             781
  0.260000020             771
  0.270000011             768
  0.280000001             759
  0.289999992             755
  0.299999982             750
  0.309999973             741
  0.319999963             730
  0.329999954             725
  0.339999944             716
  0.349999934             707
  0.359999925             702
  0.369999915             697
  0.379999906             689
  0.389999896             684
  0.399999887             675
  0.409999877             668
  0.419999868             663
  0.429999858             656
  0.439999849             650
  0.449999839             647
  0.459999830             641
  0.469999820             637
  0.479999810             632
  0.489999801             630
  0.499999791             623
  0.509999812             618
  0.519999802             611
  0.529999793             603
  0.539999783             601
  0.549999774             598
  0.559999764             593
  0.569999754             585
  0.579999745             578
  0.589999735             573
  0.599999726             569
  0.609999716             561
  0.619999707             553
  0.629999697             545
  0.639999688             535
  0.649999678             524
  0.659999669             517
  0.669999659             509
  0.679999650             507
  0.689999640             503
  0.699999630             498
  0.709999621             493
  0.719999611             489
  0.729999602             487
  0.739999592             482
  0.749999583             477
  0.759999573             469
  0.769999564             464
  0.779999554             460
  0.789999545             449
  0.799999535             449
  0.809999526             444
  0.819999516             433
  0.829999506             424
  0.839999497             420
  0.849999487             417
  0.859999478             414
  0.869999468             407
  0.879999459             403
  0.889999449             399
  0.899999440             398
  0.909999430             393
  0.919999421             389
  0.929999411             385
  0.939999402             383
  0.949999392             380
  0.959999382             376
  0.969999373             371
  0.979999363             369
  0.989999354             367
  0.999999344             365
   1.00999939             360
   1.01999938             360
   1.02999938             353
   1.03999937             353
   1.04999936             351
   1.05999935             348
   1.06999934             342
   1.07999933             336
   1.08999932             335
   1.09999931             330
   1.10999930             325
   1.11999929             318
   1.12999928             316
   1.13999927             313
   1.14999926             311
   1.15999925             309
   1.16999924             305
   1.17999923             297
   1.18999922             294
   1.19999921             288
   1.20999920             284
   1.21999919             283
   1.22999918             281
   1.23999918             279
   1.24999917             277
   1.25999916             276
   1.26999915             274
   1.27999914             270
   1.28999913             266
   1.29999912             265
   1.30999911             262
   1.31999910             257
   1.32999909             257
   1.33999908             252
   1.34999907             250
   1.35999906             249
   1.36999905             245
   1.37999904             242
   1.38999903             240
   1.39999902             240
   1.40999901             234
   1.41999900             230
   1.42999899             229
   1.43999898             227
   1.44999897             223
   1.45999897             219
   1.46999896             218
   1.47999895             218
   1.48999894             217
   1.49999893             215
   1.50999892             214
   1.51999891             212
   1.52999890             211
   1.53999889             209
   1.54999888             207
   1.55999887             205
   1.56999886             203
   1.57999885             199
   1.58999884             198
   1.59999883             198
   1.60999882             198
   1.61999881             195
   1.62999880             193
   1.63999879             189
   1.64999878             187
   1.65999877             186
   1.66999876             185
   1.67999876             182
   1.68999875             179
   1.69999874             176
   1.70999873             174
   1.71999872             173
   1.72999871             172
   1.73999870             169
   1.74999869             169
   1.75999868             169
   1.76999867             168
   1.77999866             166
   1.78999865             164
   1.79999864             161
   1.80999863             160
   1.81999862             159
   1.82999861             158
   1.83999860             157
   1.84999859             155
   1.85999858             154
   1.86999857             154
   1.87999856             153
   1.88999856             151
   1.89999855             151
   1.90999854             148
   1.91999853             147
   1.92999852             147
   1.93999851             146
   1.94999850             146
   1.95999849             145
   1.96999848             144
   1.97999847             142
   1.98999846             141
   1.99999845             140
   2.00999856             139
   2.01999855             137
   2.02999854             135
   2.03999853             135
   2.04999852             135
   2.05999851             135
   2.06999850             135
   2.07999849             132
   2.08999848             131
   2.09999847             128
   2.10999846             126
   2.11999846             124
   2.12999845             123
   2.13999844             122
   2.14999843             122
   2.15999842             119
   2.16999841             117
   2.17999840             116
   2.18999839             115
   2.19999838             112
   2.20999837             112
   2.21999836             110
   2.22999835             109
   2.23999834             107
   2.24999833             105
   2.25999832             103
   2.26999831             103
   2.27999830             101
   2.28999829              99
   2.29999828              97
   2.30999827              97
   2.31999826              96
   2.32999825              94
   2.33999825              93
   2.34999824              92
   2.35999823              91
   2.36999822              91
   2.37999821              91
   2.38999820              91
   2.39999819              90
   2.40999818              88
   2.41999817              85
   2.42999816              83
   2.43999815              82
   2.44999814              82
   2.45999813              81
   2.46999812              80
   2.47999811              78
   2.48999810              78
   2.49999809              78
   2.50999808              76
   2.51999807              76
   2.52999806              75
   2.53999805              73
   2.54999804              71
   2.55999804              70
   2.56999803              70
   2.57999802              68
   2.58999801              66
   2.59999800              66
   2.60999799              62
   2.61999798              62
   2.62999797              62
   2.63999796              62
   2.64999795              61
   2.65999794              61
   2.66999793              60
   2.67999792              59
   2.68999791              57
   2.69999790              57
   2.70999789              57
   2.71999788              55
   2.72999787              55
   2.73999786              55
   2.74999785              54
   2.75999784              54
   2.76999784              54
   2.77999783              53
   2.78999782              53
   2.79999781              52
   2.80999780              51
   2.81999779              51
   2.82999778              51
   2.83999777              50
   2.84999776              50
   2.85999775              50
   2.86999774              49
   2.87999773              49
   2.88999772              49
   2.89999771              49
   2.90999770              48
   2.91999769              48
   2.92999768              48
   2.93999767              48
   2.94999766              47
   2.95999765              47
   2.96999764              47
   2.97999763              47
   2.98999763              46
   2.99999762              46
   3.00999761              45
   3.01999760              45
   3.02999759              45
   3.03999758              45
   3.04999757              45
   3.05999756              45
   3.06999755              45
   3.07999754              45
   3.08999753              45
   3.09999752              44
   3.10999751              44
   3.11999750              44
   3.12999749              44
   3.13999748              43
   3.14999747              41
   3.15999746              41
   3.16999745              41
   3.17999744              41
   3.18999743              41
   3.19999743              41
   3.20999742              40
   3.21999741              40
   3.22999740              40
   3.23999739              40
   3.24999738              39
   3.25999737              39
   3.26999736              39
   3.27999735              38
   3.28999734              38
   3.29999733              37
   3.30999732              36
   3.31999731              36
   3.32999730              36
   3.33999729              35
   3.34999728              34
   3.35999727              34
   3.36999726              34
   3.37999725              33
   3.38999724              33
   3.39999723              33
   3.40999722              33
   3.41999722              33
   3.42999721              33
   3.43999720              32
   3.44999719              32
   3.45999718              31
   3.46999717              31
   3.47999716              31
   3.48999715              31
   3.49999714              31
   3.50999713              31
   3.51999712              30
   3.52999711              30
   3.53999710              30
   3.54999709              30
   3.55999708              30
   3.56999707              29
   3.57999706              28
   3.58999705              28
   3.59999704              28
   3.60999703              28
   3.61999702              28
   3.62999701              28
   3.63999701              27
   3.64999700              25
   3.65999699              25
   3.66999698              25
   3.67999697              24
   3.68999696              24
   3.69999695              24
   3.70999694              24
   3.71999693              24
   3.72999692              23
   3.73999691              23
   3.74999690              21
   3.75999689              21
   3.76999688              21
   3.77999687              21
   3.78999686              21
   3.79999685              21
   3.80999684              21
   3.81999683              21
   3.82999682              21
   3.83999681              20
   3.84999681              20
   3.85999680              20
   3.86999679              20
   3.87999678              20
   3.88999677              18
   3.89999676              18
   3.90999675              18
   3.91999674              18
   3.92999673              18
   3.93999672              18
   3.94999671              18
   3.95999670              18
   3.96999669              18
   3.97999668              18
   3.98999667              17
   3.99999666              17
   4.00999689              17
   4.01999712              17
   4.02999735              17
   4.03999758              17
   4.04999781              17
   4.05999804              16
   4.06999826              16
   4.07999849              14
   4.08999872              13
   4.09999895              12
   4.10999918              12
   4.11999941              12
   4.12999964              11
   4.13999987              11
   4.15000010              11
   4.16000032              11
   4.17000055              11
   4.18000078              11
   4.19000101              11
   4.20000124              11
   4.21000147              11
   4.22000170              11
   4.23000193              11
   4.24000216              11
   4.25000238              11
   4.26000261              11
   4.27000284              10
   4.28000307              10
   4.29000330              10
   4.30000353              10
   4.31000376              10
   4.32000399              10
   4.33000422               9
   4.34000444               9
   4.35000467               9
   4.36000490               9
   4.37000513               9
   4.38000536               9
   4.39000559               9
   4.40000582               8
   4.41000605               8
   4.42000628               8
   4.43000650               8
   4.44000673               8
   4.45000696               8
   4.46000719               8
   4.47000742               8
   4.48000765               8
   4.49000788               8
   4.50000811               8
   4.51000834               8
   4.52000856               8
   4.53000879               8
   4.54000902               8
   4.55000925               8
   4.56000948               8
   4.57000971               8
   4.58000994               8
   4.59001017               8
   4.60001040               7
   4.61001062               7
   4.62001085               7
   4.63001108               7
   4.64001131               6
   4.65001154               6
   4.66001177               6
   4.67001200               6
   4.68001223               6
   4.69001245               6
   4.70001268               6
   4.71001291               6
   4.72001314               6
   4.73001337               6
   4.74001360               6
   4.75001383               6
   4.76001406               6
   4.77001429               6
   4.78001451               6
   4.79001474               5
   4.80001497               5
   4.81001520               5
   4.82001543               5
   4.83001566               5
   4.84001589               5
   4.85001612               5
   4.86001635               5
   4.87001657               5
   4.88001680               5
   4.89001703               5
   4.90001726               5
   4.91001749               5
   4.92001772               5
   4.93001795               5
   4.94001818               5
   4.95001841               5
   4.96001863               5
   4.97001886               3
   4.98001909               3
   4.99001932               3
   5.00001955               3
   5.01001978               3
   5.02002001               3
   5.03002024               3
   5.04002047               3
   5.05002069               3
   5.06002092               3
   5.07002115               3
   5.08002138               3
   5.09002161               3
   5.10002184               3
   5.11002207               3
   5.12002230               3
   5.13002253               3
   5.14002275               3
   5.15002298               3
   5.16002321               3
   5.17002344               2
   5.18002367               2
   5.19002390               2
   5.20002413               2
   5.21002436               2
   5.22002459               2
   5.23002481               2
   5.24002504               2
   5.25002527               2
   5.26002550               2
   5.27002573               2
   5.28002596               2
   5.29002619               2
   5.30002642               2
   5.31002665               2
   5.32002687               2
   5.33002710               2
   5.34002733               2
   5.35002756               2
   5.36002779               2
   5.37002802               2
   5.38002825               2
   5.39002848               2
   5.40002871               2
   5.41002893               2
   5.42002916               2
   5.43002939               2
   5.44002962               2
   5.45002985               2
   5.46003008               2
   5.47003031               2
   5.48003054               2
   5.49003077               2
   5.50003099               2
   5.51003122               2
   5.52003145               2
   5.53003168               2
   5.54003191               2
   5.55003214               2
   5.56003237               2
   5.57003260               2
   5.58003283               2
   5.59003305               2
   5.60003328               2
   5.61003351               2
   5.62003374               2
   5.63003397               2
   5.64003420               2
   5.65003443               2
   5.66003466               2
   5.67003489               2
   5.68003511               2
   5.69003534               2
   5.70003557               2
   5.71003580               2
   5.72003603               2
   5.73003626               2
   5.74003649               2
   5.75003672               2
   5.76003695               2
   5.77003717               2
   5.78003740               2
   5.79003763               2
   5.80003786               2
   5.81003809               2
   5.82003832               2
   5.83003855               2
   5.84003878               2
   5.85003901               2
   5.86003923               2
   5.87003946               2
   5.88003969               2
   5.89003992               2
   5.90004015               2
   5.91004038               2
   5.92004061               2
   5.93004084               2
   5.94004107               2
   5.95004129               2
   5.96004152               2
   5.97004175               2
   5.98004198               2
   5.99004221               2
   6.00004244               2
   6.01004267               2
   6.02004290               2
   6.03004313               2
   6.04004335               2
   6.05004358               2
   6.06004381               2
   6.07004404               2
   6.08004427               2
   6.09004450               2
   6.10004473               2
   6.11004496               2
   6.12004519               2
   6.13004541               2
   6.14004564               2
   6.15004587               2
   6.16004610               2
   6.17004633               2
   6.18004656               2
   6.19004679               2
   6.20004702               2
   6.21004725               2
   6.22004747               2
   6.23004770               2
   6.24004793               2
   6.25004816               2
   6.26004839               2
   6.27004862               2
   6.28004885               2
   6.29004908               2
   6.30004930               2
   6.31004953               2
   6.32004976               2
   6.33004999               2
   6.34005022               2
   6.35005045               2
   6.36005068               2
   6.37005091               2
   6.38005114               2
   6.39005136               2
   6.40005159               2
   6.41005182               2
   6.42005205               2
   6.43005228               2
   6.44005251               2
   6.45005274               2
   6.46005297               2
   6.47005320               2
   6.48005342               2
   6.49005365               2
   6.50005388               2
   6.51005411               2
   6.52005434               2
   6.53005457               2
   6.54005480               2
   6.55005503               2
   6.56005526               2
   6.57005548               2
   6.58005571               2
   6.59005594               2
   6.60005617               2
   6.61005640               2
   6.62005663               2
   6.63005686               2
   6.64005709               2
   6.65005732               2
   6.66005754               2
   6.67005777               2
   6.68005800               2
   6.69005823               2
   6.70005846               2
   6.71005869               2
   6.72005892               2
   6.73005915               2
   6.74005938               2
   6.75005960               2
   6.76005983               2
   6.77006006               2
   6.78006029               2
   6.79006052               2
   6.80006075               2
   6.81006098               2
   6.82006121               2
   6.83006144               2
   6.84006166               2
   6.85006189               2
   6.86006212               2
   6.87006235               2
   6.88006258               2
   6.89006281               2
   6.90006304               2
   6.91006327               2
   6.92006350               2
   6.93006372               2
   6.94006395               2
   6.95006418               2
   6.96006441               2
   6.97006464               2
   6.98006487               2
   6.99006510               2
   7.00006533               2
   7.01006556               2
   7.02006578               2
   7.03006601               2
   7.04006624               2
   7.05006647               2
   7.06006670               2
   7.07006693               2
   7.08006716               2
   7.09006739               2
   7.10006762               2
   7.11006784               2
   7.12006807               2
   7.13006830               2
   7.14006853               2
   7.15006876               2
   7.16006899               2
   7.17006922               2
   7.18006945               2
   7.19006968               2
   7.20006990               2
   7.21007013               2
   7.22007036               2
   7.23007059               2
   7.24007082               2
   7.25007105               2
   7.26007128               2
   7.27007151               2
   7.28007174               2
   7.29007196               2
   7.30007219               2
   7.31007242               2
   7.32007265               2
   7.33007288               2
   7.34007311               1
   7.35007334               1
   7.36007357               1
   7.37007380               1
   7.38007402               1
   7.39007425               1
   7.40007448               1
   7.41007471               1
   7.42007494               1
   7.43007517               1
   7.44007540               1
   7.45007563               1
   7.46007586               1
   7.47007608               1
   7.48007631               1
   7.49007654               1
   7.50007677               1
   7.51007700               1
   7.52007723               1
   7.53007746               1
   7.54007769               1
   7.55007792               1
   7.56007814               1
   7.57007837               1
   7.58007860               1
   7.59007883               1
   7.60007906               1
   7.61007929               1
   7.62007952               1
   7.63007975               1
   7.64007998               1
   7.65008020               1
   7.66008043               1
   7.67008066               1
   7.68008089               1
   7.69008112               1
   7.70008135               1
   7.71008158               1
   7.72008181               1
   7.73008204               1
   7.74008226               1
   7.75008249               1
   7.76008272               1
   7.77008295               1
   7.78008318               1
   7.79008341               1
   7.80008364               1
   7.81008387               1
   7.82008410               1
   7.83008432               1
   7.84008455               1
   7.85008478               1
   7.86008501               1
   7.87008524               1
   7.88008547               1
   7.89008570               1
   7.90008593               1
   7.91008615               1
   7.92008638               1
   7.93008661               1
   7.94008684               1
   7.95008707               1
   7.96008730               1
   7.97008753               1
   7.98008776               1
   7.99008799               1
   8.00008774               1
