   0.00000000             996
   9.99999978E-03         990
   1.99999996E-02         983
   2.99999993E-02         966
   3.99999991E-02         957
   4.99999970E-02         942
   5.99999949E-02         935
   6.99999928E-02         926
   7.99999908E-02         920
   8.99999887E-02         913
   9.99999866E-02         898
  0.109999985             896
  0.119999982             891
  0.129999980             885
  0.139999986             880
  0.149999991             874
  0.159999996             863
  0.170000002             857
  0.180000007             843
  0.190000013             837
  0.200000018             830
  0.210000023             820
  0.220000029             815
  0.230000034             810
  0.240000039             804
  0.250000030             796
  0.260000020             790
  0.270000011             784
  0.280000001             775
  0.289999992             770
  0.299999982             767
  0.309999973             757
  0.319999963             750
  0.329999954             742
  0.339999944             731
  0.349999934             725
  0.359999925             719
  0.369999915             714
  0.379999906             701
  0.389999896             692
  0.399999887             685
  0.409999877             680
  0.419999868             674
  0.429999858             665
  0.439999849             658
  0.449999839             651
  0.459999830             645
  0.469999820             636
  0.479999810             631
  0.489999801             623
  0.499999791             613
  0.509999812             609
  0.519999802             607
  0.529999793             596
  0.539999783             593
  0.549999774             590
  0.559999764             586
  0.569999754             579
  0.579999745             570
  0.589999735             565
  0.599999726             558
  0.609999716             551
  0.619999707             544
  0.629999697             535
  0.639999688             523
  0.649999678             519
  0.659999669             517
  0.669999659             512
  0.679999650             504
  0.689999640             498
  0.699999630             497
  0.709999621             494
  0.719999611             488
  0.729999602             487
  0.739999592             482
  0.749999583             476
  0.759999573             472
  0.769999564             469
  0.779999554             464
  0.789999545             458
  0.799999535             452
  0.809999526             449
  0.819999516             447
  0.829999506             440
  0.839999497             439
  0.849999487             435
  0.859999478             432
  0.869999468             426
  0.879999459             424
  0.889999449             420
  0.899999440             416
  0.909999430             412
  0.919999421             406
  0.929999411             399
  0.939999402             393
  0.949999392             388
  0.959999382             381
  0.969999373             378
  0.979999363             376
  0.989999354             369
  0.999999344             367
   1.00999939             364
   1.01999938             362
   1.02999938             358
   1.03999937             357
   1.04999936             354
   1.05999935             347
   1.06999934             342
   1.07999933             339
   1.08999932             339
   1.09999931             335
   1.10999930             335
   1.11999929             332
   1.12999928             329
   1.13999927             327
   1.14999926             325
   1.15999925             318
   1.16999924             315
   1.17999923             313
   1.18999922             308
   1.19999921             307
   1.20999920             307
   1.21999919             307
   1.22999918             306
   1.23999918             303
   1.24999917             301
   1.25999916             300
   1.26999915             296
   1.27999914             295
   1.28999913             291
   1.29999912             289
   1.30999911             284
   1.31999910             284
   1.32999909             279
   1.33999908             278
   1.34999907             275
   1.35999906             272
   1.36999905             269
   1.37999904             266
   1.38999903             264
   1.39999902             262
   1.40999901             260
   1.41999900             256
   1.42999899             253
   1.43999898             252
   1.44999897             252
   1.45999897             250
   1.46999896             248
   1.47999895             247
   1.48999894             244
   1.49999893             244
   1.50999892             241
   1.51999891             240
   1.52999890             239
   1.53999889             235
   1.54999888             235
   1.55999887             231
   1.56999886             231
   1.57999885             230
   1.58999884             228
   1.59999883             227
   1.60999882             226
   1.61999881             224
   1.62999880             219
   1.63999879             218
   1.64999878             216
   1.65999877             213
   1.66999876             211
   1.67999876             210
   1.68999875             206
   1.69999874             204
   1.70999873             203
   1.71999872             200
   1.72999871             198
   1.73999870             197
   1.74999869             193
   1.75999868             193
   1.76999867             192
   1.77999866             189
   1.78999865             188
   1.79999864             186
   1.80999863             183
   1.81999862             181
   1.82999861             180
   1.83999860             177
   1.84999859             176
   1.85999858             175
   1.86999857             174
   1.87999856             171
   1.88999856             169
   1.89999855             167
   1.90999854             164
   1.91999853             162
   1.92999852             161
   1.93999851             161
   1.94999850             160
   1.95999849             158
   1.96999848             156
   1.97999847             156
   1.98999846             152
   1.99999845             151
   2.00999856             148
   2.01999855             147
   2.02999854             145
   2.03999853             144
   2.04999852             142
   2.05999851             142
   2.06999850             142
   2.07999849             140
   2.08999848             138
   2.09999847             137
   2.10999846             136
   2.11999846             133
   2.12999845             131
   2.13999844             130
   2.14999843             129
   2.15999842             128
   2.16999841             128
   2.17999840             126
   2.18999839             123
   2.19999838             123
   2.20999837             123
   2.21999836             120
   2.22999835             120
   2.23999834             118
   2.24999833             116
   2.25999832             115
   2.26999831             115
   2.27999830             114
   2.28999829             110
   2.29999828             110
   2.30999827             107
   2.31999826             107
   2.32999825             105
   2.33999825             103
   2.34999824             103
   2.35999823             102
   2.36999822             101
   2.37999821             101
   2.38999820             101
   2.39999819             101
   2.40999818             101
   2.41999817             101
   2.42999816             101
   2.43999815             101
   2.44999814              97
   2.45999813              97
   2.46999812              96
   2.47999811              95
   2.48999810              95
   2.49999809              95
   2.50999808              94
   2.51999807              94
   2.52999806              94
   2.53999805              94
   2.54999804              94
   2.55999804              94
   2.56999803              93
   2.57999802              91
   2.58999801              90
   2.59999800              88
   2.60999799              86
   2.61999798              84
   2.62999797              84
   2.63999796              82
   2.64999795              82
   2.65999794              82
   2.66999793              82
   2.67999792              80
   2.68999791              78
   2.69999790              76
   2.70999789              73
   2.71999788              72
   2.72999787              72
   2.73999786              71
   2.74999785              70
   2.75999784              70
   2.76999784              70
   2.77999783              68
   2.78999782              68
   2.79999781              68
   2.80999780              68
   2.81999779              67
   2.82999778              67
   2.83999777              66
   2.84999776              66
   2.85999775              66
   2.86999774              64
   2.87999773              63
   2.88999772              62
   2.89999771              62
   2.90999770              61
   2.91999769              60
   2.92999768              60
   2.93999767              59
   2.94999766              59
   2.95999765              58
   2.96999764              58
   2.97999763              58
   2.98999763              57
   2.99999762              55
   3.00999761              55
   3.01999760              53
   3.02999759              52
   3.03999758              51
   3.04999757              51
   3.05999756              51
   3.06999755              50
   3.07999754              49
   3.08999753              49
   3.09999752              49
   3.10999751              49
   3.11999750              49
   3.12999749              48
   3.13999748              48
   3.14999747              48
   3.15999746              48
   3.16999745              48
   3.17999744              46
   3.18999743              46
   3.19999743              45
   3.20999742              44
   3.21999741              43
   3.22999740              41
   3.23999739              40
   3.24999738              39
   3.25999737              39
   3.26999736              37
   3.27999735              35
   3.28999734              35
   3.29999733              34
   3.30999732              34
   3.31999731              34
   3.32999730              34
   3.33999729              33
   3.34999728              32
   3.35999727              32
   3.36999726              32
   3.37999725              32
   3.38999724              32
   3.39999723              32
   3.40999722              32
   3.41999722              32
   3.42999721              32
   3.43999720              31
   3.44999719              30
   3.45999718              30
   3.46999717              30
   3.47999716              30
   3.48999715              28
   3.49999714              28
   3.50999713              28
   3.51999712              28
   3.52999711              28
   3.53999710              28
   3.54999709              27
   3.55999708              27
   3.56999707              27
   3.57999706              27
   3.58999705              27
   3.59999704              26
   3.60999703              25
   3.61999702              25
   3.62999701              25
   3.63999701              25
   3.64999700              24
   3.65999699              24
   3.66999698              23
   3.67999697              23
   3.68999696              23
   3.69999695              23
   3.70999694              23
   3.71999693              23
   3.72999692              22
   3.73999691              22
   3.74999690              22
   3.75999689              22
   3.76999688              22
   3.77999687              21
   3.78999686              20
   3.79999685              20
   3.80999684              20
   3.81999683              20
   3.82999682              20
   3.83999681              20
   3.84999681              20
   3.85999680              20
   3.86999679              20
   3.87999678              20
   3.88999677              18
   3.89999676              18
   3.90999675              17
   3.91999674              17
   3.92999673              17
   3.93999672              17
   3.94999671              17
   3.95999670              16
   3.96999669              16
   3.97999668              16
   3.98999667              16
   3.99999666              16
   4.00999689              16
   4.01999712              16
   4.02999735              16
   4.03999758              15
   4.04999781              15
   4.05999804              15
   4.06999826              15
   4.07999849              15
   4.08999872              14
   4.09999895              13
   4.10999918              13
   4.11999941              13
   4.12999964              12
   4.13999987              12
   4.15000010              12
   4.16000032              12
   4.17000055              12
   4.18000078              12
   4.19000101              12
   4.20000124              12
   4.21000147              12
   4.22000170              12
   4.23000193              12
   4.24000216              11
   4.25000238              11
   4.26000261              11
   4.27000284              11
   4.28000307              11
   4.29000330              11
   4.30000353              11
   4.31000376              11
   4.32000399              11
   4.33000422              11
   4.34000444              11
   4.35000467               9
   4.36000490               9
   4.37000513               9
   4.38000536               9
   4.39000559               9
   4.40000582               9
   4.41000605               9
   4.42000628               9
   4.43000650               8
   4.44000673               8
   4.45000696               8
   4.46000719               8
   4.47000742               8
   4.48000765               8
   4.49000788               8
   4.50000811               8
   4.51000834               8
   4.52000856               8
   4.53000879               8
   4.54000902               8
   4.55000925               8
   4.56000948               8
   4.57000971               8
   4.58000994               8
   4.59001017               8
   4.60001040               8
   4.61001062               8
   4.62001085               8
   4.63001108               8
   4.64001131               8
   4.65001154               8
   4.66001177               8
   4.67001200               8
   4.68001223               8
   4.69001245               8
   4.70001268               8
   4.71001291               8
   4.72001314               8
   4.73001337               8
   4.74001360               8
   4.75001383               8
   4.76001406               8
   4.77001429               8
   4.78001451               7
   4.79001474               7
   4.80001497               7
   4.81001520               7
   4.82001543               7
   4.83001566               7
   4.84001589               5
   4.85001612               5
   4.86001635               5
   4.87001657               5
   4.88001680               5
   4.89001703               5
   4.90001726               5
   4.91001749               5
   4.92001772               5
   4.93001795               5
   4.94001818               4
   4.95001841               4
   4.96001863               4
   4.97001886               4
   4.98001909               4
   4.99001932               4
   5.00001955               4
   5.01001978               4
   5.02002001               4
   5.03002024               4
   5.04002047               3
   5.05002069               3
   5.06002092               3
   5.07002115               3
   5.08002138               3
   5.09002161               3
   5.10002184               3
   5.11002207               3
   5.12002230               3
   5.13002253               3
   5.14002275               3
   5.15002298               3
   5.16002321               3
   5.17002344               3
   5.18002367               3
   5.19002390               3
   5.20002413               3
   5.21002436               3
   5.22002459               3
   5.23002481               3
   5.24002504               3
   5.25002527               3
   5.26002550               3
   5.27002573               3
   5.28002596               3
   5.29002619               3
   5.30002642               3
   5.31002665               3
   5.32002687               3
   5.33002710               3
   5.34002733               3
   5.35002756               3
   5.36002779               3
   5.37002802               3
   5.38002825               3
   5.39002848               3
   5.40002871               3
   5.41002893               3
   5.42002916               3
   5.43002939               3
   5.44002962               3
   5.45002985               3
   5.46003008               3
   5.47003031               3
   5.48003054               3
   5.49003077               3
   5.50003099               3
   5.51003122               3
   5.52003145               3
   5.53003168               3
   5.54003191               3
   5.55003214               3
   5.56003237               3
   5.57003260               3
   5.58003283               3
   5.59003305               3
   5.60003328               3
   5.61003351               3
   5.62003374               3
   5.63003397               3
   5.64003420               3
   5.65003443               3
   5.66003466               3
   5.67003489               3
   5.68003511               3
   5.69003534               3
   5.70003557               3
   5.71003580               3
   5.72003603               3
   5.73003626               3
   5.74003649               3
   5.75003672               3
   5.76003695               3
   5.77003717               3
   5.78003740               3
   5.79003763               3
   5.80003786               3
   5.81003809               3
   5.82003832               3
   5.83003855               3
   5.84003878               3
   5.85003901               3
   5.86003923               3
   5.87003946               3
   5.88003969               3
   5.89003992               3
   5.90004015               3
   5.91004038               3
   5.92004061               3
   5.93004084               3
   5.94004107               3
   5.95004129               3
   5.96004152               3
   5.97004175               3
   5.98004198               3
   5.99004221               3
   6.00004244               3
   6.01004267               3
   6.02004290               3
   6.03004313               3
   6.04004335               3
   6.05004358               3
   6.06004381               3
   6.07004404               3
   6.08004427               3
   6.09004450               3
   6.10004473               3
   6.11004496               3
   6.12004519               3
   6.13004541               3
   6.14004564               3
   6.15004587               3
   6.16004610               3
   6.17004633               3
   6.18004656               3
   6.19004679               3
   6.20004702               3
   6.21004725               3
   6.22004747               3
   6.23004770               3
   6.24004793               3
   6.25004816               3
   6.26004839               3
   6.27004862               2
   6.28004885               2
   6.29004908               2
   6.30004930               2
   6.31004953               2
   6.32004976               2
   6.33004999               2
   6.34005022               2
   6.35005045               2
   6.36005068               2
   6.37005091               2
   6.38005114               2
   6.39005136               2
   6.40005159               2
   6.41005182               2
   6.42005205               2
   6.43005228               2
   6.44005251               2
   6.45005274               2
   6.46005297               2
   6.47005320               2
   6.48005342               2
   6.49005365               2
   6.50005388               2
   6.51005411               2
   6.52005434               2
   6.53005457               2
   6.54005480               2
   6.55005503               2
   6.56005526               2
   6.57005548               2
   6.58005571               2
   6.59005594               2
   6.60005617               1
   6.61005640               1
   6.62005663               1
   6.63005686               1
   6.64005709               1
   6.65005732               1
   6.66005754               1
   6.67005777               1
   6.68005800               1
   6.69005823               1
   6.70005846               1
   6.71005869               1
   6.72005892               1
   6.73005915               1
   6.74005938               1
   6.75005960               1
   6.76005983               1
   6.77006006               1
   6.78006029               1
   6.79006052               1
   6.80006075               1
   6.81006098               1
   6.82006121               1
   6.83006144               1
   6.84006166               1
   6.85006189               1
   6.86006212               1
   6.87006235               1
   6.88006258               1
   6.89006281               1
   6.90006304               1
   6.91006327               1
   6.92006350               1
   6.93006372               1
   6.94006395               1
   6.95006418               1
   6.96006441               1
   6.97006464               1
   6.98006487               1
   6.99006510               1
   7.00006533               1
   7.01006556               1
   7.02006578               1
   7.03006601               1
   7.04006624               1
   7.05006647               1
   7.06006670               1
   7.07006693               1
   7.08006716               1
   7.09006739               0
   7.10006762               0
   7.11006784               0
   7.12006807               0
   7.13006830               0
   7.14006853               0
   7.15006876               0
   7.16006899               0
   7.17006922               0
   7.18006945               0
   7.19006968               0
   7.20006990               0
   7.21007013               0
   7.22007036               0
   7.23007059               0
   7.24007082               0
   7.25007105               0
   7.26007128               0
   7.27007151               0
   7.28007174               0
   7.29007196               0
   7.30007219               0
   7.31007242               0
   7.32007265               0
   7.33007288               0
   7.34007311               0
   7.35007334               0
   7.36007357               0
   7.37007380               0
   7.38007402               0
   7.39007425               0
   7.40007448               0
   7.41007471               0
   7.42007494               0
   7.43007517               0
   7.44007540               0
   7.45007563               0
   7.46007586               0
   7.47007608               0
   7.48007631               0
   7.49007654               0
   7.50007677               0
   7.51007700               0
   7.52007723               0
   7.53007746               0
   7.54007769               0
   7.55007792               0
   7.56007814               0
   7.57007837               0
   7.58007860               0
   7.59007883               0
   7.60007906               0
   7.61007929               0
   7.62007952               0
   7.63007975               0
   7.64007998               0
   7.65008020               0
   7.66008043               0
   7.67008066               0
   7.68008089               0
   7.69008112               0
   7.70008135               0
   7.71008158               0
   7.72008181               0
   7.73008204               0
   7.74008226               0
   7.75008249               0
   7.76008272               0
   7.77008295               0
   7.78008318               0
   7.79008341               0
   7.80008364               0
   7.81008387               0
   7.82008410               0
   7.83008432               0
   7.84008455               0
   7.85008478               0
   7.86008501               0
   7.87008524               0
   7.88008547               0
   7.89008570               0
   7.90008593               0
   7.91008615               0
   7.92008638               0
   7.93008661               0
   7.94008684               0
   7.95008707               0
   7.96008730               0
   7.97008753               0
   7.98008776               0
   7.99008799               0
   8.00008774               0
