   0.00000000             988
   9.99999978E-03         977
   1.99999996E-02         972
   2.99999993E-02         965
   3.99999991E-02         957
   4.99999970E-02         950
   5.99999949E-02         942
   6.99999928E-02         931
   7.99999908E-02         924
   8.99999887E-02         911
   9.99999866E-02         902
  0.109999985             891
  0.119999982             883
  0.129999980             874
  0.139999986             865
  0.149999991             855
  0.159999996             849
  0.170000002             838
  0.180000007             832
  0.190000013             825
  0.200000018             819
  0.210000023             809
  0.220000029             802
  0.230000034             796
  0.240000039             784
  0.250000030             772
  0.260000020             760
  0.270000011             755
  0.280000001             748
  0.289999992             741
  0.299999982             731
  0.309999973             723
  0.319999963             716
  0.329999954             707
  0.339999944             701
  0.349999934             693
  0.359999925             682
  0.369999915             674
  0.379999906             670
  0.389999896             662
  0.399999887             656
  0.409999877             646
  0.419999868             643
  0.429999858             638
  0.439999849             637
  0.449999839             629
  0.459999830             621
  0.469999820             614
  0.479999810             607
  0.489999801             598
  0.499999791             593
  0.509999812             587
  0.519999802             583
  0.529999793             576
  0.539999783             568
  0.549999774             559
  0.559999764             555
  0.569999754             545
  0.579999745             541
  0.589999735             534
  0.599999726             528
  0.609999716             525
  0.619999707             519
  0.629999697             517
  0.639999688             508
  0.649999678             505
  0.659999669             497
  0.669999659             494
  0.679999650             487
  0.689999640             486
  0.699999630             479
  0.709999621             475
  0.719999611             471
  0.729999602             464
  0.739999592             460
  0.749999583             456
  0.759999573             450
  0.769999564             448
  0.779999554             443
  0.789999545             439
  0.799999535             435
  0.809999526             428
  0.819999516             424
  0.829999506             419
  0.839999497             417
  0.849999487             411
  0.859999478             405
  0.869999468             402
  0.879999459             398
  0.889999449             394
  0.899999440             389
  0.909999430             386
  0.919999421             378
  0.929999411             374
  0.939999402             369
  0.949999392             365
  0.959999382             363
  0.969999373             357
  0.979999363             353
  0.989999354             349
  0.999999344             342
   1.00999939             339
   1.01999938             334
   1.02999938             334
   1.03999937             330
   1.04999936             329
   1.05999935             322
   1.06999934             320
   1.07999933             318
   1.08999932             316
   1.09999931             311
   1.10999930             306
   1.11999929             303
   1.12999928             300
   1.13999927             295
   1.14999926             295
   1.15999925             293
   1.16999924             292
   1.17999923             287
   1.18999922             285
   1.19999921             282
   1.20999920             276
   1.21999919             272
   1.22999918             270
   1.23999918             263
   1.24999917             262
   1.25999916             259
   1.26999915             258
   1.27999914             258
   1.28999913             255
   1.29999912             253
   1.30999911             247
   1.31999910             242
   1.32999909             238
   1.33999908             236
   1.34999907             233
   1.35999906             232
   1.36999905             232
   1.37999904             230
   1.38999903             229
   1.39999902             225
   1.40999901             223
   1.41999900             221
   1.42999899             219
   1.43999898             219
   1.44999897             219
   1.45999897             216
   1.46999896             213
   1.47999895             212
   1.48999894             210
   1.49999893             209
   1.50999892             209
   1.51999891             208
   1.52999890             203
   1.53999889             202
   1.54999888             198
   1.55999887             195
   1.56999886             193
   1.57999885             190
   1.58999884             184
   1.59999883             180
   1.60999882             180
   1.61999881             180
   1.62999880             179
   1.63999879             178
   1.64999878             176
   1.65999877             176
   1.66999876             174
   1.67999876             170
   1.68999875             169
   1.69999874             166
   1.70999873             164
   1.71999872             161
   1.72999871             160
   1.73999870             159
   1.74999869             158
   1.75999868             157
   1.76999867             155
   1.77999866             154
   1.78999865             153
   1.79999864             151
   1.80999863             149
   1.81999862             149
   1.82999861             144
   1.83999860             140
   1.84999859             139
   1.85999858             139
   1.86999857             136
   1.87999856             136
   1.88999856             135
   1.89999855             134
   1.90999854             133
   1.91999853             132
   1.92999852             131
   1.93999851             131
   1.94999850             130
   1.95999849             130
   1.96999848             130
   1.97999847             129
   1.98999846             128
   1.99999845             127
   2.00999856             125
   2.01999855             124
   2.02999854             121
   2.03999853             120
   2.04999852             118
   2.05999851             117
   2.06999850             116
   2.07999849             115
   2.08999848             114
   2.09999847             114
   2.10999846             114
   2.11999846             113
   2.12999845             113
   2.13999844             108
   2.14999843             108
   2.15999842             108
   2.16999841             107
   2.17999840             107
   2.18999839             107
   2.19999838             106
   2.20999837             104
   2.21999836             101
   2.22999835             100
   2.23999834              98
   2.24999833              97
   2.25999832              95
   2.26999831              95
   2.27999830              94
   2.28999829              94
   2.29999828              92
   2.30999827              90
   2.31999826              90
   2.32999825              89
   2.33999825              87
   2.34999824              86
   2.35999823              85
   2.36999822              85
   2.37999821              84
   2.38999820              83
   2.39999819              83
   2.40999818              82
   2.41999817              80
   2.42999816              77
   2.43999815              76
   2.44999814              74
   2.45999813              73
   2.46999812              69
   2.47999811              69
   2.48999810              69
   2.49999809              68
   2.50999808              67
   2.51999807              67
   2.52999806              67
   2.53999805              66
   2.54999804              64
   2.55999804              64
   2.56999803              63
   2.57999802              63
   2.58999801              63
   2.59999800              62
   2.60999799              61
   2.61999798              61
   2.62999797              60
   2.63999796              60
   2.64999795              59
   2.65999794              59
   2.66999793              59
   2.67999792              57
   2.68999791              57
   2.69999790              57
   2.70999789              55
   2.71999788              54
   2.72999787              54
   2.73999786              54
   2.74999785              53
   2.75999784              52
   2.76999784              52
   2.77999783              51
   2.78999782              50
   2.79999781              50
   2.80999780              49
   2.81999779              48
   2.82999778              48
   2.83999777              48
   2.84999776              48
   2.85999775              48
   2.86999774              47
   2.87999773              47
   2.88999772              47
   2.89999771              47
   2.90999770              47
   2.91999769              46
   2.92999768              46
   2.93999767              46
   2.94999766              46
   2.95999765              45
   2.96999764              45
   2.97999763              45
   2.98999763              44
   2.99999762              43
   3.00999761              43
   3.01999760              43
   3.02999759              43
   3.03999758              43
   3.04999757              43
   3.05999756              40
   3.06999755              39
   3.07999754              39
   3.08999753              39
   3.09999752              38
   3.10999751              36
   3.11999750              36
   3.12999749              36
   3.13999748              35
   3.14999747              35
   3.15999746              35
   3.16999745              35
   3.17999744              35
   3.18999743              35
   3.19999743              34
   3.20999742              34
   3.21999741              33
   3.22999740              32
   3.23999739              32
   3.24999738              32
   3.25999737              32
   3.26999736              32
   3.27999735              32
   3.28999734              32
   3.29999733              32
   3.30999732              32
   3.31999731              32
   3.32999730              32
   3.33999729              32
   3.34999728              32
   3.35999727              31
   3.36999726              31
   3.37999725              31
   3.38999724              31
   3.39999723              30
   3.40999722              30
   3.41999722              30
   3.42999721              29
   3.43999720              29
   3.44999719              29
   3.45999718              27
   3.46999717              26
   3.47999716              26
   3.48999715              25
   3.49999714              25
   3.50999713              25
   3.51999712              25
   3.52999711              22
   3.53999710              22
   3.54999709              22
   3.55999708              22
   3.56999707              22
   3.57999706              22
   3.58999705              22
   3.59999704              22
   3.60999703              22
   3.61999702              22
   3.62999701              21
   3.63999701              21
   3.64999700              21
   3.65999699              21
   3.66999698              21
   3.67999697              21
   3.68999696              21
   3.69999695              21
   3.70999694              21
   3.71999693              21
   3.72999692              21
   3.73999691              21
   3.74999690              20
   3.75999689              20
   3.76999688              20
   3.77999687              19
   3.78999686              18
   3.79999685              18
   3.80999684              18
   3.81999683              18
   3.82999682              18
   3.83999681              18
   3.84999681              18
   3.85999680              18
   3.86999679              18
   3.87999678              17
   3.88999677              17
   3.89999676              17
   3.90999675              17
   3.91999674              17
   3.92999673              17
   3.93999672              17
   3.94999671              17
   3.95999670              17
   3.96999669              17
   3.97999668              17
   3.98999667              17
   3.99999666              17
   4.00999689              17
   4.01999712              16
   4.02999735              16
   4.03999758              15
   4.04999781              15
   4.05999804              15
   4.06999826              15
   4.07999849              15
   4.08999872              15
   4.09999895              15
   4.10999918              15
   4.11999941              15
   4.12999964              14
   4.13999987              14
   4.15000010              14
   4.16000032              14
   4.17000055              14
   4.18000078              14
   4.19000101              14
   4.20000124              14
   4.21000147              14
   4.22000170              14
   4.23000193              14
   4.24000216              14
   4.25000238              14
   4.26000261              14
   4.27000284              14
   4.28000307              14
   4.29000330              13
   4.30000353              13
   4.31000376              13
   4.32000399              13
   4.33000422              13
   4.34000444              12
   4.35000467              12
   4.36000490              12
   4.37000513              12
   4.38000536              12
   4.39000559              12
   4.40000582              12
   4.41000605              12
   4.42000628              11
   4.43000650              11
   4.44000673              11
   4.45000696              11
   4.46000719              10
   4.47000742              10
   4.48000765               9
   4.49000788               9
   4.50000811               9
   4.51000834               9
   4.52000856               9
   4.53000879               9
   4.54000902               9
   4.55000925               9
   4.56000948               9
   4.57000971               9
   4.58000994               9
   4.59001017               9
   4.60001040               9
   4.61001062               9
   4.62001085               9
   4.63001108               8
   4.64001131               8
   4.65001154               8
   4.66001177               8
   4.67001200               8
   4.68001223               8
   4.69001245               8
   4.70001268               8
   4.71001291               8
   4.72001314               8
   4.73001337               8
   4.74001360               8
   4.75001383               8
   4.76001406               7
   4.77001429               7
   4.78001451               7
   4.79001474               5
   4.80001497               5
   4.81001520               5
   4.82001543               5
   4.83001566               5
   4.84001589               5
   4.85001612               5
   4.86001635               5
   4.87001657               5
   4.88001680               5
   4.89001703               5
   4.90001726               5
   4.91001749               5
   4.92001772               5
   4.93001795               5
   4.94001818               5
   4.95001841               5
   4.96001863               5
   4.97001886               5
   4.98001909               4
   4.99001932               4
   5.00001955               4
   5.01001978               4
   5.02002001               4
   5.03002024               4
   5.04002047               4
   5.05002069               4
   5.06002092               4
   5.07002115               4
   5.08002138               4
   5.09002161               4
   5.10002184               4
   5.11002207               4
   5.12002230               4
   5.13002253               4
   5.14002275               4
   5.15002298               4
   5.16002321               4
   5.17002344               4
   5.18002367               4
   5.19002390               3
   5.20002413               3
   5.21002436               3
   5.22002459               3
   5.23002481               3
   5.24002504               3
   5.25002527               3
   5.26002550               3
   5.27002573               3
   5.28002596               3
   5.29002619               1
   5.30002642               1
   5.31002665               1
   5.32002687               1
   5.33002710               1
   5.34002733               1
   5.35002756               1
   5.36002779               1
   5.37002802               1
   5.38002825               1
   5.39002848               1
   5.40002871               1
   5.41002893               1
   5.42002916               1
   5.43002939               1
   5.44002962               1
   5.45002985               1
   5.46003008               1
   5.47003031               1
   5.48003054               1
   5.49003077               1
   5.50003099               1
   5.51003122               1
   5.52003145               1
   5.53003168               1
   5.54003191               1
   5.55003214               1
   5.56003237               1
   5.57003260               1
   5.58003283               1
   5.59003305               1
   5.60003328               1
   5.61003351               1
   5.62003374               1
   5.63003397               1
   5.64003420               1
   5.65003443               1
   5.66003466               1
   5.67003489               1
   5.68003511               1
   5.69003534               1
   5.70003557               1
   5.71003580               1
   5.72003603               1
   5.73003626               1
   5.74003649               1
   5.75003672               1
   5.76003695               1
   5.77003717               1
   5.78003740               1
   5.79003763               1
   5.80003786               1
   5.81003809               1
   5.82003832               1
   5.83003855               1
   5.84003878               1
   5.85003901               1
   5.86003923               1
   5.87003946               1
   5.88003969               1
   5.89003992               1
   5.90004015               0
   5.91004038               0
   5.92004061               0
   5.93004084               0
   5.94004107               0
   5.95004129               0
   5.96004152               0
   5.97004175               0
   5.98004198               0
   5.99004221               0
   6.00004244               0
   6.01004267               0
   6.02004290               0
   6.03004313               0
   6.04004335               0
   6.05004358               0
   6.06004381               0
   6.07004404               0
   6.08004427               0
   6.09004450               0
   6.10004473               0
   6.11004496               0
   6.12004519               0
   6.13004541               0
   6.14004564               0
   6.15004587               0
   6.16004610               0
   6.17004633               0
   6.18004656               0
   6.19004679               0
   6.20004702               0
   6.21004725               0
   6.22004747               0
   6.23004770               0
   6.24004793               0
   6.25004816               0
   6.26004839               0
   6.27004862               0
   6.28004885               0
   6.29004908               0
   6.30004930               0
   6.31004953               0
   6.32004976               0
   6.33004999               0
   6.34005022               0
   6.35005045               0
   6.36005068               0
   6.37005091               0
   6.38005114               0
   6.39005136               0
   6.40005159               0
   6.41005182               0
   6.42005205               0
   6.43005228               0
   6.44005251               0
   6.45005274               0
   6.46005297               0
   6.47005320               0
   6.48005342               0
   6.49005365               0
   6.50005388               0
   6.51005411               0
   6.52005434               0
   6.53005457               0
   6.54005480               0
   6.55005503               0
   6.56005526               0
   6.57005548               0
   6.58005571               0
   6.59005594               0
   6.60005617               0
   6.61005640               0
   6.62005663               0
   6.63005686               0
   6.64005709               0
   6.65005732               0
   6.66005754               0
   6.67005777               0
   6.68005800               0
   6.69005823               0
   6.70005846               0
   6.71005869               0
   6.72005892               0
   6.73005915               0
   6.74005938               0
   6.75005960               0
   6.76005983               0
   6.77006006               0
   6.78006029               0
   6.79006052               0
   6.80006075               0
   6.81006098               0
   6.82006121               0
   6.83006144               0
   6.84006166               0
   6.85006189               0
   6.86006212               0
   6.87006235               0
   6.88006258               0
   6.89006281               0
   6.90006304               0
   6.91006327               0
   6.92006350               0
   6.93006372               0
   6.94006395               0
   6.95006418               0
   6.96006441               0
   6.97006464               0
   6.98006487               0
   6.99006510               0
   7.00006533               0
   7.01006556               0
   7.02006578               0
   7.03006601               0
   7.04006624               0
   7.05006647               0
   7.06006670               0
   7.07006693               0
   7.08006716               0
   7.09006739               0
   7.10006762               0
   7.11006784               0
   7.12006807               0
   7.13006830               0
   7.14006853               0
   7.15006876               0
   7.16006899               0
   7.17006922               0
   7.18006945               0
   7.19006968               0
   7.20006990               0
   7.21007013               0
   7.22007036               0
   7.23007059               0
   7.24007082               0
   7.25007105               0
   7.26007128               0
   7.27007151               0
   7.28007174               0
   7.29007196               0
   7.30007219               0
   7.31007242               0
   7.32007265               0
   7.33007288               0
   7.34007311               0
   7.35007334               0
   7.36007357               0
   7.37007380               0
   7.38007402               0
   7.39007425               0
   7.40007448               0
   7.41007471               0
   7.42007494               0
   7.43007517               0
   7.44007540               0
   7.45007563               0
   7.46007586               0
   7.47007608               0
   7.48007631               0
   7.49007654               0
   7.50007677               0
   7.51007700               0
   7.52007723               0
   7.53007746               0
   7.54007769               0
   7.55007792               0
   7.56007814               0
   7.57007837               0
   7.58007860               0
   7.59007883               0
   7.60007906               0
   7.61007929               0
   7.62007952               0
   7.63007975               0
   7.64007998               0
   7.65008020               0
   7.66008043               0
   7.67008066               0
   7.68008089               0
   7.69008112               0
   7.70008135               0
   7.71008158               0
   7.72008181               0
   7.73008204               0
   7.74008226               0
   7.75008249               0
   7.76008272               0
   7.77008295               0
   7.78008318               0
   7.79008341               0
   7.80008364               0
   7.81008387               0
   7.82008410               0
   7.83008432               0
   7.84008455               0
   7.85008478               0
   7.86008501               0
   7.87008524               0
   7.88008547               0
   7.89008570               0
   7.90008593               0
   7.91008615               0
   7.92008638               0
   7.93008661               0
   7.94008684               0
   7.95008707               0
   7.96008730               0
   7.97008753               0
   7.98008776               0
   7.99008799               0
   8.00008774               0
