   0.00000000             993
   9.99999978E-03         986
   1.99999996E-02         977
   2.99999993E-02         965
   3.99999991E-02         956
   4.99999970E-02         943
   5.99999949E-02         928
   6.99999928E-02         918
   7.99999908E-02         909
   8.99999887E-02         902
   9.99999866E-02         897
  0.109999985             881
  0.119999982             871
  0.129999980             862
  0.139999986             851
  0.149999991             843
  0.159999996             832
  0.170000002             826
  0.180000007             819
  0.190000013             810
  0.200000018             805
  0.210000023             798
  0.220000029             789
  0.230000034             783
  0.240000039             771
  0.250000030             764
  0.260000020             754
  0.270000011             741
  0.280000001             731
  0.289999992             721
  0.299999982             706
  0.309999973             699
  0.319999963             689
  0.329999954             686
  0.339999944             681
  0.349999934             674
  0.359999925             668
  0.369999915             664
  0.379999906             654
  0.389999896             650
  0.399999887             643
  0.409999877             636
  0.419999868             628
  0.429999858             619
  0.439999849             613
  0.449999839             605
  0.459999830             603
  0.469999820             598
  0.479999810             595
  0.489999801             588
  0.499999791             584
  0.509999812             581
  0.519999802             577
  0.529999793             567
  0.539999783             559
  0.549999774             555
  0.559999764             551
  0.569999754             545
  0.579999745             538
  0.589999735             530
  0.599999726             527
  0.609999716             525
  0.619999707             517
  0.629999697             511
  0.639999688             506
  0.649999678             499
  0.659999669             493
  0.669999659             486
  0.679999650             480
  0.689999640             473
  0.699999630             465
  0.709999621             459
  0.719999611             457
  0.729999602             456
  0.739999592             447
  0.749999583             446
  0.759999573             438
  0.769999564             433
  0.779999554             426
  0.789999545             423
  0.799999535             417
  0.809999526             416
  0.819999516             410
  0.829999506             407
  0.839999497             403
  0.849999487             398
  0.859999478             396
  0.869999468             395
  0.879999459             392
  0.889999449             388
  0.899999440             382
  0.909999430             380
  0.919999421             376
  0.929999411             373
  0.939999402             370
  0.949999392             369
  0.959999382             368
  0.969999373             365
  0.979999363             363
  0.989999354             358
  0.999999344             356
   1.00999939             352
   1.01999938             350
   1.02999938             346
   1.03999937             341
   1.04999936             333
   1.05999935             333
   1.06999934             327
   1.07999933             323
   1.08999932             314
   1.09999931             312
   1.10999930             311
   1.11999929             305
   1.12999928             303
   1.13999927             301
   1.14999926             298
   1.15999925             295
   1.16999924             294
   1.17999923             293
   1.18999922             289
   1.19999921             287
   1.20999920             285
   1.21999919             284
   1.22999918             283
   1.23999918             282
   1.24999917             279
   1.25999916             278
   1.26999915             277
   1.27999914             273
   1.28999913             268
   1.29999912             264
   1.30999911             260
   1.31999910             256
   1.32999909             255
   1.33999908             251
   1.34999907             248
   1.35999906             245
   1.36999905             242
   1.37999904             240
   1.38999903             236
   1.39999902             233
   1.40999901             232
   1.41999900             231
   1.42999899             227
   1.43999898             224
   1.44999897             221
   1.45999897             219
   1.46999896             219
   1.47999895             218
   1.48999894             214
   1.49999893             214
   1.50999892             213
   1.51999891             211
   1.52999890             209
   1.53999889             208
   1.54999888             205
   1.55999887             200
   1.56999886             200
   1.57999885             199
   1.58999884             197
   1.59999883             196
   1.60999882             192
   1.61999881             192
   1.62999880             187
   1.63999879             186
   1.64999878             182
   1.65999877             178
   1.66999876             176
   1.67999876             175
   1.68999875             174
   1.69999874             172
   1.70999873             172
   1.71999872             172
   1.72999871             171
   1.73999870             168
   1.74999869             167
   1.75999868             167
   1.76999867             165
   1.77999866             165
   1.78999865             165
   1.79999864             163
   1.80999863             163
   1.81999862             161
   1.82999861             161
   1.83999860             161
   1.84999859             157
   1.85999858             154
   1.86999857             152
   1.87999856             147
   1.88999856             146
   1.89999855             144
   1.90999854             144
   1.91999853             144
   1.92999852             144
   1.93999851             144
   1.94999850             141
   1.95999849             140
   1.96999848             138
   1.97999847             138
   1.98999846             136
   1.99999845             133
   2.00999856             133
   2.01999855             131
   2.02999854             131
   2.03999853             130
   2.04999852             128
   2.05999851             128
   2.06999850             127
   2.07999849             125
   2.08999848             122
   2.09999847             118
   2.10999846             118
   2.11999846             118
   2.12999845             117
   2.13999844             117
   2.14999843             116
   2.15999842             116
   2.16999841             114
   2.17999840             114
   2.18999839             113
   2.19999838             111
   2.20999837             111
   2.21999836             111
   2.22999835             110
   2.23999834             108
   2.24999833             107
   2.25999832             107
   2.26999831             104
   2.27999830             102
   2.28999829             101
   2.29999828             100
   2.30999827             100
   2.31999826              99
   2.32999825              97
   2.33999825              96
   2.34999824              96
   2.35999823              95
   2.36999822              95
   2.37999821              95
   2.38999820              94
   2.39999819              94
   2.40999818              93
   2.41999817              93
   2.42999816              92
   2.43999815              90
   2.44999814              89
   2.45999813              88
   2.46999812              88
   2.47999811              88
   2.48999810              88
   2.49999809              87
   2.50999808              86
   2.51999807              86
   2.52999806              84
   2.53999805              81
   2.54999804              81
   2.55999804              81
   2.56999803              80
   2.57999802              80
   2.58999801              79
   2.59999800              78
   2.60999799              77
   2.61999798              75
   2.62999797              74
   2.63999796              73
   2.64999795              73
   2.65999794              72
   2.66999793              72
   2.67999792              72
   2.68999791              71
   2.69999790              68
   2.70999789              68
   2.71999788              67
   2.72999787              67
   2.73999786              67
   2.74999785              67
   2.75999784              67
   2.76999784              66
   2.77999783              66
   2.78999782              66
   2.79999781              66
   2.80999780              66
   2.81999779              66
   2.82999778              65
   2.83999777              65
   2.84999776              65
   2.85999775              65
   2.86999774              64
   2.87999773              64
   2.88999772              64
   2.89999771              64
   2.90999770              64
   2.91999769              63
   2.92999768              63
   2.93999767              63
   2.94999766              63
   2.95999765              61
   2.96999764              60
   2.97999763              59
   2.98999763              59
   2.99999762              59
   3.00999761              59
   3.01999760              58
   3.02999759              56
   3.03999758              56
   3.04999757              56
   3.05999756              56
   3.06999755              56
   3.07999754              56
   3.08999753              56
   3.09999752              56
   3.10999751              56
   3.11999750              56
   3.12999749              55
   3.13999748              55
   3.14999747              55
   3.15999746              54
   3.16999745              54
   3.17999744              54
   3.18999743              54
   3.19999743              54
   3.20999742              53
   3.21999741              53
   3.22999740              53
   3.23999739              52
   3.24999738              51
   3.25999737              50
   3.26999736              49
   3.27999735              49
   3.28999734              49
   3.29999733              49
   3.30999732              49
   3.31999731              48
   3.32999730              48
   3.33999729              47
   3.34999728              46
   3.35999727              45
   3.36999726              44
   3.37999725              42
   3.38999724              42
   3.39999723              42
   3.40999722              41
   3.41999722              41
   3.42999721              41
   3.43999720              41
   3.44999719              41
   3.45999718              41
   3.46999717              40
   3.47999716              40
   3.48999715              39
   3.49999714              39
   3.50999713              39
   3.51999712              39
   3.52999711              38
   3.53999710              37
   3.54999709              36
   3.55999708              35
   3.56999707              35
   3.57999706              35
   3.58999705              34
   3.59999704              34
   3.60999703              34
   3.61999702              33
   3.62999701              33
   3.63999701              33
   3.64999700              32
   3.65999699              32
   3.66999698              32
   3.67999697              32
   3.68999696              32
   3.69999695              32
   3.70999694              32
   3.71999693              32
   3.72999692              32
   3.73999691              32
   3.74999690              31
   3.75999689              31
   3.76999688              30
   3.77999687              30
   3.78999686              28
   3.79999685              27
   3.80999684              27
   3.81999683              26
   3.82999682              25
   3.83999681              25
   3.84999681              25
   3.85999680              25
   3.86999679              25
   3.87999678              25
   3.88999677              25
   3.89999676              25
   3.90999675              24
   3.91999674              23
   3.92999673              22
   3.93999672              22
   3.94999671              22
   3.95999670              21
   3.96999669              21
   3.97999668              21
   3.98999667              21
   3.99999666              20
   4.00999689              20
   4.01999712              19
   4.02999735              19
   4.03999758              19
   4.04999781              18
   4.05999804              18
   4.06999826              18
   4.07999849              18
   4.08999872              18
   4.09999895              17
   4.10999918              17
   4.11999941              17
   4.12999964              17
   4.13999987              17
   4.15000010              17
   4.16000032              17
   4.17000055              17
   4.18000078              17
   4.19000101              17
   4.20000124              16
   4.21000147              16
   4.22000170              16
   4.23000193              16
   4.24000216              16
   4.25000238              16
   4.26000261              16
   4.27000284              16
   4.28000307              16
   4.29000330              16
   4.30000353              15
   4.31000376              15
   4.32000399              15
   4.33000422              15
   4.34000444              15
   4.35000467              15
   4.36000490              15
   4.37000513              15
   4.38000536              15
   4.39000559              15
   4.40000582              15
   4.41000605              15
   4.42000628              15
   4.43000650              15
   4.44000673              15
   4.45000696              15
   4.46000719              15
   4.47000742              15
   4.48000765              15
   4.49000788              15
   4.50000811              15
   4.51000834              15
   4.52000856              15
   4.53000879              14
   4.54000902              13
   4.55000925              13
   4.56000948              13
   4.57000971              13
   4.58000994              12
   4.59001017              11
   4.60001040              11
   4.61001062              11
   4.62001085              11
   4.63001108              11
   4.64001131              11
   4.65001154              11
   4.66001177              10
   4.67001200              10
   4.68001223              10
   4.69001245              10
   4.70001268              10
   4.71001291              10
   4.72001314               9
   4.73001337               9
   4.74001360               9
   4.75001383               9
   4.76001406               9
   4.77001429               9
   4.78001451               9
   4.79001474               9
   4.80001497               9
   4.81001520               9
   4.82001543               9
   4.83001566               9
   4.84001589               9
   4.85001612               9
   4.86001635               9
   4.87001657               9
   4.88001680               9
   4.89001703               9
   4.90001726               9
   4.91001749               8
   4.92001772               8
   4.93001795               8
   4.94001818               8
   4.95001841               8
   4.96001863               8
   4.97001886               8
   4.98001909               8
   4.99001932               8
   5.00001955               8
   5.01001978               8
   5.02002001               8
   5.03002024               8
   5.04002047               8
   5.05002069               8
   5.06002092               8
   5.07002115               8
   5.08002138               8
   5.09002161               8
   5.10002184               8
   5.11002207               8
   5.12002230               8
   5.13002253               8
   5.14002275               8
   5.15002298               8
   5.16002321               8
   5.17002344               8
   5.18002367               8
   5.19002390               8
   5.20002413               8
   5.21002436               8
   5.22002459               8
   5.23002481               8
   5.24002504               8
   5.25002527               8
   5.26002550               8
   5.27002573               8
   5.28002596               8
   5.29002619               8
   5.30002642               8
   5.31002665               8
   5.32002687               8
   5.33002710               8
   5.34002733               7
   5.35002756               7
   5.36002779               7
   5.37002802               7
   5.38002825               7
   5.39002848               7
   5.40002871               7
   5.41002893               7
   5.42002916               6
   5.43002939               6
   5.44002962               6
   5.45002985               6
   5.46003008               6
   5.47003031               6
   5.48003054               6
   5.49003077               6
   5.50003099               6
   5.51003122               6
   5.52003145               6
   5.53003168               6
   5.54003191               6
   5.55003214               6
   5.56003237               6
   5.57003260               6
   5.58003283               6
   5.59003305               6
   5.60003328               6
   5.61003351               6
   5.62003374               6
   5.63003397               6
   5.64003420               6
   5.65003443               6
   5.66003466               6
   5.67003489               6
   5.68003511               6
   5.69003534               6
   5.70003557               6
   5.71003580               6
   5.72003603               6
   5.73003626               6
   5.74003649               6
   5.75003672               6
   5.76003695               6
   5.77003717               6
   5.78003740               6
   5.79003763               6
   5.80003786               5
   5.81003809               5
   5.82003832               5
   5.83003855               5
   5.84003878               5
   5.85003901               5
   5.86003923               5
   5.87003946               5
   5.88003969               5
   5.89003992               5
   5.90004015               5
   5.91004038               5
   5.92004061               5
   5.93004084               5
   5.94004107               5
   5.95004129               5
   5.96004152               5
   5.97004175               5
   5.98004198               5
   5.99004221               5
   6.00004244               5
   6.01004267               5
   6.02004290               5
   6.03004313               5
   6.04004335               5
   6.05004358               5
   6.06004381               5
   6.07004404               5
   6.08004427               5
   6.09004450               5
   6.10004473               5
   6.11004496               5
   6.12004519               5
   6.13004541               5
   6.14004564               5
   6.15004587               5
   6.16004610               5
   6.17004633               5
   6.18004656               5
   6.19004679               5
   6.20004702               5
   6.21004725               5
   6.22004747               5
   6.23004770               5
   6.24004793               5
   6.25004816               5
   6.26004839               5
   6.27004862               5
   6.28004885               5
   6.29004908               5
   6.30004930               5
   6.31004953               5
   6.32004976               5
   6.33004999               5
   6.34005022               5
   6.35005045               5
   6.36005068               5
   6.37005091               5
   6.38005114               5
   6.39005136               5
   6.40005159               5
   6.41005182               5
   6.42005205               5
   6.43005228               5
   6.44005251               5
   6.45005274               5
   6.46005297               5
   6.47005320               5
   6.48005342               5
   6.49005365               5
   6.50005388               5
   6.51005411               5
   6.52005434               5
   6.53005457               5
   6.54005480               5
   6.55005503               5
   6.56005526               5
   6.57005548               5
   6.58005571               5
   6.59005594               5
   6.60005617               5
   6.61005640               5
   6.62005663               5
   6.63005686               5
   6.64005709               5
   6.65005732               5
   6.66005754               5
   6.67005777               5
   6.68005800               5
   6.69005823               5
   6.70005846               5
   6.71005869               5
   6.72005892               5
   6.73005915               5
   6.74005938               5
   6.75005960               5
   6.76005983               5
   6.77006006               4
   6.78006029               4
   6.79006052               4
   6.80006075               4
   6.81006098               4
   6.82006121               4
   6.83006144               4
   6.84006166               4
   6.85006189               4
   6.86006212               4
   6.87006235               4
   6.88006258               4
   6.89006281               4
   6.90006304               4
   6.91006327               4
   6.92006350               4
   6.93006372               4
   6.94006395               4
   6.95006418               4
   6.96006441               4
   6.97006464               4
   6.98006487               4
   6.99006510               4
   7.00006533               4
   7.01006556               4
   7.02006578               4
   7.03006601               4
   7.04006624               4
   7.05006647               4
   7.06006670               4
   7.07006693               4
   7.08006716               4
   7.09006739               4
   7.10006762               4
   7.11006784               4
   7.12006807               4
   7.13006830               4
   7.14006853               4
   7.15006876               4
   7.16006899               4
   7.17006922               4
   7.18006945               4
   7.19006968               4
   7.20006990               4
   7.21007013               4
   7.22007036               4
   7.23007059               4
   7.24007082               4
   7.25007105               4
   7.26007128               4
   7.27007151               4
   7.28007174               3
   7.29007196               3
   7.30007219               3
   7.31007242               3
   7.32007265               3
   7.33007288               3
   7.34007311               3
   7.35007334               3
   7.36007357               3
   7.37007380               3
   7.38007402               3
   7.39007425               3
   7.40007448               3
   7.41007471               3
   7.42007494               3
   7.43007517               3
   7.44007540               3
   7.45007563               3
   7.46007586               3
   7.47007608               3
   7.48007631               3
   7.49007654               3
   7.50007677               3
   7.51007700               3
   7.52007723               3
   7.53007746               3
   7.54007769               3
   7.55007792               3
   7.56007814               3
   7.57007837               3
   7.58007860               3
   7.59007883               3
   7.60007906               3
   7.61007929               3
   7.62007952               3
   7.63007975               3
   7.64007998               3
   7.65008020               3
   7.66008043               3
   7.67008066               3
   7.68008089               3
   7.69008112               3
   7.70008135               3
   7.71008158               3
   7.72008181               3
   7.73008204               3
   7.74008226               3
   7.75008249               3
   7.76008272               3
   7.77008295               3
   7.78008318               3
   7.79008341               3
   7.80008364               2
   7.81008387               2
   7.82008410               2
   7.83008432               2
   7.84008455               2
   7.85008478               2
   7.86008501               2
   7.87008524               2
   7.88008547               2
   7.89008570               2
   7.90008593               2
   7.91008615               2
   7.92008638               2
   7.93008661               2
   7.94008684               2
   7.95008707               2
   7.96008730               2
   7.97008753               2
   7.98008776               2
   7.99008799               2
   8.00008774               2
