   0.00000000             988
   9.99999978E-03         972
   1.99999996E-02         966
   2.99999993E-02         955
   3.99999991E-02         938
   4.99999970E-02         932
   5.99999949E-02         921
   6.99999928E-02         911
   7.99999908E-02         903
   8.99999887E-02         894
   9.99999866E-02         887
  0.109999985             874
  0.119999982             863
  0.129999980             854
  0.139999986             848
  0.149999991             840
  0.159999996             829
  0.170000002             825
  0.180000007             812
  0.190000013             806
  0.200000018             800
  0.210000023             790
  0.220000029             783
  0.230000034             775
  0.240000039             771
  0.250000030             762
  0.260000020             756
  0.270000011             750
  0.280000001             742
  0.289999992             736
  0.299999982             725
  0.309999973             714
  0.319999963             709
  0.329999954             702
  0.339999944             697
  0.349999934             687
  0.359999925             678
  0.369999915             667
  0.379999906             663
  0.389999896             655
  0.399999887             652
  0.409999877             646
  0.419999868             639
  0.429999858             629
  0.439999849             621
  0.449999839             618
  0.459999830             610
  0.469999820             605
  0.479999810             599
  0.489999801             596
  0.499999791             588
  0.509999812             583
  0.519999802             579
  0.529999793             572
  0.539999783             565
  0.549999774             556
  0.559999764             552
  0.569999754             547
  0.579999745             539
  0.589999735             536
  0.599999726             533
  0.609999716             527
  0.619999707             523
  0.629999697             519
  0.639999688             511
  0.649999678             503
  0.659999669             502
  0.669999659             497
  0.679999650             494
  0.689999640             491
  0.699999630             489
  0.709999621             484
  0.719999611             480
  0.729999602             476
  0.739999592             472
  0.749999583             465
  0.759999573             462
  0.769999564             457
  0.779999554             451
  0.789999545             447
  0.799999535             441
  0.809999526             438
  0.819999516             431
  0.829999506             424
  0.839999497             421
  0.849999487             419
  0.859999478             414
  0.869999468             410
  0.879999459             405
  0.889999449             401
  0.899999440             393
  0.909999430             390
  0.919999421             389
  0.929999411             386
  0.939999402             384
  0.949999392             379
  0.959999382             374
  0.969999373             369
  0.979999363             365
  0.989999354             361
  0.999999344             356
   1.00999939             354
   1.01999938             350
   1.02999938             344
   1.03999937             340
   1.04999936             333
   1.05999935             329
   1.06999934             326
   1.07999933             321
   1.08999932             314
   1.09999931             306
   1.10999930             303
   1.11999929             298
   1.12999928             292
   1.13999927             289
   1.14999926             289
   1.15999925             286
   1.16999924             283
   1.17999923             279
   1.18999922             275
   1.19999921             273
   1.20999920             272
   1.21999919             271
   1.22999918             267
   1.23999918             264
   1.24999917             260
   1.25999916             257
   1.26999915             253
   1.27999914             252
   1.28999913             250
   1.29999912             249
   1.30999911             246
   1.31999910             244
   1.32999909             244
   1.33999908             240
   1.34999907             240
   1.35999906             237
   1.36999905             236
   1.37999904             234
   1.38999903             231
   1.39999902             227
   1.40999901             227
   1.41999900             223
   1.42999899             221
   1.43999898             219
   1.44999897             217
   1.45999897             214
   1.46999896             210
   1.47999895             209
   1.48999894             208
   1.49999893             204
   1.50999892             202
   1.51999891             202
   1.52999890             200
   1.53999889             199
   1.54999888             198
   1.55999887             196
   1.56999886             195
   1.57999885             193
   1.58999884             190
   1.59999883             188
   1.60999882             186
   1.61999881             186
   1.62999880             184
   1.63999879             182
   1.64999878             181
   1.65999877             178
   1.66999876             176
   1.67999876             176
   1.68999875             175
   1.69999874             174
   1.70999873             171
   1.71999872             170
   1.72999871             168
   1.73999870             164
   1.74999869             163
   1.75999868             163
   1.76999867             160
   1.77999866             159
   1.78999865             157
   1.79999864             155
   1.80999863             155
   1.81999862             154
   1.82999861             153
   1.83999860             153
   1.84999859             149
   1.85999858             148
   1.86999857             147
   1.87999856             143
   1.88999856             143
   1.89999855             143
   1.90999854             140
   1.91999853             139
   1.92999852             136
   1.93999851             135
   1.94999850             132
   1.95999849             131
   1.96999848             129
   1.97999847             129
   1.98999846             127
   1.99999845             124
   2.00999856             124
   2.01999855             124
   2.02999854             124
   2.03999853             123
   2.04999852             123
   2.05999851             121
   2.06999850             121
   2.07999849             120
   2.08999848             119
   2.09999847             118
   2.10999846             115
   2.11999846             112
   2.12999845             109
   2.13999844             109
   2.14999843             109
   2.15999842             108
   2.16999841             107
   2.17999840             106
   2.18999839             106
   2.19999838             106
   2.20999837             106
   2.21999836             106
   2.22999835             106
   2.23999834             106
   2.24999833             105
   2.25999832             105
   2.26999831             103
   2.27999830             101
   2.28999829              99
   2.29999828              97
   2.30999827              96
   2.31999826              94
   2.32999825              94
   2.33999825              94
   2.34999824              94
   2.35999823              93
   2.36999822              93
   2.37999821              92
   2.38999820              91
   2.39999819              89
   2.40999818              89
   2.41999817              89
   2.42999816              88
   2.43999815              86
   2.44999814              85
   2.45999813              84
   2.46999812              84
   2.47999811              83
   2.48999810              81
   2.49999809              79
   2.50999808              79
   2.51999807              79
   2.52999806              79
   2.53999805              79
   2.54999804              78
   2.55999804              78
   2.56999803              78
   2.57999802              77
   2.58999801              76
   2.59999800              74
   2.60999799              74
   2.61999798              74
   2.62999797              74
   2.63999796              73
   2.64999795              72
   2.65999794              72
   2.66999793              72
   2.67999792              72
   2.68999791              72
   2.69999790              70
   2.70999789              70
   2.71999788              70
   2.72999787              70
   2.73999786              69
   2.74999785              69
   2.75999784              69
   2.76999784              68
   2.77999783              67
   2.78999782              67
   2.79999781              67
   2.80999780              66
   2.81999779              64
   2.82999778              64
   2.83999777              63
   2.84999776              63
   2.85999775              61
   2.86999774              60
   2.87999773              60
   2.88999772              60
   2.89999771              60
   2.90999770              60
   2.91999769              60
   2.92999768              60
   2.93999767              59
   2.94999766              58
   2.95999765              58
   2.96999764              56
   2.97999763              55
   2.98999763              54
   2.99999762              54
   3.00999761              54
   3.01999760              52
   3.02999759              52
   3.03999758              51
   3.04999757              51
   3.05999756              51
   3.06999755              51
   3.07999754              50
   3.08999753              50
   3.09999752              49
   3.10999751              48
   3.11999750              48
   3.12999749              46
   3.13999748              46
   3.14999747              46
   3.15999746              46
   3.16999745              46
   3.17999744              46
   3.18999743              45
   3.19999743              45
   3.20999742              45
   3.21999741              45
   3.22999740              45
   3.23999739              45
   3.24999738              45
   3.25999737              44
   3.26999736              43
   3.27999735              43
   3.28999734              43
   3.29999733              43
   3.30999732              41
   3.31999731              41
   3.32999730              40
   3.33999729              39
   3.34999728              39
   3.35999727              39
   3.36999726              39
   3.37999725              39
   3.38999724              39
   3.39999723              39
   3.40999722              39
   3.41999722              39
   3.42999721              38
   3.43999720              37
   3.44999719              37
   3.45999718              37
   3.46999717              37
   3.47999716              37
   3.48999715              37
   3.49999714              37
   3.50999713              37
   3.51999712              37
   3.52999711              36
   3.53999710              36
   3.54999709              35
   3.55999708              35
   3.56999707              34
   3.57999706              32
   3.58999705              31
   3.59999704              31
   3.60999703              31
   3.61999702              30
   3.62999701              30
   3.63999701              29
   3.64999700              29
   3.65999699              28
   3.66999698              28
   3.67999697              28
   3.68999696              28
   3.69999695              27
   3.70999694              27
   3.71999693              27
   3.72999692              27
   3.73999691              26
   3.74999690              26
   3.75999689              26
   3.76999688              26
   3.77999687              26
   3.78999686              26
   3.79999685              26
   3.80999684              26
   3.81999683              26
   3.82999682              26
   3.83999681              26
   3.84999681              25
   3.85999680              25
   3.86999679              25
   3.87999678              25
   3.88999677              25
   3.89999676              25
   3.90999675              25
   3.91999674              25
   3.92999673              25
   3.93999672              25
   3.94999671              25
   3.95999670              25
   3.96999669              25
   3.97999668              25
   3.98999667              24
   3.99999666              24
   4.00999689              23
   4.01999712              23
   4.02999735              23
   4.03999758              23
   4.04999781              23
   4.05999804              22
   4.06999826              22
   4.07999849              22
   4.08999872              21
   4.09999895              21
   4.10999918              21
   4.11999941              21
   4.12999964              21
   4.13999987              21
   4.15000010              21
   4.16000032              21
   4.17000055              21
   4.18000078              19
   4.19000101              19
   4.20000124              18
   4.21000147              18
   4.22000170              18
   4.23000193              18
   4.24000216              18
   4.25000238              18
   4.26000261              18
   4.27000284              18
   4.28000307              18
   4.29000330              18
   4.30000353              18
   4.31000376              18
   4.32000399              18
   4.33000422              18
   4.34000444              18
   4.35000467              18
   4.36000490              18
   4.37000513              17
   4.38000536              17
   4.39000559              16
   4.40000582              16
   4.41000605              16
   4.42000628              16
   4.43000650              16
   4.44000673              16
   4.45000696              16
   4.46000719              14
   4.47000742              13
   4.48000765              13
   4.49000788              13
   4.50000811              13
   4.51000834              13
   4.52000856              13
   4.53000879              13
   4.54000902              12
   4.55000925              12
   4.56000948              12
   4.57000971              12
   4.58000994              12
   4.59001017              11
   4.60001040              11
   4.61001062              11
   4.62001085              11
   4.63001108              11
   4.64001131              11
   4.65001154              11
   4.66001177              11
   4.67001200              11
   4.68001223              11
   4.69001245              11
   4.70001268              11
   4.71001291              11
   4.72001314              11
   4.73001337              10
   4.74001360               9
   4.75001383               9
   4.76001406               9
   4.77001429               9
   4.78001451               9
   4.79001474               9
   4.80001497               9
   4.81001520               9
   4.82001543               9
   4.83001566               9
   4.84001589               9
   4.85001612               9
   4.86001635               9
   4.87001657               9
   4.88001680               9
   4.89001703               9
   4.90001726               9
   4.91001749               9
   4.92001772               9
   4.93001795               8
   4.94001818               8
   4.95001841               8
   4.96001863               8
   4.97001886               8
   4.98001909               8
   4.99001932               8
   5.00001955               8
   5.01001978               8
   5.02002001               8
   5.03002024               8
   5.04002047               8
   5.05002069               8
   5.06002092               8
   5.07002115               8
   5.08002138               8
   5.09002161               8
   5.10002184               8
   5.11002207               8
   5.12002230               8
   5.13002253               8
   5.14002275               8
   5.15002298               8
   5.16002321               8
   5.17002344               8
   5.18002367               8
   5.19002390               8
   5.20002413               8
   5.21002436               8
   5.22002459               8
   5.23002481               8
   5.24002504               8
   5.25002527               8
   5.26002550               8
   5.27002573               8
   5.28002596               8
   5.29002619               8
   5.30002642               8
   5.31002665               8
   5.32002687               8
   5.33002710               8
   5.34002733               8
   5.35002756               8
   5.36002779               8
   5.37002802               7
   5.38002825               7
   5.39002848               7
   5.40002871               7
   5.41002893               7
   5.42002916               7
   5.43002939               7
   5.44002962               6
   5.45002985               6
   5.46003008               6
   5.47003031               6
   5.48003054               6
   5.49003077               6
   5.50003099               6
   5.51003122               6
   5.52003145               6
   5.53003168               6
   5.54003191               6
   5.55003214               6
   5.56003237               6
   5.57003260               6
   5.58003283               6
   5.59003305               6
   5.60003328               6
   5.61003351               6
   5.62003374               6
   5.63003397               5
   5.64003420               5
   5.65003443               5
   5.66003466               5
   5.67003489               4
   5.68003511               3
   5.69003534               3
   5.70003557               3
   5.71003580               3
   5.72003603               3
   5.73003626               3
   5.74003649               3
   5.75003672               3
   5.76003695               3
   5.77003717               3
   5.78003740               2
   5.79003763               2
   5.80003786               2
   5.81003809               2
   5.82003832               2
   5.83003855               2
   5.84003878               2
   5.85003901               2
   5.86003923               2
   5.87003946               2
   5.88003969               2
   5.89003992               2
   5.90004015               2
   5.91004038               2
   5.92004061               2
   5.93004084               2
   5.94004107               2
   5.95004129               2
   5.96004152               2
   5.97004175               2
   5.98004198               2
   5.99004221               2
   6.00004244               2
   6.01004267               2
   6.02004290               2
   6.03004313               2
   6.04004335               2
   6.05004358               2
   6.06004381               2
   6.07004404               2
   6.08004427               2
   6.09004450               2
   6.10004473               1
   6.11004496               1
   6.12004519               1
   6.13004541               1
   6.14004564               1
   6.15004587               1
   6.16004610               1
   6.17004633               1
   6.18004656               1
   6.19004679               1
   6.20004702               1
   6.21004725               1
   6.22004747               1
   6.23004770               1
   6.24004793               1
   6.25004816               1
   6.26004839               1
   6.27004862               1
   6.28004885               1
   6.29004908               1
   6.30004930               1
   6.31004953               1
   6.32004976               1
   6.33004999               1
   6.34005022               1
   6.35005045               1
   6.36005068               1
   6.37005091               1
   6.38005114               1
   6.39005136               1
   6.40005159               1
   6.41005182               1
   6.42005205               1
   6.43005228               1
   6.44005251               1
   6.45005274               1
   6.46005297               1
   6.47005320               1
   6.48005342               1
   6.49005365               1
   6.50005388               1
   6.51005411               1
   6.52005434               1
   6.53005457               1
   6.54005480               1
   6.55005503               1
   6.56005526               1
   6.57005548               1
   6.58005571               1
   6.59005594               1
   6.60005617               1
   6.61005640               1
   6.62005663               1
   6.63005686               1
   6.64005709               1
   6.65005732               1
   6.66005754               1
   6.67005777               1
   6.68005800               1
   6.69005823               1
   6.70005846               1
   6.71005869               1
   6.72005892               1
   6.73005915               1
   6.74005938               1
   6.75005960               1
   6.76005983               1
   6.77006006               1
   6.78006029               1
   6.79006052               1
   6.80006075               1
   6.81006098               1
   6.82006121               1
   6.83006144               1
   6.84006166               1
   6.85006189               1
   6.86006212               1
   6.87006235               1
   6.88006258               1
   6.89006281               1
   6.90006304               1
   6.91006327               1
   6.92006350               1
   6.93006372               1
   6.94006395               1
   6.95006418               1
   6.96006441               1
   6.97006464               1
   6.98006487               1
   6.99006510               1
   7.00006533               1
   7.01006556               1
   7.02006578               1
   7.03006601               1
   7.04006624               1
   7.05006647               1
   7.06006670               1
   7.07006693               1
   7.08006716               1
   7.09006739               1
   7.10006762               1
   7.11006784               1
   7.12006807               1
   7.13006830               1
   7.14006853               1
   7.15006876               1
   7.16006899               1
   7.17006922               1
   7.18006945               1
   7.19006968               1
   7.20006990               1
   7.21007013               1
   7.22007036               1
   7.23007059               1
   7.24007082               1
   7.25007105               1
   7.26007128               1
   7.27007151               1
   7.28007174               1
   7.29007196               1
   7.30007219               1
   7.31007242               1
   7.32007265               1
   7.33007288               1
   7.34007311               1
   7.35007334               1
   7.36007357               1
   7.37007380               1
   7.38007402               1
   7.39007425               0
   7.40007448               0
   7.41007471               0
   7.42007494               0
   7.43007517               0
   7.44007540               0
   7.45007563               0
   7.46007586               0
   7.47007608               0
   7.48007631               0
   7.49007654               0
   7.50007677               0
   7.51007700               0
   7.52007723               0
   7.53007746               0
   7.54007769               0
   7.55007792               0
   7.56007814               0
   7.57007837               0
   7.58007860               0
   7.59007883               0
   7.60007906               0
   7.61007929               0
   7.62007952               0
   7.63007975               0
   7.64007998               0
   7.65008020               0
   7.66008043               0
   7.67008066               0
   7.68008089               0
   7.69008112               0
   7.70008135               0
   7.71008158               0
   7.72008181               0
   7.73008204               0
   7.74008226               0
   7.75008249               0
   7.76008272               0
   7.77008295               0
   7.78008318               0
   7.79008341               0
   7.80008364               0
   7.81008387               0
   7.82008410               0
   7.83008432               0
   7.84008455               0
   7.85008478               0
   7.86008501               0
   7.87008524               0
   7.88008547               0
   7.89008570               0
   7.90008593               0
   7.91008615               0
   7.92008638               0
   7.93008661               0
   7.94008684               0
   7.95008707               0
   7.96008730               0
   7.97008753               0
   7.98008776               0
   7.99008799               0
   8.00008774               0
