   0.00000000             986
   9.99999978E-03         980
   1.99999996E-02         969
   2.99999993E-02         965
   3.99999991E-02         958
   4.99999970E-02         951
   5.99999949E-02         948
   6.99999928E-02         942
   7.99999908E-02         932
   8.99999887E-02         922
   9.99999866E-02         912
  0.109999985             907
  0.119999982             900
  0.129999980             889
  0.139999986             883
  0.149999991             875
  0.159999996             858
  0.170000002             854
  0.180000007             844
  0.190000013             838
  0.200000018             824
  0.210000023             812
  0.220000029             808
  0.230000034             796
  0.240000039             784
  0.250000030             769
  0.260000020             761
  0.270000011             753
  0.280000001             749
  0.289999992             742
  0.299999982             736
  0.309999973             728
  0.319999963             723
  0.329999954             717
  0.339999944             712
  0.349999934             707
  0.359999925             700
  0.369999915             689
  0.379999906             687
  0.389999896             678
  0.399999887             676
  0.409999877             670
  0.419999868             665
  0.429999858             655
  0.439999849             651
  0.449999839             641
  0.459999830             638
  0.469999820             632
  0.479999810             627
  0.489999801             621
  0.499999791             612
  0.509999812             600
  0.519999802             592
  0.529999793             586
  0.539999783             582
  0.549999774             577
  0.559999764             568
  0.569999754             565
  0.579999745             562
  0.589999735             554
  0.599999726             548
  0.609999716             544
  0.619999707             535
  0.629999697             526
  0.639999688             520
  0.649999678             516
  0.659999669             512
  0.669999659             507
  0.679999650             504
  0.689999640             501
  0.699999630             498
  0.709999621             491
  0.719999611             485
  0.729999602             480
  0.739999592             476
  0.749999583             468
  0.759999573             463
  0.769999564             454
  0.779999554             448
  0.789999545             447
  0.799999535             443
  0.809999526             435
  0.819999516             427
  0.829999506             422
  0.839999497             418
  0.849999487             412
  0.859999478             408
  0.869999468             402
  0.879999459             398
  0.889999449             395
  0.899999440             390
  0.909999430             390
  0.919999421             386
  0.929999411             382
  0.939999402             378
  0.949999392             373
  0.959999382             365
  0.969999373             361
  0.979999363             359
  0.989999354             356
  0.999999344             355
   1.00999939             355
   1.01999938             351
   1.02999938             345
   1.03999937             343
   1.04999936             340
   1.05999935             338
   1.06999934             334
   1.07999933             330
   1.08999932             329
   1.09999931             327
   1.10999930             323
   1.11999929             318
   1.12999928             314
   1.13999927             310
   1.14999926             305
   1.15999925             301
   1.16999924             297
   1.17999923             295
   1.18999922             294
   1.19999921             290
   1.20999920             287
   1.21999919             285
   1.22999918             284
   1.23999918             279
   1.24999917             276
   1.25999916             271
   1.26999915             270
   1.27999914             266
   1.28999913             263
   1.29999912             261
   1.30999911             259
   1.31999910             257
   1.32999909             255
   1.33999908             253
   1.34999907             252
   1.35999906             250
   1.36999905             248
   1.37999904             246
   1.38999903             246
   1.39999902             243
   1.40999901             241
   1.41999900             240
   1.42999899             238
   1.43999898             237
   1.44999897             234
   1.45999897             227
   1.46999896             225
   1.47999895             223
   1.48999894             219
   1.49999893             218
   1.50999892             212
   1.51999891             211
   1.52999890             209
   1.53999889             205
   1.54999888             202
   1.55999887             197
   1.56999886             196
   1.57999885             196
   1.58999884             195
   1.59999883             193
   1.60999882             190
   1.61999881             190
   1.62999880             187
   1.63999879             186
   1.64999878             185
   1.65999877             183
   1.66999876             180
   1.67999876             178
   1.68999875             178
   1.69999874             178
   1.70999873             177
   1.71999872             175
   1.72999871             174
   1.73999870             173
   1.74999869             173
   1.75999868             170
   1.76999867             168
   1.77999866             166
   1.78999865             163
   1.79999864             162
   1.80999863             160
   1.81999862             160
   1.82999861             159
   1.83999860             158
   1.84999859             152
   1.85999858             150
   1.86999857             147
   1.87999856             147
   1.88999856             144
   1.89999855             143
   1.90999854             139
   1.91999853             139
   1.92999852             136
   1.93999851             136
   1.94999850             135
   1.95999849             133
   1.96999848             133
   1.97999847             133
   1.98999846             131
   1.99999845             130
   2.00999856             127
   2.01999855             126
   2.02999854             122
   2.03999853             122
   2.04999852             121
   2.05999851             120
   2.06999850             119
   2.07999849             119
   2.08999848             119
   2.09999847             119
   2.10999846             117
   2.11999846             115
   2.12999845             114
   2.13999844             110
   2.14999843             109
   2.15999842             107
   2.16999841             105
   2.17999840             105
   2.18999839             101
   2.19999838             101
   2.20999837             101
   2.21999836             101
   2.22999835             101
   2.23999834             101
   2.24999833              99
   2.25999832              97
   2.26999831              96
   2.27999830              96
   2.28999829              95
   2.29999828              94
   2.30999827              94
   2.31999826              94
   2.32999825              91
   2.33999825              90
   2.34999824              90
   2.35999823              90
   2.36999822              89
   2.37999821              89
   2.38999820              89
   2.39999819              87
   2.40999818              86
   2.41999817              85
   2.42999816              85
   2.43999815              83
   2.44999814              83
   2.45999813              83
   2.46999812              82
   2.47999811              82
   2.48999810              81
   2.49999809              80
   2.50999808              79
   2.51999807              78
   2.52999806              76
   2.53999805              76
   2.54999804              76
   2.55999804              75
   2.56999803              75
   2.57999802              75
   2.58999801              74
   2.59999800              72
   2.60999799              70
   2.61999798              70
   2.62999797              70
   2.63999796              69
   2.64999795              68
   2.65999794              68
   2.66999793              68
   2.67999792              67
   2.68999791              66
   2.69999790              66
   2.70999789              64
   2.71999788              63
   2.72999787              62
   2.73999786              62
   2.74999785              62
   2.75999784              61
   2.76999784              61
   2.77999783              60
   2.78999782              59
   2.79999781              59
   2.80999780              57
   2.81999779              57
   2.82999778              56
   2.83999777              56
   2.84999776              55
   2.85999775              54
   2.86999774              54
   2.87999773              54
   2.88999772              54
   2.89999771              53
   2.90999770              53
   2.91999769              53
   2.92999768              53
   2.93999767              51
   2.94999766              51
   2.95999765              51
   2.96999764              51
   2.97999763              48
   2.98999763              48
   2.99999762              48
   3.00999761              48
   3.01999760              48
   3.02999759              47
   3.03999758              47
   3.04999757              46
   3.05999756              44
   3.06999755              43
   3.07999754              43
   3.08999753              43
   3.09999752              42
   3.10999751              42
   3.11999750              41
   3.12999749              39
   3.13999748              39
   3.14999747              39
   3.15999746              38
   3.16999745              38
   3.17999744              37
   3.18999743              37
   3.19999743              37
   3.20999742              37
   3.21999741              36
   3.22999740              36
   3.23999739              36
   3.24999738              36
   3.25999737              35
   3.26999736              35
   3.27999735              35
   3.28999734              34
   3.29999733              33
   3.30999732              32
   3.31999731              32
   3.32999730              32
   3.33999729              32
   3.34999728              32
   3.35999727              31
   3.36999726              31
   3.37999725              30
   3.38999724              30
   3.39999723              30
   3.40999722              30
   3.41999722              29
   3.42999721              29
   3.43999720              29
   3.44999719              29
   3.45999718              28
   3.46999717              27
   3.47999716              27
   3.48999715              27
   3.49999714              27
   3.50999713              27
   3.51999712              27
   3.52999711              27
   3.53999710              26
   3.54999709              24
   3.55999708              24
   3.56999707              24
   3.57999706              24
   3.58999705              24
   3.59999704              23
   3.60999703              23
   3.61999702              22
   3.62999701              22
   3.63999701              21
   3.64999700              20
   3.65999699              20
   3.66999698              20
   3.67999697              20
   3.68999696              20
   3.69999695              19
   3.70999694              19
   3.71999693              19
   3.72999692              18
   3.73999691              17
   3.74999690              17
   3.75999689              17
   3.76999688              17
   3.77999687              17
   3.78999686              17
   3.79999685              17
   3.80999684              17
   3.81999683              17
   3.82999682              17
   3.83999681              17
   3.84999681              17
   3.85999680              16
   3.86999679              16
   3.87999678              16
   3.88999677              16
   3.89999676              15
   3.90999675              15
   3.91999674              15
   3.92999673              15
   3.93999672              15
   3.94999671              15
   3.95999670              15
   3.96999669              15
   3.97999668              15
   3.98999667              14
   3.99999666              12
   4.00999689              12
   4.01999712              12
   4.02999735              12
   4.03999758              12
   4.04999781              12
   4.05999804              12
   4.06999826              12
   4.07999849              12
   4.08999872              12
   4.09999895              12
   4.10999918              12
   4.11999941              12
   4.12999964              12
   4.13999987              12
   4.15000010              12
   4.16000032              12
   4.17000055              12
   4.18000078              12
   4.19000101              12
   4.20000124              12
   4.21000147              12
   4.22000170              12
   4.23000193              11
   4.24000216              11
   4.25000238              10
   4.26000261              10
   4.27000284               9
   4.28000307               9
   4.29000330               9
   4.30000353               9
   4.31000376               9
   4.32000399               9
   4.33000422               8
   4.34000444               8
   4.35000467               8
   4.36000490               8
   4.37000513               8
   4.38000536               8
   4.39000559               8
   4.40000582               8
   4.41000605               8
   4.42000628               8
   4.43000650               8
   4.44000673               8
   4.45000696               8
   4.46000719               8
   4.47000742               8
   4.48000765               8
   4.49000788               8
   4.50000811               8
   4.51000834               8
   4.52000856               8
   4.53000879               8
   4.54000902               8
   4.55000925               8
   4.56000948               8
   4.57000971               8
   4.58000994               8
   4.59001017               8
   4.60001040               8
   4.61001062               6
   4.62001085               6
   4.63001108               6
   4.64001131               6
   4.65001154               6
   4.66001177               6
   4.67001200               6
   4.68001223               6
   4.69001245               5
   4.70001268               5
   4.71001291               5
   4.72001314               5
   4.73001337               5
   4.74001360               5
   4.75001383               5
   4.76001406               5
   4.77001429               5
   4.78001451               5
   4.79001474               5
   4.80001497               5
   4.81001520               5
   4.82001543               5
   4.83001566               5
   4.84001589               5
   4.85001612               5
   4.86001635               5
   4.87001657               5
   4.88001680               5
   4.89001703               5
   4.90001726               5
   4.91001749               5
   4.92001772               5
   4.93001795               5
   4.94001818               5
   4.95001841               5
   4.96001863               5
   4.97001886               5
   4.98001909               5
   4.99001932               5
   5.00001955               5
   5.01001978               5
   5.02002001               5
   5.03002024               5
   5.04002047               5
   5.05002069               5
   5.06002092               5
   5.07002115               5
   5.08002138               5
   5.09002161               5
   5.10002184               5
   5.11002207               5
   5.12002230               5
   5.13002253               5
   5.14002275               5
   5.15002298               5
   5.16002321               5
   5.17002344               5
   5.18002367               5
   5.19002390               5
   5.20002413               4
   5.21002436               4
   5.22002459               4
   5.23002481               4
   5.24002504               4
   5.25002527               4
   5.26002550               4
   5.27002573               4
   5.28002596               4
   5.29002619               4
   5.30002642               4
   5.31002665               4
   5.32002687               4
   5.33002710               4
   5.34002733               4
   5.35002756               4
   5.36002779               3
   5.37002802               3
   5.38002825               3
   5.39002848               3
   5.40002871               3
   5.41002893               3
   5.42002916               3
   5.43002939               3
   5.44002962               3
   5.45002985               3
   5.46003008               3
   5.47003031               3
   5.48003054               3
   5.49003077               3
   5.50003099               3
   5.51003122               3
   5.52003145               3
   5.53003168               3
   5.54003191               2
   5.55003214               2
   5.56003237               2
   5.57003260               2
   5.58003283               2
   5.59003305               2
   5.60003328               2
   5.61003351               2
   5.62003374               2
   5.63003397               2
   5.64003420               2
   5.65003443               2
   5.66003466               2
   5.67003489               2
   5.68003511               2
   5.69003534               2
   5.70003557               2
   5.71003580               2
   5.72003603               2
   5.73003626               2
   5.74003649               2
   5.75003672               2
   5.76003695               2
   5.77003717               2
   5.78003740               2
   5.79003763               2
   5.80003786               2
   5.81003809               2
   5.82003832               2
   5.83003855               2
   5.84003878               2
   5.85003901               2
   5.86003923               2
   5.87003946               2
   5.88003969               2
   5.89003992               2
   5.90004015               2
   5.91004038               2
   5.92004061               2
   5.93004084               2
   5.94004107               2
   5.95004129               2
   5.96004152               2
   5.97004175               2
   5.98004198               1
   5.99004221               1
   6.00004244               1
   6.01004267               1
   6.02004290               1
   6.03004313               1
   6.04004335               1
   6.05004358               1
   6.06004381               1
   6.07004404               1
   6.08004427               1
   6.09004450               1
   6.10004473               1
   6.11004496               1
   6.12004519               1
   6.13004541               1
   6.14004564               1
   6.15004587               1
   6.16004610               1
   6.17004633               1
   6.18004656               1
   6.19004679               1
   6.20004702               1
   6.21004725               1
   6.22004747               1
   6.23004770               1
   6.24004793               1
   6.25004816               1
   6.26004839               1
   6.27004862               1
   6.28004885               1
   6.29004908               1
   6.30004930               1
   6.31004953               0
   6.32004976               0
   6.33004999               0
   6.34005022               0
   6.35005045               0
   6.36005068               0
   6.37005091               0
   6.38005114               0
   6.39005136               0
   6.40005159               0
   6.41005182               0
   6.42005205               0
   6.43005228               0
   6.44005251               0
   6.45005274               0
   6.46005297               0
   6.47005320               0
   6.48005342               0
   6.49005365               0
   6.50005388               0
   6.51005411               0
   6.52005434               0
   6.53005457               0
   6.54005480               0
   6.55005503               0
   6.56005526               0
   6.57005548               0
   6.58005571               0
   6.59005594               0
   6.60005617               0
   6.61005640               0
   6.62005663               0
   6.63005686               0
   6.64005709               0
   6.65005732               0
   6.66005754               0
   6.67005777               0
   6.68005800               0
   6.69005823               0
   6.70005846               0
   6.71005869               0
   6.72005892               0
   6.73005915               0
   6.74005938               0
   6.75005960               0
   6.76005983               0
   6.77006006               0
   6.78006029               0
   6.79006052               0
   6.80006075               0
   6.81006098               0
   6.82006121               0
   6.83006144               0
   6.84006166               0
   6.85006189               0
   6.86006212               0
   6.87006235               0
   6.88006258               0
   6.89006281               0
   6.90006304               0
   6.91006327               0
   6.92006350               0
   6.93006372               0
   6.94006395               0
   6.95006418               0
   6.96006441               0
   6.97006464               0
   6.98006487               0
   6.99006510               0
   7.00006533               0
   7.01006556               0
   7.02006578               0
   7.03006601               0
   7.04006624               0
   7.05006647               0
   7.06006670               0
   7.07006693               0
   7.08006716               0
   7.09006739               0
   7.10006762               0
   7.11006784               0
   7.12006807               0
   7.13006830               0
   7.14006853               0
   7.15006876               0
   7.16006899               0
   7.17006922               0
   7.18006945               0
   7.19006968               0
   7.20006990               0
   7.21007013               0
   7.22007036               0
   7.23007059               0
   7.24007082               0
   7.25007105               0
   7.26007128               0
   7.27007151               0
   7.28007174               0
   7.29007196               0
   7.30007219               0
   7.31007242               0
   7.32007265               0
   7.33007288               0
   7.34007311               0
   7.35007334               0
   7.36007357               0
   7.37007380               0
   7.38007402               0
   7.39007425               0
   7.40007448               0
   7.41007471               0
   7.42007494               0
   7.43007517               0
   7.44007540               0
   7.45007563               0
   7.46007586               0
   7.47007608               0
   7.48007631               0
   7.49007654               0
   7.50007677               0
   7.51007700               0
   7.52007723               0
   7.53007746               0
   7.54007769               0
   7.55007792               0
   7.56007814               0
   7.57007837               0
   7.58007860               0
   7.59007883               0
   7.60007906               0
   7.61007929               0
   7.62007952               0
   7.63007975               0
   7.64007998               0
   7.65008020               0
   7.66008043               0
   7.67008066               0
   7.68008089               0
   7.69008112               0
   7.70008135               0
   7.71008158               0
   7.72008181               0
   7.73008204               0
   7.74008226               0
   7.75008249               0
   7.76008272               0
   7.77008295               0
   7.78008318               0
   7.79008341               0
   7.80008364               0
   7.81008387               0
   7.82008410               0
   7.83008432               0
   7.84008455               0
   7.85008478               0
   7.86008501               0
   7.87008524               0
   7.88008547               0
   7.89008570               0
   7.90008593               0
   7.91008615               0
   7.92008638               0
   7.93008661               0
   7.94008684               0
   7.95008707               0
   7.96008730               0
   7.97008753               0
   7.98008776               0
   7.99008799               0
   8.00008774               0
