   0.00000000             995
   9.99999978E-03         989
   1.99999996E-02         984
   2.99999993E-02         971
   3.99999991E-02         961
   4.99999970E-02         952
   5.99999949E-02         946
   6.99999928E-02         940
   7.99999908E-02         929
   8.99999887E-02         924
   9.99999866E-02         912
  0.109999985             902
  0.119999982             892
  0.129999980             880
  0.139999986             869
  0.149999991             861
  0.159999996             854
  0.170000002             848
  0.180000007             835
  0.190000013             824
  0.200000018             817
  0.210000023             812
  0.220000029             797
  0.230000034             792
  0.240000039             785
  0.250000030             778
  0.260000020             773
  0.270000011             771
  0.280000001             767
  0.289999992             761
  0.299999982             753
  0.309999973             744
  0.319999963             738
  0.329999954             729
  0.339999944             725
  0.349999934             720
  0.359999925             715
  0.369999915             708
  0.379999906             700
  0.389999896             694
  0.399999887             689
  0.409999877             684
  0.419999868             676
  0.429999858             670
  0.439999849             667
  0.449999839             664
  0.459999830             659
  0.469999820             657
  0.479999810             653
  0.489999801             648
  0.499999791             639
  0.509999812             628
  0.519999802             625
  0.529999793             620
  0.539999783             610
  0.549999774             603
  0.559999764             595
  0.569999754             591
  0.579999745             582
  0.589999735             580
  0.599999726             575
  0.609999716             570
  0.619999707             564
  0.629999697             553
  0.639999688             550
  0.649999678             548
  0.659999669             541
  0.669999659             533
  0.679999650             525
  0.689999640             516
  0.699999630             508
  0.709999621             503
  0.719999611             495
  0.729999602             494
  0.739999592             487
  0.749999583             483
  0.759999573             480
  0.769999564             476
  0.779999554             474
  0.789999545             469
  0.799999535             466
  0.809999526             460
  0.819999516             456
  0.829999506             452
  0.839999497             446
  0.849999487             442
  0.859999478             434
  0.869999468             430
  0.879999459             425
  0.889999449             421
  0.899999440             417
  0.909999430             414
  0.919999421             412
  0.929999411             407
  0.939999402             402
  0.949999392             400
  0.959999382             394
  0.969999373             390
  0.979999363             386
  0.989999354             382
  0.999999344             379
   1.00999939             377
   1.01999938             375
   1.02999938             372
   1.03999937             365
   1.04999936             363
   1.05999935             361
   1.06999934             354
   1.07999933             352
   1.08999932             346
   1.09999931             341
   1.10999930             340
   1.11999929             335
   1.12999928             332
   1.13999927             329
   1.14999926             327
   1.15999925             324
   1.16999924             324
   1.17999923             320
   1.18999922             317
   1.19999921             315
   1.20999920             311
   1.21999919             306
   1.22999918             305
   1.23999918             302
   1.24999917             300
   1.25999916             294
   1.26999915             290
   1.27999914             288
   1.28999913             286
   1.29999912             285
   1.30999911             282
   1.31999910             281
   1.32999909             281
   1.33999908             277
   1.34999907             272
   1.35999906             271
   1.36999905             270
   1.37999904             268
   1.38999903             265
   1.39999902             261
   1.40999901             259
   1.41999900             256
   1.42999899             250
   1.43999898             246
   1.44999897             244
   1.45999897             241
   1.46999896             238
   1.47999895             237
   1.48999894             236
   1.49999893             232
   1.50999892             227
   1.51999891             222
   1.52999890             219
   1.53999889             217
   1.54999888             212
   1.55999887             207
   1.56999886             205
   1.57999885             199
   1.58999884             197
   1.59999883             197
   1.60999882             197
   1.61999881             194
   1.62999880             190
   1.63999879             186
   1.64999878             185
   1.65999877             183
   1.66999876             182
   1.67999876             182
   1.68999875             178
   1.69999874             177
   1.70999873             176
   1.71999872             173
   1.72999871             172
   1.73999870             170
   1.74999869             168
   1.75999868             166
   1.76999867             161
   1.77999866             159
   1.78999865             158
   1.79999864             156
   1.80999863             153
   1.81999862             151
   1.82999861             149
   1.83999860             148
   1.84999859             146
   1.85999858             145
   1.86999857             143
   1.87999856             142
   1.88999856             141
   1.89999855             140
   1.90999854             138
   1.91999853             136
   1.92999852             135
   1.93999851             133
   1.94999850             132
   1.95999849             129
   1.96999848             129
   1.97999847             129
   1.98999846             128
   1.99999845             126
   2.00999856             125
   2.01999855             125
   2.02999854             124
   2.03999853             123
   2.04999852             121
   2.05999851             120
   2.06999850             120
   2.07999849             116
   2.08999848             113
   2.09999847             112
   2.10999846             111
   2.11999846             110
   2.12999845             108
   2.13999844             107
   2.14999843             106
   2.15999842             106
   2.16999841             104
   2.17999840             104
   2.18999839             103
   2.19999838             101
   2.20999837             100
   2.21999836              99
   2.22999835              96
   2.23999834              95
   2.24999833              95
   2.25999832              94
   2.26999831              94
   2.27999830              94
   2.28999829              92
   2.29999828              92
   2.30999827              91
   2.31999826              88
   2.32999825              87
   2.33999825              87
   2.34999824              85
   2.35999823              85
   2.36999822              85
   2.37999821              85
   2.38999820              85
   2.39999819              85
   2.40999818              82
   2.41999817              81
   2.42999816              79
   2.43999815              76
   2.44999814              76
   2.45999813              75
   2.46999812              74
   2.47999811              73
   2.48999810              73
   2.49999809              72
   2.50999808              71
   2.51999807              71
   2.52999806              71
   2.53999805              71
   2.54999804              70
   2.55999804              68
   2.56999803              68
   2.57999802              68
   2.58999801              68
   2.59999800              68
   2.60999799              67
   2.61999798              66
   2.62999797              63
   2.63999796              62
   2.64999795              62
   2.65999794              62
   2.66999793              61
   2.67999792              61
   2.68999791              61
   2.69999790              60
   2.70999789              58
   2.71999788              57
   2.72999787              56
   2.73999786              56
   2.74999785              56
   2.75999784              55
   2.76999784              55
   2.77999783              53
   2.78999782              52
   2.79999781              50
   2.80999780              50
   2.81999779              49
   2.82999778              49
   2.83999777              49
   2.84999776              49
   2.85999775              48
   2.86999774              48
   2.87999773              47
   2.88999772              47
   2.89999771              47
   2.90999770              47
   2.91999769              47
   2.92999768              46
   2.93999767              45
   2.94999766              45
   2.95999765              43
   2.96999764              43
   2.97999763              43
   2.98999763              43
   2.99999762              43
   3.00999761              43
   3.01999760              42
   3.02999759              42
   3.03999758              42
   3.04999757              42
   3.05999756              40
   3.06999755              40
   3.07999754              40
   3.08999753              40
   3.09999752              40
   3.10999751              40
   3.11999750              38
   3.12999749              38
   3.13999748              37
   3.14999747              37
   3.15999746              37
   3.16999745              37
   3.17999744              37
   3.18999743              37
   3.19999743              36
   3.20999742              36
   3.21999741              35
   3.22999740              34
   3.23999739              34
   3.24999738              32
   3.25999737              32
   3.26999736              32
   3.27999735              32
   3.28999734              32
   3.29999733              32
   3.30999732              31
   3.31999731              29
   3.32999730              28
   3.33999729              28
   3.34999728              28
   3.35999727              27
   3.36999726              26
   3.37999725              26
   3.38999724              26
   3.39999723              26
   3.40999722              25
   3.41999722              25
   3.42999721              25
   3.43999720              25
   3.44999719              25
   3.45999718              25
   3.46999717              25
   3.47999716              25
   3.48999715              25
   3.49999714              24
   3.50999713              24
   3.51999712              23
   3.52999711              23
   3.53999710              23
   3.54999709              23
   3.55999708              23
   3.56999707              23
   3.57999706              22
   3.58999705              22
   3.59999704              22
   3.60999703              21
   3.61999702              21
   3.62999701              21
   3.63999701              21
   3.64999700              21
   3.65999699              21
   3.66999698              21
   3.67999697              21
   3.68999696              21
   3.69999695              21
   3.70999694              21
   3.71999693              20
   3.72999692              20
   3.73999691              19
   3.74999690              19
   3.75999689              18
   3.76999688              18
   3.77999687              18
   3.78999686              18
   3.79999685              18
   3.80999684              17
   3.81999683              17
   3.82999682              17
   3.83999681              17
   3.84999681              17
   3.85999680              17
   3.86999679              16
   3.87999678              16
   3.88999677              16
   3.89999676              15
   3.90999675              15
   3.91999674              15
   3.92999673              15
   3.93999672              15
   3.94999671              15
   3.95999670              15
   3.96999669              15
   3.97999668              15
   3.98999667              15
   3.99999666              15
   4.00999689              15
   4.01999712              15
   4.02999735              15
   4.03999758              14
   4.04999781              14
   4.05999804              14
   4.06999826              14
   4.07999849              12
   4.08999872              12
   4.09999895              12
   4.10999918              12
   4.11999941              12
   4.12999964              11
   4.13999987              11
   4.15000010              11
   4.16000032              10
   4.17000055              10
   4.18000078               9
   4.19000101               9
   4.20000124               8
   4.21000147               8
   4.22000170               8
   4.23000193               8
   4.24000216               8
   4.25000238               8
   4.26000261               8
   4.27000284               8
   4.28000307               8
   4.29000330               8
   4.30000353               8
   4.31000376               8
   4.32000399               8
   4.33000422               8
   4.34000444               8
   4.35000467               8
   4.36000490               8
   4.37000513               8
   4.38000536               8
   4.39000559               8
   4.40000582               8
   4.41000605               8
   4.42000628               8
   4.43000650               8
   4.44000673               8
   4.45000696               8
   4.46000719               8
   4.47000742               8
   4.48000765               8
   4.49000788               8
   4.50000811               8
   4.51000834               8
   4.52000856               8
   4.53000879               8
   4.54000902               8
   4.55000925               8
   4.56000948               8
   4.57000971               8
   4.58000994               8
   4.59001017               8
   4.60001040               8
   4.61001062               8
   4.62001085               8
   4.63001108               8
   4.64001131               8
   4.65001154               8
   4.66001177               8
   4.67001200               8
   4.68001223               8
   4.69001245               8
   4.70001268               8
   4.71001291               8
   4.72001314               8
   4.73001337               8
   4.74001360               8
   4.75001383               8
   4.76001406               7
   4.77001429               7
   4.78001451               7
   4.79001474               7
   4.80001497               7
   4.81001520               6
   4.82001543               6
   4.83001566               6
   4.84001589               6
   4.85001612               6
   4.86001635               6
   4.87001657               6
   4.88001680               6
   4.89001703               6
   4.90001726               6
   4.91001749               6
   4.92001772               6
   4.93001795               6
   4.94001818               6
   4.95001841               6
   4.96001863               6
   4.97001886               6
   4.98001909               6
   4.99001932               6
   5.00001955               6
   5.01001978               6
   5.02002001               6
   5.03002024               6
   5.04002047               5
   5.05002069               5
   5.06002092               5
   5.07002115               5
   5.08002138               5
   5.09002161               5
   5.10002184               5
   5.11002207               5
   5.12002230               4
   5.13002253               4
   5.14002275               4
   5.15002298               4
   5.16002321               4
   5.17002344               4
   5.18002367               4
   5.19002390               4
   5.20002413               3
   5.21002436               3
   5.22002459               3
   5.23002481               3
   5.24002504               3
   5.25002527               3
   5.26002550               3
   5.27002573               3
   5.28002596               3
   5.29002619               3
   5.30002642               3
   5.31002665               3
   5.32002687               3
   5.33002710               3
   5.34002733               3
   5.35002756               3
   5.36002779               3
   5.37002802               3
   5.38002825               3
   5.39002848               3
   5.40002871               3
   5.41002893               3
   5.42002916               3
   5.43002939               3
   5.44002962               3
   5.45002985               3
   5.46003008               3
   5.47003031               3
   5.48003054               3
   5.49003077               3
   5.50003099               3
   5.51003122               3
   5.52003145               3
   5.53003168               3
   5.54003191               3
   5.55003214               3
   5.56003237               3
   5.57003260               3
   5.58003283               3
   5.59003305               3
   5.60003328               3
   5.61003351               3
   5.62003374               3
   5.63003397               3
   5.64003420               3
   5.65003443               3
   5.66003466               3
   5.67003489               3
   5.68003511               3
   5.69003534               3
   5.70003557               3
   5.71003580               3
   5.72003603               3
   5.73003626               3
   5.74003649               3
   5.75003672               3
   5.76003695               3
   5.77003717               3
   5.78003740               3
   5.79003763               3
   5.80003786               3
   5.81003809               3
   5.82003832               3
   5.83003855               3
   5.84003878               3
   5.85003901               3
   5.86003923               3
   5.87003946               3
   5.88003969               3
   5.89003992               3
   5.90004015               3
   5.91004038               3
   5.92004061               3
   5.93004084               3
   5.94004107               3
   5.95004129               3
   5.96004152               3
   5.97004175               3
   5.98004198               3
   5.99004221               3
   6.00004244               3
   6.01004267               3
   6.02004290               3
   6.03004313               3
   6.04004335               3
   6.05004358               3
   6.06004381               3
   6.07004404               3
   6.08004427               3
   6.09004450               3
   6.10004473               3
   6.11004496               3
   6.12004519               3
   6.13004541               3
   6.14004564               3
   6.15004587               3
   6.16004610               3
   6.17004633               3
   6.18004656               3
   6.19004679               3
   6.20004702               3
   6.21004725               3
   6.22004747               3
   6.23004770               3
   6.24004793               3
   6.25004816               3
   6.26004839               3
   6.27004862               3
   6.28004885               3
   6.29004908               3
   6.30004930               3
   6.31004953               2
   6.32004976               2
   6.33004999               2
   6.34005022               2
   6.35005045               2
   6.36005068               2
   6.37005091               2
   6.38005114               2
   6.39005136               2
   6.40005159               2
   6.41005182               2
   6.42005205               2
   6.43005228               2
   6.44005251               2
   6.45005274               2
   6.46005297               2
   6.47005320               2
   6.48005342               2
   6.49005365               2
   6.50005388               2
   6.51005411               2
   6.52005434               2
   6.53005457               2
   6.54005480               2
   6.55005503               2
   6.56005526               2
   6.57005548               2
   6.58005571               2
   6.59005594               2
   6.60005617               2
   6.61005640               2
   6.62005663               2
   6.63005686               2
   6.64005709               2
   6.65005732               2
   6.66005754               2
   6.67005777               2
   6.68005800               2
   6.69005823               2
   6.70005846               2
   6.71005869               2
   6.72005892               2
   6.73005915               2
   6.74005938               2
   6.75005960               2
   6.76005983               2
   6.77006006               2
   6.78006029               2
   6.79006052               2
   6.80006075               2
   6.81006098               2
   6.82006121               2
   6.83006144               2
   6.84006166               2
   6.85006189               2
   6.86006212               2
   6.87006235               2
   6.88006258               2
   6.89006281               2
   6.90006304               2
   6.91006327               2
   6.92006350               2
   6.93006372               2
   6.94006395               2
   6.95006418               2
   6.96006441               2
   6.97006464               2
   6.98006487               2
   6.99006510               2
   7.00006533               2
   7.01006556               2
   7.02006578               2
   7.03006601               2
   7.04006624               2
   7.05006647               2
   7.06006670               2
   7.07006693               2
   7.08006716               2
   7.09006739               2
   7.10006762               2
   7.11006784               2
   7.12006807               2
   7.13006830               2
   7.14006853               2
   7.15006876               2
   7.16006899               2
   7.17006922               2
   7.18006945               2
   7.19006968               2
   7.20006990               2
   7.21007013               2
   7.22007036               1
   7.23007059               1
   7.24007082               1
   7.25007105               1
   7.26007128               1
   7.27007151               1
   7.28007174               1
   7.29007196               1
   7.30007219               1
   7.31007242               1
   7.32007265               1
   7.33007288               1
   7.34007311               1
   7.35007334               1
   7.36007357               1
   7.37007380               1
   7.38007402               1
   7.39007425               1
   7.40007448               1
   7.41007471               1
   7.42007494               1
   7.43007517               1
   7.44007540               1
   7.45007563               1
   7.46007586               1
   7.47007608               1
   7.48007631               1
   7.49007654               1
   7.50007677               1
   7.51007700               1
   7.52007723               1
   7.53007746               1
   7.54007769               1
   7.55007792               1
   7.56007814               1
   7.57007837               1
   7.58007860               1
   7.59007883               1
   7.60007906               1
   7.61007929               1
   7.62007952               1
   7.63007975               1
   7.64007998               1
   7.65008020               1
   7.66008043               1
   7.67008066               1
   7.68008089               1
   7.69008112               1
   7.70008135               1
   7.71008158               1
   7.72008181               1
   7.73008204               1
   7.74008226               1
   7.75008249               1
   7.76008272               1
   7.77008295               1
   7.78008318               1
   7.79008341               1
   7.80008364               1
   7.81008387               1
   7.82008410               1
   7.83008432               1
   7.84008455               1
   7.85008478               1
   7.86008501               1
   7.87008524               1
   7.88008547               1
   7.89008570               1
   7.90008593               1
   7.91008615               1
   7.92008638               1
   7.93008661               1
   7.94008684               1
   7.95008707               1
   7.96008730               1
   7.97008753               1
   7.98008776               1
   7.99008799               1
   8.00008774               1
