   0.00000000             996
   9.99999978E-03         985
   1.99999996E-02         973
   2.99999993E-02         965
   3.99999991E-02         947
   4.99999970E-02         932
   5.99999949E-02         922
   6.99999928E-02         909
   7.99999908E-02         902
   8.99999887E-02         893
   9.99999866E-02         887
  0.109999985             878
  0.119999982             870
  0.129999980             858
  0.139999986             853
  0.149999991             842
  0.159999996             830
  0.170000002             823
  0.180000007             811
  0.190000013             800
  0.200000018             788
  0.210000023             780
  0.220000029             770
  0.230000034             761
  0.240000039             756
  0.250000030             747
  0.260000020             741
  0.270000011             733
  0.280000001             721
  0.289999992             714
  0.299999982             708
  0.309999973             702
  0.319999963             694
  0.329999954             690
  0.339999944             682
  0.349999934             678
  0.359999925             670
  0.369999915             665
  0.379999906             659
  0.389999896             655
  0.399999887             644
  0.409999877             638
  0.419999868             630
  0.429999858             623
  0.439999849             612
  0.449999839             606
  0.459999830             603
  0.469999820             600
  0.479999810             593
  0.489999801             587
  0.499999791             580
  0.509999812             573
  0.519999802             567
  0.529999793             554
  0.539999783             552
  0.549999774             547
  0.559999764             541
  0.569999754             534
  0.579999745             529
  0.589999735             523
  0.599999726             521
  0.609999716             515
  0.619999707             509
  0.629999697             503
  0.639999688             502
  0.649999678             498
  0.659999669             491
  0.669999659             482
  0.679999650             478
  0.689999640             473
  0.699999630             468
  0.709999621             463
  0.719999611             453
  0.729999602             451
  0.739999592             444
  0.749999583             436
  0.759999573             433
  0.769999564             431
  0.779999554             428
  0.789999545             424
  0.799999535             419
  0.809999526             417
  0.819999516             414
  0.829999506             411
  0.839999497             408
  0.849999487             403
  0.859999478             397
  0.869999468             391
  0.879999459             383
  0.889999449             378
  0.899999440             375
  0.909999430             373
  0.919999421             370
  0.929999411             365
  0.939999402             361
  0.949999392             358
  0.959999382             355
  0.969999373             350
  0.979999363             347
  0.989999354             342
  0.999999344             339
   1.00999939             338
   1.01999938             337
   1.02999938             336
   1.03999937             334
   1.04999936             332
   1.05999935             329
   1.06999934             328
   1.07999933             327
   1.08999932             327
   1.09999931             325
   1.10999930             322
   1.11999929             316
   1.12999928             314
   1.13999927             312
   1.14999926             309
   1.15999925             306
   1.16999924             305
   1.17999923             304
   1.18999922             300
   1.19999921             297
   1.20999920             293
   1.21999919             290
   1.22999918             287
   1.23999918             286
   1.24999917             285
   1.25999916             283
   1.26999915             283
   1.27999914             282
   1.28999913             279
   1.29999912             277
   1.30999911             274
   1.31999910             272
   1.32999909             272
   1.33999908             267
   1.34999907             262
   1.35999906             259
   1.36999905             255
   1.37999904             252
   1.38999903             250
   1.39999902             247
   1.40999901             243
   1.41999900             235
   1.42999899             230
   1.43999898             228
   1.44999897             225
   1.45999897             223
   1.46999896             223
   1.47999895             222
   1.48999894             221
   1.49999893             219
   1.50999892             219
   1.51999891             216
   1.52999890             215
   1.53999889             211
   1.54999888             210
   1.55999887             208
   1.56999886             207
   1.57999885             204
   1.58999884             203
   1.59999883             203
   1.60999882             202
   1.61999881             199
   1.62999880             198
   1.63999879             195
   1.64999878             191
   1.65999877             191
   1.66999876             190
   1.67999876             190
   1.68999875             186
   1.69999874             182
   1.70999873             180
   1.71999872             180
   1.72999871             179
   1.73999870             177
   1.74999869             174
   1.75999868             173
   1.76999867             171
   1.77999866             170
   1.78999865             169
   1.79999864             168
   1.80999863             165
   1.81999862             163
   1.82999861             162
   1.83999860             159
   1.84999859             157
   1.85999858             156
   1.86999857             153
   1.87999856             151
   1.88999856             148
   1.89999855             146
   1.90999854             142
   1.91999853             142
   1.92999852             139
   1.93999851             138
   1.94999850             137
   1.95999849             132
   1.96999848             126
   1.97999847             125
   1.98999846             124
   1.99999845             122
   2.00999856             121
   2.01999855             121
   2.02999854             119
   2.03999853             118
   2.04999852             117
   2.05999851             117
   2.06999850             114
   2.07999849             114
   2.08999848             114
   2.09999847             113
   2.10999846             112
   2.11999846             109
   2.12999845             107
   2.13999844             106
   2.14999843             105
   2.15999842             103
   2.16999841             103
   2.17999840             103
   2.18999839             102
   2.19999838             101
   2.20999837             100
   2.21999836              99
   2.22999835              97
   2.23999834              96
   2.24999833              96
   2.25999832              93
   2.26999831              92
   2.27999830              91
   2.28999829              91
   2.29999828              90
   2.30999827              89
   2.31999826              89
   2.32999825              89
   2.33999825              88
   2.34999824              86
   2.35999823              84
   2.36999822              83
   2.37999821              83
   2.38999820              83
   2.39999819              82
   2.40999818              82
   2.41999817              81
   2.42999816              81
   2.43999815              79
   2.44999814              78
   2.45999813              78
   2.46999812              78
   2.47999811              78
   2.48999810              78
   2.49999809              78
   2.50999808              77
   2.51999807              76
   2.52999806              76
   2.53999805              76
   2.54999804              76
   2.55999804              75
   2.56999803              75
   2.57999802              75
   2.58999801              73
   2.59999800              73
   2.60999799              73
   2.61999798              72
   2.62999797              70
   2.63999796              70
   2.64999795              70
   2.65999794              70
   2.66999793              69
   2.67999792              69
   2.68999791              69
   2.69999790              69
   2.70999789              69
   2.71999788              68
   2.72999787              67
   2.73999786              67
   2.74999785              67
   2.75999784              67
   2.76999784              67
   2.77999783              65
   2.78999782              65
   2.79999781              64
   2.80999780              61
   2.81999779              61
   2.82999778              60
   2.83999777              60
   2.84999776              60
   2.85999775              59
   2.86999774              58
   2.87999773              58
   2.88999772              58
   2.89999771              58
   2.90999770              58
   2.91999769              58
   2.92999768              57
   2.93999767              57
   2.94999766              56
   2.95999765              56
   2.96999764              55
   2.97999763              50
   2.98999763              49
   2.99999762              49
   3.00999761              49
   3.01999760              48
   3.02999759              48
   3.03999758              48
   3.04999757              48
   3.05999756              47
   3.06999755              47
   3.07999754              46
   3.08999753              46
   3.09999752              44
   3.10999751              44
   3.11999750              44
   3.12999749              43
   3.13999748              42
   3.14999747              41
   3.15999746              41
   3.16999745              41
   3.17999744              41
   3.18999743              40
   3.19999743              40
   3.20999742              40
   3.21999741              40
   3.22999740              40
   3.23999739              39
   3.24999738              39
   3.25999737              37
   3.26999736              37
   3.27999735              36
   3.28999734              36
   3.29999733              35
   3.30999732              35
   3.31999731              35
   3.32999730              35
   3.33999729              35
   3.34999728              35
   3.35999727              35
   3.36999726              35
   3.37999725              35
   3.38999724              35
   3.39999723              34
   3.40999722              34
   3.41999722              34
   3.42999721              33
   3.43999720              33
   3.44999719              33
   3.45999718              32
   3.46999717              32
   3.47999716              32
   3.48999715              32
   3.49999714              32
   3.50999713              32
   3.51999712              32
   3.52999711              32
   3.53999710              32
   3.54999709              32
   3.55999708              32
   3.56999707              32
   3.57999706              29
   3.58999705              29
   3.59999704              29
   3.60999703              28
   3.61999702              28
   3.62999701              28
   3.63999701              28
   3.64999700              28
   3.65999699              27
   3.66999698              26
   3.67999697              26
   3.68999696              26
   3.69999695              26
   3.70999694              26
   3.71999693              26
   3.72999692              26
   3.73999691              25
   3.74999690              25
   3.75999689              25
   3.76999688              24
   3.77999687              24
   3.78999686              24
   3.79999685              24
   3.80999684              23
   3.81999683              22
   3.82999682              22
   3.83999681              22
   3.84999681              22
   3.85999680              21
   3.86999679              20
   3.87999678              19
   3.88999677              19
   3.89999676              19
   3.90999675              19
   3.91999674              19
   3.92999673              19
   3.93999672              19
   3.94999671              19
   3.95999670              19
   3.96999669              19
   3.97999668              19
   3.98999667              19
   3.99999666              19
   4.00999689              19
   4.01999712              19
   4.02999735              19
   4.03999758              19
   4.04999781              19
   4.05999804              19
   4.06999826              19
   4.07999849              19
   4.08999872              19
   4.09999895              19
   4.10999918              19
   4.11999941              19
   4.12999964              19
   4.13999987              19
   4.15000010              19
   4.16000032              19
   4.17000055              19
   4.18000078              18
   4.19000101              18
   4.20000124              18
   4.21000147              18
   4.22000170              18
   4.23000193              18
   4.24000216              18
   4.25000238              18
   4.26000261              18
   4.27000284              18
   4.28000307              18
   4.29000330              17
   4.30000353              15
   4.31000376              15
   4.32000399              15
   4.33000422              15
   4.34000444              15
   4.35000467              15
   4.36000490              15
   4.37000513              15
   4.38000536              15
   4.39000559              15
   4.40000582              15
   4.41000605              15
   4.42000628              15
   4.43000650              15
   4.44000673              15
   4.45000696              15
   4.46000719              15
   4.47000742              15
   4.48000765              15
   4.49000788              15
   4.50000811              15
   4.51000834              15
   4.52000856              15
   4.53000879              15
   4.54000902              15
   4.55000925              15
   4.56000948              15
   4.57000971              15
   4.58000994              15
   4.59001017              15
   4.60001040              15
   4.61001062              15
   4.62001085              15
   4.63001108              15
   4.64001131              15
   4.65001154              15
   4.66001177              15
   4.67001200              15
   4.68001223              15
   4.69001245              15
   4.70001268              15
   4.71001291              15
   4.72001314              15
   4.73001337              15
   4.74001360              15
   4.75001383              14
   4.76001406              14
   4.77001429              14
   4.78001451              14
   4.79001474              14
   4.80001497              14
   4.81001520              14
   4.82001543              14
   4.83001566              14
   4.84001589              14
   4.85001612              14
   4.86001635              14
   4.87001657              13
   4.88001680              13
   4.89001703              13
   4.90001726              13
   4.91001749              13
   4.92001772              13
   4.93001795              13
   4.94001818              13
   4.95001841              13
   4.96001863              13
   4.97001886              13
   4.98001909              13
   4.99001932              13
   5.00001955              13
   5.01001978              13
   5.02002001              13
   5.03002024              13
   5.04002047              13
   5.05002069              13
   5.06002092              13
   5.07002115              13
   5.08002138              12
   5.09002161              12
   5.10002184              12
   5.11002207              11
   5.12002230              11
   5.13002253              11
   5.14002275              11
   5.15002298              11
   5.16002321              11
   5.17002344              11
   5.18002367              10
   5.19002390              10
   5.20002413              10
   5.21002436              10
   5.22002459              10
   5.23002481              10
   5.24002504               9
   5.25002527               9
   5.26002550               9
   5.27002573               9
   5.28002596               9
   5.29002619               9
   5.30002642               9
   5.31002665               9
   5.32002687               9
   5.33002710               9
   5.34002733               9
   5.35002756               9
   5.36002779               9
   5.37002802               9
   5.38002825               9
   5.39002848               9
   5.40002871               9
   5.41002893               9
   5.42002916               8
   5.43002939               8
   5.44002962               8
   5.45002985               7
   5.46003008               7
   5.47003031               7
   5.48003054               7
   5.49003077               7
   5.50003099               7
   5.51003122               7
   5.52003145               7
   5.53003168               7
   5.54003191               7
   5.55003214               7
   5.56003237               7
   5.57003260               7
   5.58003283               7
   5.59003305               7
   5.60003328               7
   5.61003351               7
   5.62003374               7
   5.63003397               7
   5.64003420               7
   5.65003443               7
   5.66003466               7
   5.67003489               7
   5.68003511               7
   5.69003534               7
   5.70003557               7
   5.71003580               7
   5.72003603               7
   5.73003626               7
   5.74003649               7
   5.75003672               7
   5.76003695               7
   5.77003717               7
   5.78003740               7
   5.79003763               7
   5.80003786               7
   5.81003809               7
   5.82003832               7
   5.83003855               7
   5.84003878               7
   5.85003901               6
   5.86003923               6
   5.87003946               6
   5.88003969               5
   5.89003992               4
   5.90004015               4
   5.91004038               4
   5.92004061               4
   5.93004084               4
   5.94004107               4
   5.95004129               4
   5.96004152               4
   5.97004175               4
   5.98004198               4
   5.99004221               4
   6.00004244               4
   6.01004267               4
   6.02004290               4
   6.03004313               4
   6.04004335               4
   6.05004358               4
   6.06004381               4
   6.07004404               4
   6.08004427               4
   6.09004450               4
   6.10004473               4
   6.11004496               4
   6.12004519               4
   6.13004541               4
   6.14004564               4
   6.15004587               4
   6.16004610               4
   6.17004633               4
   6.18004656               4
   6.19004679               4
   6.20004702               4
   6.21004725               4
   6.22004747               4
   6.23004770               4
   6.24004793               4
   6.25004816               4
   6.26004839               4
   6.27004862               4
   6.28004885               4
   6.29004908               4
   6.30004930               4
   6.31004953               4
   6.32004976               4
   6.33004999               4
   6.34005022               4
   6.35005045               4
   6.36005068               4
   6.37005091               4
   6.38005114               4
   6.39005136               4
   6.40005159               4
   6.41005182               4
   6.42005205               4
   6.43005228               4
   6.44005251               4
   6.45005274               4
   6.46005297               4
   6.47005320               4
   6.48005342               4
   6.49005365               4
   6.50005388               4
   6.51005411               4
   6.52005434               4
   6.53005457               4
   6.54005480               4
   6.55005503               4
   6.56005526               4
   6.57005548               4
   6.58005571               4
   6.59005594               4
   6.60005617               4
   6.61005640               4
   6.62005663               3
   6.63005686               3
   6.64005709               3
   6.65005732               3
   6.66005754               3
   6.67005777               3
   6.68005800               3
   6.69005823               3
   6.70005846               3
   6.71005869               3
   6.72005892               3
   6.73005915               3
   6.74005938               3
   6.75005960               3
   6.76005983               3
   6.77006006               3
   6.78006029               3
   6.79006052               3
   6.80006075               3
   6.81006098               3
   6.82006121               3
   6.83006144               3
   6.84006166               3
   6.85006189               3
   6.86006212               3
   6.87006235               3
   6.88006258               3
   6.89006281               3
   6.90006304               3
   6.91006327               3
   6.92006350               3
   6.93006372               3
   6.94006395               3
   6.95006418               3
   6.96006441               3
   6.97006464               3
   6.98006487               3
   6.99006510               3
   7.00006533               3
   7.01006556               3
   7.02006578               3
   7.03006601               3
   7.04006624               3
   7.05006647               3
   7.06006670               3
   7.07006693               3
   7.08006716               3
   7.09006739               3
   7.10006762               3
   7.11006784               3
   7.12006807               3
   7.13006830               3
   7.14006853               3
   7.15006876               3
   7.16006899               3
   7.17006922               3
   7.18006945               3
   7.19006968               3
   7.20006990               3
   7.21007013               3
   7.22007036               3
   7.23007059               3
   7.24007082               3
   7.25007105               3
   7.26007128               3
   7.27007151               3
   7.28007174               3
   7.29007196               3
   7.30007219               3
   7.31007242               3
   7.32007265               3
   7.33007288               3
   7.34007311               3
   7.35007334               3
   7.36007357               3
   7.37007380               3
   7.38007402               3
   7.39007425               3
   7.40007448               3
   7.41007471               3
   7.42007494               3
   7.43007517               2
   7.44007540               2
   7.45007563               2
   7.46007586               2
   7.47007608               2
   7.48007631               2
   7.49007654               2
   7.50007677               2
   7.51007700               2
   7.52007723               2
   7.53007746               2
   7.54007769               2
   7.55007792               2
   7.56007814               2
   7.57007837               2
   7.58007860               2
   7.59007883               2
   7.60007906               2
   7.61007929               2
   7.62007952               2
   7.63007975               2
   7.64007998               2
   7.65008020               2
   7.66008043               2
   7.67008066               2
   7.68008089               2
   7.69008112               2
   7.70008135               2
   7.71008158               2
   7.72008181               2
   7.73008204               2
   7.74008226               2
   7.75008249               2
   7.76008272               2
   7.77008295               2
   7.78008318               2
   7.79008341               2
   7.80008364               2
   7.81008387               2
   7.82008410               2
   7.83008432               2
   7.84008455               2
   7.85008478               2
   7.86008501               2
   7.87008524               2
   7.88008547               2
   7.89008570               2
   7.90008593               2
   7.91008615               2
   7.92008638               2
   7.93008661               2
   7.94008684               2
   7.95008707               2
   7.96008730               2
   7.97008753               2
   7.98008776               2
   7.99008799               2
   8.00008774               2
