   0.00000000             993
   9.99999978E-03         982
   1.99999996E-02         971
   2.99999993E-02         955
   3.99999991E-02         944
   4.99999970E-02         936
   5.99999949E-02         930
   6.99999928E-02         917
   7.99999908E-02         906
   8.99999887E-02         891
   9.99999866E-02         886
  0.109999985             880
  0.119999982             875
  0.129999980             870
  0.139999986             863
  0.149999991             854
  0.159999996             846
  0.170000002             837
  0.180000007             832
  0.190000013             824
  0.200000018             819
  0.210000023             809
  0.220000029             802
  0.230000034             789
  0.240000039             776
  0.250000030             772
  0.260000020             763
  0.270000011             750
  0.280000001             742
  0.289999992             733
  0.299999982             728
  0.309999973             719
  0.319999963             716
  0.329999954             712
  0.339999944             701
  0.349999934             690
  0.359999925             684
  0.369999915             676
  0.379999906             671
  0.389999896             666
  0.399999887             658
  0.409999877             653
  0.419999868             646
  0.429999858             643
  0.439999849             636
  0.449999839             631
  0.459999830             627
  0.469999820             619
  0.479999810             613
  0.489999801             612
  0.499999791             605
  0.509999812             597
  0.519999802             593
  0.529999793             587
  0.539999783             581
  0.549999774             577
  0.559999764             574
  0.569999754             568
  0.579999745             559
  0.589999735             553
  0.599999726             548
  0.609999716             542
  0.619999707             533
  0.629999697             526
  0.639999688             520
  0.649999678             513
  0.659999669             509
  0.669999659             505
  0.679999650             501
  0.689999640             495
  0.699999630             489
  0.709999621             487
  0.719999611             482
  0.729999602             479
  0.739999592             476
  0.749999583             473
  0.759999573             464
  0.769999564             457
  0.779999554             456
  0.789999545             453
  0.799999535             448
  0.809999526             444
  0.819999516             442
  0.829999506             437
  0.839999497             430
  0.849999487             427
  0.859999478             416
  0.869999468             412
  0.879999459             406
  0.889999449             404
  0.899999440             400
  0.909999430             398
  0.919999421             394
  0.929999411             391
  0.939999402             389
  0.949999392             387
  0.959999382             385
  0.969999373             382
  0.979999363             377
  0.989999354             371
  0.999999344             368
   1.00999939             364
   1.01999938             359
   1.02999938             354
   1.03999937             347
   1.04999936             342
   1.05999935             339
   1.06999934             337
   1.07999933             330
   1.08999932             323
   1.09999931             322
   1.10999930             320
   1.11999929             318
   1.12999928             310
   1.13999927             307
   1.14999926             307
   1.15999925             304
   1.16999924             300
   1.17999923             298
   1.18999922             294
   1.19999921             292
   1.20999920             289
   1.21999919             289
   1.22999918             287
   1.23999918             285
   1.24999917             282
   1.25999916             280
   1.26999915             276
   1.27999914             272
   1.28999913             268
   1.29999912             268
   1.30999911             264
   1.31999910             261
   1.32999909             260
   1.33999908             252
   1.34999907             249
   1.35999906             247
   1.36999905             247
   1.37999904             244
   1.38999903             240
   1.39999902             240
   1.40999901             238
   1.41999900             234
   1.42999899             229
   1.43999898             225
   1.44999897             221
   1.45999897             215
   1.46999896             214
   1.47999895             213
   1.48999894             212
   1.49999893             209
   1.50999892             206
   1.51999891             204
   1.52999890             203
   1.53999889             202
   1.54999888             200
   1.55999887             199
   1.56999886             196
   1.57999885             194
   1.58999884             191
   1.59999883             190
   1.60999882             189
   1.61999881             188
   1.62999880             186
   1.63999879             184
   1.64999878             183
   1.65999877             183
   1.66999876             180
   1.67999876             179
   1.68999875             172
   1.69999874             169
   1.70999873             167
   1.71999872             164
   1.72999871             163
   1.73999870             160
   1.74999869             158
   1.75999868             158
   1.76999867             157
   1.77999866             156
   1.78999865             153
   1.79999864             151
   1.80999863             151
   1.81999862             149
   1.82999861             148
   1.83999860             147
   1.84999859             146
   1.85999858             146
   1.86999857             144
   1.87999856             142
   1.88999856             140
   1.89999855             140
   1.90999854             139
   1.91999853             138
   1.92999852             137
   1.93999851             137
   1.94999850             134
   1.95999849             134
   1.96999848             132
   1.97999847             132
   1.98999846             131
   1.99999845             129
   2.00999856             129
   2.01999855             128
   2.02999854             126
   2.03999853             123
   2.04999852             122
   2.05999851             119
   2.06999850             118
   2.07999849             118
   2.08999848             116
   2.09999847             115
   2.10999846             115
   2.11999846             115
   2.12999845             113
   2.13999844             111
   2.14999843             111
   2.15999842             109
   2.16999841             109
   2.17999840             107
   2.18999839             107
   2.19999838             106
   2.20999837             105
   2.21999836             102
   2.22999835             100
   2.23999834             100
   2.24999833             100
   2.25999832              98
   2.26999831              95
   2.27999830              95
   2.28999829              95
   2.29999828              95
   2.30999827              95
   2.31999826              94
   2.32999825              93
   2.33999825              93
   2.34999824              93
   2.35999823              91
   2.36999822              91
   2.37999821              90
   2.38999820              89
   2.39999819              89
   2.40999818              88
   2.41999817              86
   2.42999816              83
   2.43999815              83
   2.44999814              83
   2.45999813              81
   2.46999812              80
   2.47999811              79
   2.48999810              78
   2.49999809              77
   2.50999808              75
   2.51999807              75
   2.52999806              74
   2.53999805              74
   2.54999804              74
   2.55999804              74
   2.56999803              74
   2.57999802              74
   2.58999801              74
   2.59999800              73
   2.60999799              73
   2.61999798              72
   2.62999797              70
   2.63999796              69
   2.64999795              68
   2.65999794              67
   2.66999793              67
   2.67999792              67
   2.68999791              66
   2.69999790              66
   2.70999789              63
   2.71999788              62
   2.72999787              62
   2.73999786              61
   2.74999785              61
   2.75999784              60
   2.76999784              59
   2.77999783              59
   2.78999782              59
   2.79999781              57
   2.80999780              57
   2.81999779              55
   2.82999778              54
   2.83999777              52
   2.84999776              52
   2.85999775              52
   2.86999774              50
   2.87999773              50
   2.88999772              50
   2.89999771              49
   2.90999770              49
   2.91999769              49
   2.92999768              49
   2.93999767              49
   2.94999766              47
   2.95999765              47
   2.96999764              46
   2.97999763              46
   2.98999763              46
   2.99999762              45
   3.00999761              44
   3.01999760              44
   3.02999759              43
   3.03999758              42
   3.04999757              42
   3.05999756              42
   3.06999755              41
   3.07999754              41
   3.08999753              41
   3.09999752              41
   3.10999751              40
   3.11999750              40
   3.12999749              39
   3.13999748              39
   3.14999747              39
   3.15999746              39
   3.16999745              39
   3.17999744              39
   3.18999743              39
   3.19999743              39
   3.20999742              39
   3.21999741              38
   3.22999740              38
   3.23999739              38
   3.24999738              37
   3.25999737              36
   3.26999736              36
   3.27999735              36
   3.28999734              36
   3.29999733              36
   3.30999732              35
   3.31999731              34
   3.32999730              34
   3.33999729              34
   3.34999728              33
   3.35999727              32
   3.36999726              30
   3.37999725              30
   3.38999724              30
   3.39999723              30
   3.40999722              30
   3.41999722              30
   3.42999721              30
   3.43999720              30
   3.44999719              30
   3.45999718              29
   3.46999717              29
   3.47999716              29
   3.48999715              29
   3.49999714              29
   3.50999713              29
   3.51999712              29
   3.52999711              28
   3.53999710              27
   3.54999709              27
   3.55999708              26
   3.56999707              26
   3.57999706              25
   3.58999705              24
   3.59999704              24
   3.60999703              24
   3.61999702              24
   3.62999701              24
   3.63999701              24
   3.64999700              23
   3.65999699              23
   3.66999698              23
   3.67999697              23
   3.68999696              23
   3.69999695              23
   3.70999694              23
   3.71999693              22
   3.72999692              22
   3.73999691              22
   3.74999690              21
   3.75999689              21
   3.76999688              20
   3.77999687              20
   3.78999686              20
   3.79999685              20
   3.80999684              20
   3.81999683              19
   3.82999682              19
   3.83999681              19
   3.84999681              19
   3.85999680              19
   3.86999679              19
   3.87999678              18
   3.88999677              18
   3.89999676              18
   3.90999675              18
   3.91999674              18
   3.92999673              18
   3.93999672              18
   3.94999671              18
   3.95999670              18
   3.96999669              18
   3.97999668              17
   3.98999667              17
   3.99999666              17
   4.00999689              16
   4.01999712              15
   4.02999735              15
   4.03999758              15
   4.04999781              15
   4.05999804              15
   4.06999826              15
   4.07999849              15
   4.08999872              14
   4.09999895              14
   4.10999918              14
   4.11999941              14
   4.12999964              13
   4.13999987              13
   4.15000010              13
   4.16000032              13
   4.17000055              13
   4.18000078              13
   4.19000101              13
   4.20000124              13
   4.21000147              13
   4.22000170              13
   4.23000193              13
   4.24000216              13
   4.25000238              13
   4.26000261              13
   4.27000284              13
   4.28000307              13
   4.29000330              13
   4.30000353              12
   4.31000376              12
   4.32000399              12
   4.33000422              12
   4.34000444              12
   4.35000467              12
   4.36000490              12
   4.37000513              12
   4.38000536              12
   4.39000559              11
   4.40000582              11
   4.41000605              11
   4.42000628              11
   4.43000650              11
   4.44000673              11
   4.45000696              11
   4.46000719              11
   4.47000742              11
   4.48000765              10
   4.49000788              10
   4.50000811              10
   4.51000834              10
   4.52000856              10
   4.53000879              10
   4.54000902              10
   4.55000925              10
   4.56000948               9
   4.57000971               9
   4.58000994               9
   4.59001017               9
   4.60001040               9
   4.61001062               9
   4.62001085               9
   4.63001108               9
   4.64001131               9
   4.65001154               9
   4.66001177               9
   4.67001200               8
   4.68001223               8
   4.69001245               8
   4.70001268               8
   4.71001291               8
   4.72001314               8
   4.73001337               8
   4.74001360               8
   4.75001383               8
   4.76001406               8
   4.77001429               8
   4.78001451               8
   4.79001474               8
   4.80001497               8
   4.81001520               7
   4.82001543               7
   4.83001566               6
   4.84001589               6
   4.85001612               6
   4.86001635               6
   4.87001657               6
   4.88001680               6
   4.89001703               6
   4.90001726               5
   4.91001749               5
   4.92001772               5
   4.93001795               5
   4.94001818               5
   4.95001841               5
   4.96001863               5
   4.97001886               4
   4.98001909               4
   4.99001932               4
   5.00001955               4
   5.01001978               3
   5.02002001               3
   5.03002024               3
   5.04002047               2
   5.05002069               2
   5.06002092               2
   5.07002115               2
   5.08002138               2
   5.09002161               2
   5.10002184               2
   5.11002207               2
   5.12002230               2
   5.13002253               2
   5.14002275               2
   5.15002298               2
   5.16002321               2
   5.17002344               2
   5.18002367               2
   5.19002390               2
   5.20002413               2
   5.21002436               2
   5.22002459               2
   5.23002481               2
   5.24002504               2
   5.25002527               2
   5.26002550               2
   5.27002573               2
   5.28002596               2
   5.29002619               2
   5.30002642               2
   5.31002665               2
   5.32002687               2
   5.33002710               2
   5.34002733               2
   5.35002756               2
   5.36002779               2
   5.37002802               2
   5.38002825               2
   5.39002848               2
   5.40002871               2
   5.41002893               2
   5.42002916               2
   5.43002939               2
   5.44002962               2
   5.45002985               2
   5.46003008               2
   5.47003031               2
   5.48003054               2
   5.49003077               2
   5.50003099               2
   5.51003122               2
   5.52003145               2
   5.53003168               2
   5.54003191               2
   5.55003214               2
   5.56003237               2
   5.57003260               2
   5.58003283               2
   5.59003305               2
   5.60003328               2
   5.61003351               2
   5.62003374               2
   5.63003397               2
   5.64003420               2
   5.65003443               2
   5.66003466               2
   5.67003489               2
   5.68003511               2
   5.69003534               2
   5.70003557               2
   5.71003580               2
   5.72003603               2
   5.73003626               2
   5.74003649               2
   5.75003672               2
   5.76003695               1
   5.77003717               1
   5.78003740               1
   5.79003763               1
   5.80003786               1
   5.81003809               1
   5.82003832               1
   5.83003855               1
   5.84003878               1
   5.85003901               1
   5.86003923               1
   5.87003946               1
   5.88003969               1
   5.89003992               1
   5.90004015               1
   5.91004038               1
   5.92004061               1
   5.93004084               1
   5.94004107               1
   5.95004129               1
   5.96004152               1
   5.97004175               1
   5.98004198               1
   5.99004221               1
   6.00004244               1
   6.01004267               1
   6.02004290               1
   6.03004313               1
   6.04004335               1
   6.05004358               1
   6.06004381               1
   6.07004404               1
   6.08004427               1
   6.09004450               1
   6.10004473               1
   6.11004496               1
   6.12004519               1
   6.13004541               1
   6.14004564               1
   6.15004587               1
   6.16004610               1
   6.17004633               1
   6.18004656               1
   6.19004679               1
   6.20004702               1
   6.21004725               1
   6.22004747               1
   6.23004770               1
   6.24004793               1
   6.25004816               1
   6.26004839               1
   6.27004862               1
   6.28004885               1
   6.29004908               1
   6.30004930               1
   6.31004953               1
   6.32004976               1
   6.33004999               1
   6.34005022               1
   6.35005045               1
   6.36005068               1
   6.37005091               1
   6.38005114               1
   6.39005136               1
   6.40005159               1
   6.41005182               1
   6.42005205               1
   6.43005228               1
   6.44005251               1
   6.45005274               1
   6.46005297               1
   6.47005320               1
   6.48005342               1
   6.49005365               1
   6.50005388               1
   6.51005411               1
   6.52005434               1
   6.53005457               0
   6.54005480               0
   6.55005503               0
   6.56005526               0
   6.57005548               0
   6.58005571               0
   6.59005594               0
   6.60005617               0
   6.61005640               0
   6.62005663               0
   6.63005686               0
   6.64005709               0
   6.65005732               0
   6.66005754               0
   6.67005777               0
   6.68005800               0
   6.69005823               0
   6.70005846               0
   6.71005869               0
   6.72005892               0
   6.73005915               0
   6.74005938               0
   6.75005960               0
   6.76005983               0
   6.77006006               0
   6.78006029               0
   6.79006052               0
   6.80006075               0
   6.81006098               0
   6.82006121               0
   6.83006144               0
   6.84006166               0
   6.85006189               0
   6.86006212               0
   6.87006235               0
   6.88006258               0
   6.89006281               0
   6.90006304               0
   6.91006327               0
   6.92006350               0
   6.93006372               0
   6.94006395               0
   6.95006418               0
   6.96006441               0
   6.97006464               0
   6.98006487               0
   6.99006510               0
   7.00006533               0
   7.01006556               0
   7.02006578               0
   7.03006601               0
   7.04006624               0
   7.05006647               0
   7.06006670               0
   7.07006693               0
   7.08006716               0
   7.09006739               0
   7.10006762               0
   7.11006784               0
   7.12006807               0
   7.13006830               0
   7.14006853               0
   7.15006876               0
   7.16006899               0
   7.17006922               0
   7.18006945               0
   7.19006968               0
   7.20006990               0
   7.21007013               0
   7.22007036               0
   7.23007059               0
   7.24007082               0
   7.25007105               0
   7.26007128               0
   7.27007151               0
   7.28007174               0
   7.29007196               0
   7.30007219               0
   7.31007242               0
   7.32007265               0
   7.33007288               0
   7.34007311               0
   7.35007334               0
   7.36007357               0
   7.37007380               0
   7.38007402               0
   7.39007425               0
   7.40007448               0
   7.41007471               0
   7.42007494               0
   7.43007517               0
   7.44007540               0
   7.45007563               0
   7.46007586               0
   7.47007608               0
   7.48007631               0
   7.49007654               0
   7.50007677               0
   7.51007700               0
   7.52007723               0
   7.53007746               0
   7.54007769               0
   7.55007792               0
   7.56007814               0
   7.57007837               0
   7.58007860               0
   7.59007883               0
   7.60007906               0
   7.61007929               0
   7.62007952               0
   7.63007975               0
   7.64007998               0
   7.65008020               0
   7.66008043               0
   7.67008066               0
   7.68008089               0
   7.69008112               0
   7.70008135               0
   7.71008158               0
   7.72008181               0
   7.73008204               0
   7.74008226               0
   7.75008249               0
   7.76008272               0
   7.77008295               0
   7.78008318               0
   7.79008341               0
   7.80008364               0
   7.81008387               0
   7.82008410               0
   7.83008432               0
   7.84008455               0
   7.85008478               0
   7.86008501               0
   7.87008524               0
   7.88008547               0
   7.89008570               0
   7.90008593               0
   7.91008615               0
   7.92008638               0
   7.93008661               0
   7.94008684               0
   7.95008707               0
   7.96008730               0
   7.97008753               0
   7.98008776               0
   7.99008799               0
   8.00008774               0
