   0.00000000             989
   9.99999978E-03         976
   1.99999996E-02         969
   2.99999993E-02         960
   3.99999991E-02         953
   4.99999970E-02         945
   5.99999949E-02         932
   6.99999928E-02         919
   7.99999908E-02         909
   8.99999887E-02         900
   9.99999866E-02         889
  0.109999985             880
  0.119999982             872
  0.129999980             861
  0.139999986             853
  0.149999991             846
  0.159999996             840
  0.170000002             830
  0.180000007             823
  0.190000013             808
  0.200000018             802
  0.210000023             794
  0.220000029             783
  0.230000034             778
  0.240000039             774
  0.250000030             761
  0.260000020             757
  0.270000011             753
  0.280000001             746
  0.289999992             735
  0.299999982             724
  0.309999973             718
  0.319999963             708
  0.329999954             699
  0.339999944             692
  0.349999934             690
  0.359999925             684
  0.369999915             678
  0.379999906             668
  0.389999896             660
  0.399999887             653
  0.409999877             645
  0.419999868             641
  0.429999858             638
  0.439999849             627
  0.449999839             623
  0.459999830             617
  0.469999820             609
  0.479999810             599
  0.489999801             594
  0.499999791             589
  0.509999812             584
  0.519999802             577
  0.529999793             568
  0.539999783             560
  0.549999774             554
  0.559999764             545
  0.569999754             537
  0.579999745             533
  0.589999735             527
  0.599999726             525
  0.609999716             523
  0.619999707             517
  0.629999697             510
  0.639999688             500
  0.649999678             498
  0.659999669             495
  0.669999659             488
  0.679999650             481
  0.689999640             475
  0.699999630             470
  0.709999621             464
  0.719999611             460
  0.729999602             458
  0.739999592             452
  0.749999583             448
  0.759999573             440
  0.769999564             439
  0.779999554             431
  0.789999545             422
  0.799999535             415
  0.809999526             410
  0.819999516             406
  0.829999506             402
  0.839999497             398
  0.849999487             395
  0.859999478             389
  0.869999468             386
  0.879999459             380
  0.889999449             377
  0.899999440             375
  0.909999430             373
  0.919999421             369
  0.929999411             367
  0.939999402             361
  0.949999392             358
  0.959999382             352
  0.969999373             350
  0.979999363             346
  0.989999354             343
  0.999999344             340
   1.00999939             335
   1.01999938             332
   1.02999938             330
   1.03999937             329
   1.04999936             325
   1.05999935             321
   1.06999934             318
   1.07999933             313
   1.08999932             305
   1.09999931             302
   1.10999930             298
   1.11999929             295
   1.12999928             290
   1.13999927             286
   1.14999926             285
   1.15999925             283
   1.16999924             280
   1.17999923             277
   1.18999922             276
   1.19999921             272
   1.20999920             269
   1.21999919             268
   1.22999918             265
   1.23999918             261
   1.24999917             259
   1.25999916             256
   1.26999915             253
   1.27999914             250
   1.28999913             247
   1.29999912             244
   1.30999911             241
   1.31999910             239
   1.32999909             237
   1.33999908             237
   1.34999907             235
   1.35999906             232
   1.36999905             230
   1.37999904             225
   1.38999903             221
   1.39999902             217
   1.40999901             215
   1.41999900             214
   1.42999899             211
   1.43999898             211
   1.44999897             209
   1.45999897             208
   1.46999896             206
   1.47999895             204
   1.48999894             203
   1.49999893             199
   1.50999892             198
   1.51999891             194
   1.52999890             193
   1.53999889             193
   1.54999888             192
   1.55999887             189
   1.56999886             188
   1.57999885             186
   1.58999884             183
   1.59999883             182
   1.60999882             181
   1.61999881             179
   1.62999880             176
   1.63999879             173
   1.64999878             172
   1.65999877             170
   1.66999876             166
   1.67999876             164
   1.68999875             163
   1.69999874             162
   1.70999873             160
   1.71999872             157
   1.72999871             157
   1.73999870             153
   1.74999869             151
   1.75999868             149
   1.76999867             146
   1.77999866             146
   1.78999865             146
   1.79999864             144
   1.80999863             143
   1.81999862             142
   1.82999861             142
   1.83999860             140
   1.84999859             140
   1.85999858             139
   1.86999857             138
   1.87999856             137
   1.88999856             136
   1.89999855             135
   1.90999854             134
   1.91999853             133
   1.92999852             133
   1.93999851             131
   1.94999850             131
   1.95999849             128
   1.96999848             126
   1.97999847             126
   1.98999846             126
   1.99999845             125
   2.00999856             121
   2.01999855             120
   2.02999854             120
   2.03999853             120
   2.04999852             118
   2.05999851             118
   2.06999850             118
   2.07999849             117
   2.08999848             117
   2.09999847             117
   2.10999846             115
   2.11999846             112
   2.12999845             111
   2.13999844             111
   2.14999843             110
   2.15999842             108
   2.16999841             107
   2.17999840             106
   2.18999839             106
   2.19999838             105
   2.20999837             105
   2.21999836             105
   2.22999835             103
   2.23999834             102
   2.24999833             102
   2.25999832              98
   2.26999831              98
   2.27999830              94
   2.28999829              94
   2.29999828              93
   2.30999827              92
   2.31999826              90
   2.32999825              87
   2.33999825              86
   2.34999824              86
   2.35999823              85
   2.36999822              85
   2.37999821              85
   2.38999820              84
   2.39999819              84
   2.40999818              83
   2.41999817              83
   2.42999816              83
   2.43999815              81
   2.44999814              81
   2.45999813              81
   2.46999812              81
   2.47999811              79
   2.48999810              77
   2.49999809              77
   2.50999808              77
   2.51999807              77
   2.52999806              77
   2.53999805              77
   2.54999804              77
   2.55999804              75
   2.56999803              74
   2.57999802              74
   2.58999801              71
   2.59999800              71
   2.60999799              70
   2.61999798              69
   2.62999797              69
   2.63999796              68
   2.64999795              68
   2.65999794              67
   2.66999793              65
   2.67999792              63
   2.68999791              63
   2.69999790              62
   2.70999789              62
   2.71999788              62
   2.72999787              61
   2.73999786              60
   2.74999785              60
   2.75999784              59
   2.76999784              59
   2.77999783              59
   2.78999782              59
   2.79999781              59
   2.80999780              57
   2.81999779              56
   2.82999778              55
   2.83999777              53
   2.84999776              53
   2.85999775              53
   2.86999774              51
   2.87999773              51
   2.88999772              49
   2.89999771              48
   2.90999770              48
   2.91999769              48
   2.92999768              47
   2.93999767              47
   2.94999766              47
   2.95999765              47
   2.96999764              47
   2.97999763              47
   2.98999763              46
   2.99999762              45
   3.00999761              45
   3.01999760              43
   3.02999759              43
   3.03999758              43
   3.04999757              43
   3.05999756              42
   3.06999755              42
   3.07999754              41
   3.08999753              41
   3.09999752              41
   3.10999751              41
   3.11999750              41
   3.12999749              41
   3.13999748              41
   3.14999747              39
   3.15999746              39
   3.16999745              39
   3.17999744              39
   3.18999743              38
   3.19999743              38
   3.20999742              38
   3.21999741              38
   3.22999740              38
   3.23999739              38
   3.24999738              37
   3.25999737              37
   3.26999736              37
   3.27999735              37
   3.28999734              37
   3.29999733              37
   3.30999732              37
   3.31999731              36
   3.32999730              36
   3.33999729              36
   3.34999728              35
   3.35999727              35
   3.36999726              35
   3.37999725              35
   3.38999724              34
   3.39999723              33
   3.40999722              31
   3.41999722              31
   3.42999721              31
   3.43999720              31
   3.44999719              31
   3.45999718              31
   3.46999717              30
   3.47999716              28
   3.48999715              28
   3.49999714              28
   3.50999713              28
   3.51999712              28
   3.52999711              28
   3.53999710              28
   3.54999709              27
   3.55999708              27
   3.56999707              27
   3.57999706              27
   3.58999705              27
   3.59999704              27
   3.60999703              27
   3.61999702              26
   3.62999701              26
   3.63999701              26
   3.64999700              26
   3.65999699              26
   3.66999698              26
   3.67999697              26
   3.68999696              25
   3.69999695              25
   3.70999694              25
   3.71999693              25
   3.72999692              25
   3.73999691              25
   3.74999690              24
   3.75999689              24
   3.76999688              24
   3.77999687              23
   3.78999686              22
   3.79999685              22
   3.80999684              22
   3.81999683              22
   3.82999682              21
   3.83999681              20
   3.84999681              20
   3.85999680              20
   3.86999679              20
   3.87999678              20
   3.88999677              20
   3.89999676              20
   3.90999675              20
   3.91999674              19
   3.92999673              18
   3.93999672              18
   3.94999671              18
   3.95999670              18
   3.96999669              18
   3.97999668              18
   3.98999667              18
   3.99999666              18
   4.00999689              18
   4.01999712              18
   4.02999735              18
   4.03999758              17
   4.04999781              16
   4.05999804              15
   4.06999826              15
   4.07999849              14
   4.08999872              14
   4.09999895              14
   4.10999918              13
   4.11999941              12
   4.12999964              12
   4.13999987              11
   4.15000010              11
   4.16000032              11
   4.17000055              10
   4.18000078              10
   4.19000101               9
   4.20000124               8
   4.21000147               8
   4.22000170               8
   4.23000193               8
   4.24000216               7
   4.25000238               7
   4.26000261               7
   4.27000284               7
   4.28000307               7
   4.29000330               7
   4.30000353               7
   4.31000376               6
   4.32000399               6
   4.33000422               6
   4.34000444               6
   4.35000467               6
   4.36000490               6
   4.37000513               6
   4.38000536               6
   4.39000559               5
   4.40000582               5
   4.41000605               5
   4.42000628               5
   4.43000650               5
   4.44000673               5
   4.45000696               5
   4.46000719               4
   4.47000742               4
   4.48000765               4
   4.49000788               4
   4.50000811               4
   4.51000834               4
   4.52000856               4
   4.53000879               4
   4.54000902               4
   4.55000925               4
   4.56000948               4
   4.57000971               4
   4.58000994               4
   4.59001017               4
   4.60001040               4
   4.61001062               4
   4.62001085               4
   4.63001108               4
   4.64001131               4
   4.65001154               4
   4.66001177               4
   4.67001200               4
   4.68001223               4
   4.69001245               4
   4.70001268               4
   4.71001291               4
   4.72001314               4
   4.73001337               4
   4.74001360               4
   4.75001383               4
   4.76001406               4
   4.77001429               4
   4.78001451               4
   4.79001474               4
   4.80001497               4
   4.81001520               4
   4.82001543               4
   4.83001566               4
   4.84001589               4
   4.85001612               4
   4.86001635               4
   4.87001657               4
   4.88001680               4
   4.89001703               4
   4.90001726               4
   4.91001749               4
   4.92001772               4
   4.93001795               4
   4.94001818               4
   4.95001841               4
   4.96001863               4
   4.97001886               4
   4.98001909               4
   4.99001932               4
   5.00001955               4
   5.01001978               4
   5.02002001               4
   5.03002024               4
   5.04002047               4
   5.05002069               4
   5.06002092               4
   5.07002115               4
   5.08002138               4
   5.09002161               4
   5.10002184               4
   5.11002207               4
   5.12002230               4
   5.13002253               4
   5.14002275               4
   5.15002298               4
   5.16002321               4
   5.17002344               4
   5.18002367               4
   5.19002390               4
   5.20002413               4
   5.21002436               4
   5.22002459               4
   5.23002481               4
   5.24002504               4
   5.25002527               4
   5.26002550               4
   5.27002573               4
   5.28002596               4
   5.29002619               4
   5.30002642               4
   5.31002665               4
   5.32002687               4
   5.33002710               4
   5.34002733               4
   5.35002756               4
   5.36002779               4
   5.37002802               4
   5.38002825               4
   5.39002848               4
   5.40002871               4
   5.41002893               4
   5.42002916               4
   5.43002939               4
   5.44002962               4
   5.45002985               4
   5.46003008               4
   5.47003031               4
   5.48003054               4
   5.49003077               4
   5.50003099               4
   5.51003122               4
   5.52003145               4
   5.53003168               4
   5.54003191               4
   5.55003214               4
   5.56003237               4
   5.57003260               4
   5.58003283               4
   5.59003305               4
   5.60003328               4
   5.61003351               4
   5.62003374               4
   5.63003397               4
   5.64003420               4
   5.65003443               4
   5.66003466               4
   5.67003489               4
   5.68003511               4
   5.69003534               4
   5.70003557               4
   5.71003580               4
   5.72003603               4
   5.73003626               4
   5.74003649               4
   5.75003672               4
   5.76003695               4
   5.77003717               4
   5.78003740               4
   5.79003763               4
   5.80003786               4
   5.81003809               4
   5.82003832               4
   5.83003855               4
   5.84003878               4
   5.85003901               4
   5.86003923               4
   5.87003946               4
   5.88003969               4
   5.89003992               3
   5.90004015               3
   5.91004038               3
   5.92004061               3
   5.93004084               3
   5.94004107               3
   5.95004129               3
   5.96004152               3
   5.97004175               3
   5.98004198               3
   5.99004221               3
   6.00004244               3
   6.01004267               3
   6.02004290               3
   6.03004313               3
   6.04004335               3
   6.05004358               2
   6.06004381               2
   6.07004404               1
   6.08004427               1
   6.09004450               1
   6.10004473               1
   6.11004496               1
   6.12004519               1
   6.13004541               1
   6.14004564               1
   6.15004587               1
   6.16004610               1
   6.17004633               1
   6.18004656               1
   6.19004679               1
   6.20004702               1
   6.21004725               1
   6.22004747               1
   6.23004770               1
   6.24004793               1
   6.25004816               1
   6.26004839               1
   6.27004862               1
   6.28004885               1
   6.29004908               1
   6.30004930               1
   6.31004953               1
   6.32004976               1
   6.33004999               1
   6.34005022               1
   6.35005045               1
   6.36005068               1
   6.37005091               1
   6.38005114               1
   6.39005136               1
   6.40005159               1
   6.41005182               1
   6.42005205               1
   6.43005228               1
   6.44005251               1
   6.45005274               1
   6.46005297               1
   6.47005320               1
   6.48005342               1
   6.49005365               1
   6.50005388               1
   6.51005411               1
   6.52005434               1
   6.53005457               1
   6.54005480               1
   6.55005503               1
   6.56005526               1
   6.57005548               1
   6.58005571               1
   6.59005594               1
   6.60005617               1
   6.61005640               1
   6.62005663               1
   6.63005686               1
   6.64005709               1
   6.65005732               1
   6.66005754               1
   6.67005777               1
   6.68005800               1
   6.69005823               1
   6.70005846               1
   6.71005869               1
   6.72005892               1
   6.73005915               1
   6.74005938               1
   6.75005960               1
   6.76005983               1
   6.77006006               1
   6.78006029               1
   6.79006052               1
   6.80006075               1
   6.81006098               1
   6.82006121               1
   6.83006144               1
   6.84006166               1
   6.85006189               1
   6.86006212               1
   6.87006235               1
   6.88006258               1
   6.89006281               1
   6.90006304               1
   6.91006327               1
   6.92006350               1
   6.93006372               1
   6.94006395               1
   6.95006418               1
   6.96006441               1
   6.97006464               1
   6.98006487               1
   6.99006510               1
   7.00006533               1
   7.01006556               1
   7.02006578               1
   7.03006601               1
   7.04006624               1
   7.05006647               1
   7.06006670               1
   7.07006693               1
   7.08006716               1
   7.09006739               1
   7.10006762               1
   7.11006784               1
   7.12006807               1
   7.13006830               1
   7.14006853               0
   7.15006876               0
   7.16006899               0
   7.17006922               0
   7.18006945               0
   7.19006968               0
   7.20006990               0
   7.21007013               0
   7.22007036               0
   7.23007059               0
   7.24007082               0
   7.25007105               0
   7.26007128               0
   7.27007151               0
   7.28007174               0
   7.29007196               0
   7.30007219               0
   7.31007242               0
   7.32007265               0
   7.33007288               0
   7.34007311               0
   7.35007334               0
   7.36007357               0
   7.37007380               0
   7.38007402               0
   7.39007425               0
   7.40007448               0
   7.41007471               0
   7.42007494               0
   7.43007517               0
   7.44007540               0
   7.45007563               0
   7.46007586               0
   7.47007608               0
   7.48007631               0
   7.49007654               0
   7.50007677               0
   7.51007700               0
   7.52007723               0
   7.53007746               0
   7.54007769               0
   7.55007792               0
   7.56007814               0
   7.57007837               0
   7.58007860               0
   7.59007883               0
   7.60007906               0
   7.61007929               0
   7.62007952               0
   7.63007975               0
   7.64007998               0
   7.65008020               0
   7.66008043               0
   7.67008066               0
   7.68008089               0
   7.69008112               0
   7.70008135               0
   7.71008158               0
   7.72008181               0
   7.73008204               0
   7.74008226               0
   7.75008249               0
   7.76008272               0
   7.77008295               0
   7.78008318               0
   7.79008341               0
   7.80008364               0
   7.81008387               0
   7.82008410               0
   7.83008432               0
   7.84008455               0
   7.85008478               0
   7.86008501               0
   7.87008524               0
   7.88008547               0
   7.89008570               0
   7.90008593               0
   7.91008615               0
   7.92008638               0
   7.93008661               0
   7.94008684               0
   7.95008707               0
   7.96008730               0
   7.97008753               0
   7.98008776               0
   7.99008799               0
   8.00008774               0
