   0.00000000             996
   9.99999978E-03         984
   1.99999996E-02         976
   2.99999993E-02         968
   3.99999991E-02         955
   4.99999970E-02         937
   5.99999949E-02         927
   6.99999928E-02         918
   7.99999908E-02         904
   8.99999887E-02         891
   9.99999866E-02         880
  0.109999985             869
  0.119999982             863
  0.129999980             854
  0.139999986             842
  0.149999991             834
  0.159999996             827
  0.170000002             813
  0.180000007             804
  0.190000013             793
  0.200000018             785
  0.210000023             775
  0.220000029             765
  0.230000034             757
  0.240000039             742
  0.250000030             738
  0.260000020             726
  0.270000011             714
  0.280000001             706
  0.289999992             702
  0.299999982             693
  0.309999973             688
  0.319999963             683
  0.329999954             679
  0.339999944             676
  0.349999934             668
  0.359999925             664
  0.369999915             654
  0.379999906             641
  0.389999896             634
  0.399999887             627
  0.409999877             619
  0.419999868             613
  0.429999858             606
  0.439999849             601
  0.449999839             593
  0.459999830             589
  0.469999820             584
  0.479999810             581
  0.489999801             578
  0.499999791             568
  0.509999812             563
  0.519999802             554
  0.529999793             544
  0.539999783             540
  0.549999774             532
  0.559999764             525
  0.569999754             517
  0.579999745             510
  0.589999735             506
  0.599999726             502
  0.609999716             496
  0.619999707             494
  0.629999697             492
  0.639999688             488
  0.649999678             482
  0.659999669             477
  0.669999659             474
  0.679999650             470
  0.689999640             464
  0.699999630             463
  0.709999621             460
  0.719999611             454
  0.729999602             452
  0.739999592             449
  0.749999583             446
  0.759999573             441
  0.769999564             434
  0.779999554             432
  0.789999545             428
  0.799999535             426
  0.809999526             420
  0.819999516             416
  0.829999506             413
  0.839999497             407
  0.849999487             405
  0.859999478             402
  0.869999468             400
  0.879999459             397
  0.889999449             395
  0.899999440             393
  0.909999430             391
  0.919999421             386
  0.929999411             382
  0.939999402             379
  0.949999392             376
  0.959999382             372
  0.969999373             367
  0.979999363             364
  0.989999354             359
  0.999999344             355
   1.00999939             352
   1.01999938             348
   1.02999938             347
   1.03999937             343
   1.04999936             340
   1.05999935             337
   1.06999934             337
   1.07999933             336
   1.08999932             329
   1.09999931             324
   1.10999930             321
   1.11999929             319
   1.12999928             318
   1.13999927             314
   1.14999926             311
   1.15999925             307
   1.16999924             305
   1.17999923             302
   1.18999922             298
   1.19999921             297
   1.20999920             290
   1.21999919             288
   1.22999918             285
   1.23999918             283
   1.24999917             281
   1.25999916             273
   1.26999915             270
   1.27999914             267
   1.28999913             265
   1.29999912             261
   1.30999911             260
   1.31999910             256
   1.32999909             254
   1.33999908             252
   1.34999907             248
   1.35999906             248
   1.36999905             247
   1.37999904             245
   1.38999903             243
   1.39999902             239
   1.40999901             236
   1.41999900             232
   1.42999899             230
   1.43999898             229
   1.44999897             227
   1.45999897             224
   1.46999896             222
   1.47999895             222
   1.48999894             222
   1.49999893             221
   1.50999892             219
   1.51999891             216
   1.52999890             215
   1.53999889             213
   1.54999888             208
   1.55999887             206
   1.56999886             201
   1.57999885             200
   1.58999884             196
   1.59999883             193
   1.60999882             192
   1.61999881             191
   1.62999880             186
   1.63999879             184
   1.64999878             183
   1.65999877             182
   1.66999876             179
   1.67999876             178
   1.68999875             176
   1.69999874             173
   1.70999873             172
   1.71999872             169
   1.72999871             168
   1.73999870             168
   1.74999869             165
   1.75999868             163
   1.76999867             162
   1.77999866             161
   1.78999865             159
   1.79999864             158
   1.80999863             158
   1.81999862             157
   1.82999861             153
   1.83999860             152
   1.84999859             151
   1.85999858             148
   1.86999857             147
   1.87999856             147
   1.88999856             145
   1.89999855             145
   1.90999854             145
   1.91999853             143
   1.92999852             142
   1.93999851             142
   1.94999850             141
   1.95999849             139
   1.96999848             139
   1.97999847             138
   1.98999846             138
   1.99999845             134
   2.00999856             134
   2.01999855             131
   2.02999854             131
   2.03999853             129
   2.04999852             129
   2.05999851             126
   2.06999850             123
   2.07999849             121
   2.08999848             121
   2.09999847             121
   2.10999846             119
   2.11999846             118
   2.12999845             117
   2.13999844             115
   2.14999843             115
   2.15999842             113
   2.16999841             113
   2.17999840             112
   2.18999839             112
   2.19999838             109
   2.20999837             107
   2.21999836             107
   2.22999835             107
   2.23999834             107
   2.24999833             107
   2.25999832             107
   2.26999831             105
   2.27999830             103
   2.28999829             103
   2.29999828             102
   2.30999827             100
   2.31999826              99
   2.32999825              99
   2.33999825              99
   2.34999824              97
   2.35999823              97
   2.36999822              97
   2.37999821              96
   2.38999820              96
   2.39999819              93
   2.40999818              93
   2.41999817              92
   2.42999816              91
   2.43999815              90
   2.44999814              90
   2.45999813              88
   2.46999812              84
   2.47999811              84
   2.48999810              84
   2.49999809              84
   2.50999808              84
   2.51999807              83
   2.52999806              81
   2.53999805              81
   2.54999804              81
   2.55999804              79
   2.56999803              77
   2.57999802              77
   2.58999801              77
   2.59999800              77
   2.60999799              76
   2.61999798              76
   2.62999797              76
   2.63999796              75
   2.64999795              75
   2.65999794              75
   2.66999793              75
   2.67999792              75
   2.68999791              74
   2.69999790              71
   2.70999789              68
   2.71999788              67
   2.72999787              64
   2.73999786              63
   2.74999785              63
   2.75999784              63
   2.76999784              62
   2.77999783              61
   2.78999782              59
   2.79999781              59
   2.80999780              59
   2.81999779              59
   2.82999778              59
   2.83999777              59
   2.84999776              57
   2.85999775              57
   2.86999774              57
   2.87999773              56
   2.88999772              56
   2.89999771              56
   2.90999770              55
   2.91999769              55
   2.92999768              55
   2.93999767              55
   2.94999766              55
   2.95999765              54
   2.96999764              54
   2.97999763              54
   2.98999763              54
   2.99999762              54
   3.00999761              53
   3.01999760              53
   3.02999759              52
   3.03999758              52
   3.04999757              50
   3.05999756              50
   3.06999755              49
   3.07999754              49
   3.08999753              47
   3.09999752              47
   3.10999751              46
   3.11999750              46
   3.12999749              43
   3.13999748              42
   3.14999747              42
   3.15999746              42
   3.16999745              42
   3.17999744              42
   3.18999743              42
   3.19999743              42
   3.20999742              42
   3.21999741              42
   3.22999740              42
   3.23999739              42
   3.24999738              42
   3.25999737              41
   3.26999736              41
   3.27999735              40
   3.28999734              40
   3.29999733              40
   3.30999732              40
   3.31999731              40
   3.32999730              40
   3.33999729              40
   3.34999728              40
   3.35999727              40
   3.36999726              40
   3.37999725              39
   3.38999724              39
   3.39999723              39
   3.40999722              39
   3.41999722              39
   3.42999721              38
   3.43999720              37
   3.44999719              37
   3.45999718              37
   3.46999717              37
   3.47999716              37
   3.48999715              37
   3.49999714              37
   3.50999713              37
   3.51999712              37
   3.52999711              36
   3.53999710              36
   3.54999709              35
   3.55999708              35
   3.56999707              34
   3.57999706              34
   3.58999705              33
   3.59999704              33
   3.60999703              33
   3.61999702              33
   3.62999701              33
   3.63999701              33
   3.64999700              33
   3.65999699              33
   3.66999698              32
   3.67999697              32
   3.68999696              32
   3.69999695              31
   3.70999694              30
   3.71999693              30
   3.72999692              30
   3.73999691              30
   3.74999690              30
   3.75999689              30
   3.76999688              30
   3.77999687              30
   3.78999686              29
   3.79999685              29
   3.80999684              28
   3.81999683              28
   3.82999682              28
   3.83999681              28
   3.84999681              28
   3.85999680              28
   3.86999679              28
   3.87999678              28
   3.88999677              28
   3.89999676              27
   3.90999675              27
   3.91999674              26
   3.92999673              26
   3.93999672              26
   3.94999671              26
   3.95999670              25
   3.96999669              24
   3.97999668              24
   3.98999667              24
   3.99999666              23
   4.00999689              23
   4.01999712              23
   4.02999735              23
   4.03999758              23
   4.04999781              22
   4.05999804              22
   4.06999826              22
   4.07999849              21
   4.08999872              21
   4.09999895              21
   4.10999918              21
   4.11999941              21
   4.12999964              21
   4.13999987              21
   4.15000010              21
   4.16000032              21
   4.17000055              21
   4.18000078              21
   4.19000101              21
   4.20000124              21
   4.21000147              21
   4.22000170              21
   4.23000193              21
   4.24000216              21
   4.25000238              21
   4.26000261              21
   4.27000284              21
   4.28000307              20
   4.29000330              20
   4.30000353              19
   4.31000376              19
   4.32000399              18
   4.33000422              18
   4.34000444              18
   4.35000467              18
   4.36000490              18
   4.37000513              18
   4.38000536              18
   4.39000559              18
   4.40000582              18
   4.41000605              18
   4.42000628              18
   4.43000650              18
   4.44000673              18
   4.45000696              18
   4.46000719              18
   4.47000742              18
   4.48000765              18
   4.49000788              18
   4.50000811              17
   4.51000834              17
   4.52000856              17
   4.53000879              17
   4.54000902              17
   4.55000925              17
   4.56000948              17
   4.57000971              17
   4.58000994              17
   4.59001017              17
   4.60001040              17
   4.61001062              17
   4.62001085              17
   4.63001108              17
   4.64001131              17
   4.65001154              17
   4.66001177              17
   4.67001200              17
   4.68001223              17
   4.69001245              17
   4.70001268              16
   4.71001291              16
   4.72001314              16
   4.73001337              16
   4.74001360              16
   4.75001383              16
   4.76001406              16
   4.77001429              16
   4.78001451              16
   4.79001474              16
   4.80001497              16
   4.81001520              16
   4.82001543              15
   4.83001566              15
   4.84001589              14
   4.85001612              14
   4.86001635              14
   4.87001657              14
   4.88001680              14
   4.89001703              14
   4.90001726              14
   4.91001749              14
   4.92001772              14
   4.93001795              13
   4.94001818              13
   4.95001841              13
   4.96001863              13
   4.97001886              11
   4.98001909              11
   4.99001932              11
   5.00001955              11
   5.01001978              11
   5.02002001               9
   5.03002024               9
   5.04002047               9
   5.05002069               9
   5.06002092               9
   5.07002115               9
   5.08002138               9
   5.09002161               9
   5.10002184               9
   5.11002207               8
   5.12002230               8
   5.13002253               8
   5.14002275               8
   5.15002298               8
   5.16002321               8
   5.17002344               7
   5.18002367               7
   5.19002390               7
   5.20002413               7
   5.21002436               7
   5.22002459               7
   5.23002481               7
   5.24002504               7
   5.25002527               7
   5.26002550               7
   5.27002573               7
   5.28002596               7
   5.29002619               5
   5.30002642               5
   5.31002665               5
   5.32002687               5
   5.33002710               5
   5.34002733               5
   5.35002756               5
   5.36002779               5
   5.37002802               5
   5.38002825               5
   5.39002848               5
   5.40002871               4
   5.41002893               4
   5.42002916               4
   5.43002939               4
   5.44002962               4
   5.45002985               3
   5.46003008               3
   5.47003031               3
   5.48003054               3
   5.49003077               3
   5.50003099               3
   5.51003122               3
   5.52003145               3
   5.53003168               3
   5.54003191               3
   5.55003214               3
   5.56003237               3
   5.57003260               3
   5.58003283               3
   5.59003305               3
   5.60003328               3
   5.61003351               3
   5.62003374               3
   5.63003397               3
   5.64003420               3
   5.65003443               3
   5.66003466               3
   5.67003489               3
   5.68003511               3
   5.69003534               3
   5.70003557               3
   5.71003580               3
   5.72003603               2
   5.73003626               2
   5.74003649               2
   5.75003672               2
   5.76003695               2
   5.77003717               2
   5.78003740               2
   5.79003763               2
   5.80003786               2
   5.81003809               2
   5.82003832               2
   5.83003855               2
   5.84003878               2
   5.85003901               2
   5.86003923               2
   5.87003946               2
   5.88003969               2
   5.89003992               2
   5.90004015               1
   5.91004038               1
   5.92004061               1
   5.93004084               1
   5.94004107               1
   5.95004129               1
   5.96004152               1
   5.97004175               1
   5.98004198               1
   5.99004221               1
   6.00004244               1
   6.01004267               1
   6.02004290               1
   6.03004313               0
   6.04004335               0
   6.05004358               0
   6.06004381               0
   6.07004404               0
   6.08004427               0
   6.09004450               0
   6.10004473               0
   6.11004496               0
   6.12004519               0
   6.13004541               0
   6.14004564               0
   6.15004587               0
   6.16004610               0
   6.17004633               0
   6.18004656               0
   6.19004679               0
   6.20004702               0
   6.21004725               0
   6.22004747               0
   6.23004770               0
   6.24004793               0
   6.25004816               0
   6.26004839               0
   6.27004862               0
   6.28004885               0
   6.29004908               0
   6.30004930               0
   6.31004953               0
   6.32004976               0
   6.33004999               0
   6.34005022               0
   6.35005045               0
   6.36005068               0
   6.37005091               0
   6.38005114               0
   6.39005136               0
   6.40005159               0
   6.41005182               0
   6.42005205               0
   6.43005228               0
   6.44005251               0
   6.45005274               0
   6.46005297               0
   6.47005320               0
   6.48005342               0
   6.49005365               0
   6.50005388               0
   6.51005411               0
   6.52005434               0
   6.53005457               0
   6.54005480               0
   6.55005503               0
   6.56005526               0
   6.57005548               0
   6.58005571               0
   6.59005594               0
   6.60005617               0
   6.61005640               0
   6.62005663               0
   6.63005686               0
   6.64005709               0
   6.65005732               0
   6.66005754               0
   6.67005777               0
   6.68005800               0
   6.69005823               0
   6.70005846               0
   6.71005869               0
   6.72005892               0
   6.73005915               0
   6.74005938               0
   6.75005960               0
   6.76005983               0
   6.77006006               0
   6.78006029               0
   6.79006052               0
   6.80006075               0
   6.81006098               0
   6.82006121               0
   6.83006144               0
   6.84006166               0
   6.85006189               0
   6.86006212               0
   6.87006235               0
   6.88006258               0
   6.89006281               0
   6.90006304               0
   6.91006327               0
   6.92006350               0
   6.93006372               0
   6.94006395               0
   6.95006418               0
   6.96006441               0
   6.97006464               0
   6.98006487               0
   6.99006510               0
   7.00006533               0
   7.01006556               0
   7.02006578               0
   7.03006601               0
   7.04006624               0
   7.05006647               0
   7.06006670               0
   7.07006693               0
   7.08006716               0
   7.09006739               0
   7.10006762               0
   7.11006784               0
   7.12006807               0
   7.13006830               0
   7.14006853               0
   7.15006876               0
   7.16006899               0
   7.17006922               0
   7.18006945               0
   7.19006968               0
   7.20006990               0
   7.21007013               0
   7.22007036               0
   7.23007059               0
   7.24007082               0
   7.25007105               0
   7.26007128               0
   7.27007151               0
   7.28007174               0
   7.29007196               0
   7.30007219               0
   7.31007242               0
   7.32007265               0
   7.33007288               0
   7.34007311               0
   7.35007334               0
   7.36007357               0
   7.37007380               0
   7.38007402               0
   7.39007425               0
   7.40007448               0
   7.41007471               0
   7.42007494               0
   7.43007517               0
   7.44007540               0
   7.45007563               0
   7.46007586               0
   7.47007608               0
   7.48007631               0
   7.49007654               0
   7.50007677               0
   7.51007700               0
   7.52007723               0
   7.53007746               0
   7.54007769               0
   7.55007792               0
   7.56007814               0
   7.57007837               0
   7.58007860               0
   7.59007883               0
   7.60007906               0
   7.61007929               0
   7.62007952               0
   7.63007975               0
   7.64007998               0
   7.65008020               0
   7.66008043               0
   7.67008066               0
   7.68008089               0
   7.69008112               0
   7.70008135               0
   7.71008158               0
   7.72008181               0
   7.73008204               0
   7.74008226               0
   7.75008249               0
   7.76008272               0
   7.77008295               0
   7.78008318               0
   7.79008341               0
   7.80008364               0
   7.81008387               0
   7.82008410               0
   7.83008432               0
   7.84008455               0
   7.85008478               0
   7.86008501               0
   7.87008524               0
   7.88008547               0
   7.89008570               0
   7.90008593               0
   7.91008615               0
   7.92008638               0
   7.93008661               0
   7.94008684               0
   7.95008707               0
   7.96008730               0
   7.97008753               0
   7.98008776               0
   7.99008799               0
   8.00008774               0
