   0.00000000             988
   9.99999978E-03         984
   1.99999996E-02         971
   2.99999993E-02         960
   3.99999991E-02         954
   4.99999970E-02         944
   5.99999949E-02         936
   6.99999928E-02         928
   7.99999908E-02         924
   8.99999887E-02         915
   9.99999866E-02         907
  0.109999985             890
  0.119999982             885
  0.129999980             877
  0.139999986             870
  0.149999991             865
  0.159999996             860
  0.170000002             849
  0.180000007             841
  0.190000013             830
  0.200000018             820
  0.210000023             813
  0.220000029             808
  0.230000034             802
  0.240000039             793
  0.250000030             784
  0.260000020             779
  0.270000011             770
  0.280000001             765
  0.289999992             759
  0.299999982             751
  0.309999973             742
  0.319999963             735
  0.329999954             726
  0.339999944             725
  0.349999934             719
  0.359999925             709
  0.369999915             701
  0.379999906             694
  0.389999896             689
  0.399999887             678
  0.409999877             672
  0.419999868             663
  0.429999858             657
  0.439999849             652
  0.449999839             650
  0.459999830             640
  0.469999820             632
  0.479999810             629
  0.489999801             620
  0.499999791             614
  0.509999812             610
  0.519999802             605
  0.529999793             596
  0.539999783             591
  0.549999774             584
  0.559999764             580
  0.569999754             569
  0.579999745             565
  0.589999735             558
  0.599999726             554
  0.609999716             551
  0.619999707             541
  0.629999697             537
  0.639999688             531
  0.649999678             528
  0.659999669             520
  0.669999659             509
  0.679999650             501
  0.689999640             493
  0.699999630             486
  0.709999621             482
  0.719999611             479
  0.729999602             470
  0.739999592             469
  0.749999583             464
  0.759999573             460
  0.769999564             458
  0.779999554             454
  0.789999545             451
  0.799999535             446
  0.809999526             441
  0.819999516             438
  0.829999506             432
  0.839999497             424
  0.849999487             419
  0.859999478             417
  0.869999468             414
  0.879999459             409
  0.889999449             404
  0.899999440             398
  0.909999430             395
  0.919999421             393
  0.929999411             389
  0.939999402             385
  0.949999392             384
  0.959999382             382
  0.969999373             381
  0.979999363             374
  0.989999354             373
  0.999999344             369
   1.00999939             362
   1.01999938             357
   1.02999938             356
   1.03999937             352
   1.04999936             348
   1.05999935             346
   1.06999934             343
   1.07999933             338
   1.08999932             336
   1.09999931             329
   1.10999930             325
   1.11999929             325
   1.12999928             320
   1.13999927             316
   1.14999926             309
   1.15999925             305
   1.16999924             301
   1.17999923             300
   1.18999922             297
   1.19999921             293
   1.20999920             290
   1.21999919             290
   1.22999918             288
   1.23999918             282
   1.24999917             281
   1.25999916             278
   1.26999915             276
   1.27999914             276
   1.28999913             273
   1.29999912             273
   1.30999911             271
   1.31999910             270
   1.32999909             267
   1.33999908             264
   1.34999907             262
   1.35999906             261
   1.36999905             258
   1.37999904             257
   1.38999903             252
   1.39999902             251
   1.40999901             249
   1.41999900             247
   1.42999899             246
   1.43999898             245
   1.44999897             242
   1.45999897             240
   1.46999896             239
   1.47999895             236
   1.48999894             232
   1.49999893             230
   1.50999892             228
   1.51999891             226
   1.52999890             225
   1.53999889             224
   1.54999888             222
   1.55999887             219
   1.56999886             218
   1.57999885             216
   1.58999884             212
   1.59999883             211
   1.60999882             209
   1.61999881             206
   1.62999880             201
   1.63999879             201
   1.64999878             199
   1.65999877             197
   1.66999876             193
   1.67999876             191
   1.68999875             187
   1.69999874             185
   1.70999873             184
   1.71999872             183
   1.72999871             182
   1.73999870             182
   1.74999869             181
   1.75999868             179
   1.76999867             176
   1.77999866             176
   1.78999865             170
   1.79999864             169
   1.80999863             166
   1.81999862             161
   1.82999861             161
   1.83999860             159
   1.84999859             159
   1.85999858             157
   1.86999857             156
   1.87999856             156
   1.88999856             155
   1.89999855             154
   1.90999854             152
   1.91999853             150
   1.92999852             148
   1.93999851             147
   1.94999850             145
   1.95999849             143
   1.96999848             141
   1.97999847             138
   1.98999846             137
   1.99999845             137
   2.00999856             136
   2.01999855             133
   2.02999854             131
   2.03999853             130
   2.04999852             128
   2.05999851             127
   2.06999850             126
   2.07999849             126
   2.08999848             126
   2.09999847             126
   2.10999846             125
   2.11999846             124
   2.12999845             122
   2.13999844             120
   2.14999843             120
   2.15999842             118
   2.16999841             118
   2.17999840             115
   2.18999839             114
   2.19999838             112
   2.20999837             108
   2.21999836             106
   2.22999835             102
   2.23999834             101
   2.24999833             101
   2.25999832              99
   2.26999831              99
   2.27999830              99
   2.28999829              97
   2.29999828              96
   2.30999827              95
   2.31999826              95
   2.32999825              95
   2.33999825              93
   2.34999824              93
   2.35999823              92
   2.36999822              91
   2.37999821              91
   2.38999820              89
   2.39999819              89
   2.40999818              89
   2.41999817              86
   2.42999816              86
   2.43999815              85
   2.44999814              84
   2.45999813              84
   2.46999812              83
   2.47999811              83
   2.48999810              83
   2.49999809              83
   2.50999808              81
   2.51999807              81
   2.52999806              80
   2.53999805              78
   2.54999804              76
   2.55999804              76
   2.56999803              75
   2.57999802              75
   2.58999801              75
   2.59999800              75
   2.60999799              74
   2.61999798              74
   2.62999797              72
   2.63999796              71
   2.64999795              71
   2.65999794              71
   2.66999793              70
   2.67999792              70
   2.68999791              70
   2.69999790              70
   2.70999789              69
   2.71999788              69
   2.72999787              69
   2.73999786              68
   2.74999785              68
   2.75999784              67
   2.76999784              66
   2.77999783              66
   2.78999782              66
   2.79999781              66
   2.80999780              66
   2.81999779              66
   2.82999778              66
   2.83999777              66
   2.84999776              66
   2.85999775              66
   2.86999774              64
   2.87999773              62
   2.88999772              61
   2.89999771              60
   2.90999770              60
   2.91999769              60
   2.92999768              59
   2.93999767              58
   2.94999766              57
   2.95999765              56
   2.96999764              56
   2.97999763              55
   2.98999763              55
   2.99999762              54
   3.00999761              53
   3.01999760              52
   3.02999759              52
   3.03999758              52
   3.04999757              49
   3.05999756              49
   3.06999755              46
   3.07999754              45
   3.08999753              44
   3.09999752              44
   3.10999751              44
   3.11999750              43
   3.12999749              42
   3.13999748              42
   3.14999747              41
   3.15999746              41
   3.16999745              41
   3.17999744              40
   3.18999743              39
   3.19999743              38
   3.20999742              37
   3.21999741              36
   3.22999740              35
   3.23999739              35
   3.24999738              35
   3.25999737              34
   3.26999736              34
   3.27999735              34
   3.28999734              33
   3.29999733              33
   3.30999732              33
   3.31999731              33
   3.32999730              33
   3.33999729              33
   3.34999728              33
   3.35999727              33
   3.36999726              32
   3.37999725              32
   3.38999724              32
   3.39999723              32
   3.40999722              32
   3.41999722              32
   3.42999721              32
   3.43999720              32
   3.44999719              31
   3.45999718              31
   3.46999717              31
   3.47999716              31
   3.48999715              31
   3.49999714              31
   3.50999713              30
   3.51999712              30
   3.52999711              30
   3.53999710              29
   3.54999709              29
   3.55999708              29
   3.56999707              28
   3.57999706              26
   3.58999705              26
   3.59999704              26
   3.60999703              26
   3.61999702              26
   3.62999701              26
   3.63999701              26
   3.64999700              26
   3.65999699              26
   3.66999698              25
   3.67999697              25
   3.68999696              25
   3.69999695              25
   3.70999694              24
   3.71999693              24
   3.72999692              23
   3.73999691              22
   3.74999690              22
   3.75999689              22
   3.76999688              22
   3.77999687              22
   3.78999686              22
   3.79999685              21
   3.80999684              21
   3.81999683              21
   3.82999682              21
   3.83999681              21
   3.84999681              21
   3.85999680              21
   3.86999679              21
   3.87999678              21
   3.88999677              21
   3.89999676              20
   3.90999675              20
   3.91999674              20
   3.92999673              19
   3.93999672              19
   3.94999671              19
   3.95999670              19
   3.96999669              19
   3.97999668              19
   3.98999667              19
   3.99999666              19
   4.00999689              19
   4.01999712              19
   4.02999735              19
   4.03999758              19
   4.04999781              19
   4.05999804              19
   4.06999826              19
   4.07999849              19
   4.08999872              19
   4.09999895              19
   4.10999918              19
   4.11999941              18
   4.12999964              18
   4.13999987              18
   4.15000010              18
   4.16000032              18
   4.17000055              18
   4.18000078              18
   4.19000101              18
   4.20000124              18
   4.21000147              18
   4.22000170              18
   4.23000193              18
   4.24000216              18
   4.25000238              17
   4.26000261              17
   4.27000284              17
   4.28000307              17
   4.29000330              17
   4.30000353              17
   4.31000376              17
   4.32000399              17
   4.33000422              17
   4.34000444              17
   4.35000467              17
   4.36000490              17
   4.37000513              17
   4.38000536              17
   4.39000559              17
   4.40000582              17
   4.41000605              17
   4.42000628              17
   4.43000650              16
   4.44000673              16
   4.45000696              16
   4.46000719              15
   4.47000742              15
   4.48000765              15
   4.49000788              15
   4.50000811              15
   4.51000834              15
   4.52000856              15
   4.53000879              15
   4.54000902              15
   4.55000925              15
   4.56000948              15
   4.57000971              15
   4.58000994              15
   4.59001017              15
   4.60001040              15
   4.61001062              14
   4.62001085              14
   4.63001108              14
   4.64001131              14
   4.65001154              13
   4.66001177              13
   4.67001200              13
   4.68001223              13
   4.69001245              13
   4.70001268              13
   4.71001291              13
   4.72001314              13
   4.73001337              13
   4.74001360              12
   4.75001383              12
   4.76001406              12
   4.77001429              12
   4.78001451              12
   4.79001474              12
   4.80001497              12
   4.81001520              11
   4.82001543              11
   4.83001566              11
   4.84001589              11
   4.85001612              11
   4.86001635              11
   4.87001657              11
   4.88001680              11
   4.89001703              11
   4.90001726              11
   4.91001749              11
   4.92001772              11
   4.93001795              11
   4.94001818              11
   4.95001841              11
   4.96001863              10
   4.97001886              10
   4.98001909              10
   4.99001932              10
   5.00001955              10
   5.01001978              10
   5.02002001              10
   5.03002024              10
   5.04002047              10
   5.05002069               9
   5.06002092               9
   5.07002115               9
   5.08002138               9
   5.09002161               9
   5.10002184               9
   5.11002207               9
   5.12002230               9
   5.13002253               9
   5.14002275               9
   5.15002298               9
   5.16002321               9
   5.17002344               9
   5.18002367               9
   5.19002390               9
   5.20002413               8
   5.21002436               8
   5.22002459               8
   5.23002481               8
   5.24002504               8
   5.25002527               8
   5.26002550               8
   5.27002573               8
   5.28002596               8
   5.29002619               8
   5.30002642               8
   5.31002665               8
   5.32002687               7
   5.33002710               7
   5.34002733               7
   5.35002756               7
   5.36002779               7
   5.37002802               7
   5.38002825               7
   5.39002848               7
   5.40002871               7
   5.41002893               7
   5.42002916               7
   5.43002939               7
   5.44002962               7
   5.45002985               7
   5.46003008               7
   5.47003031               7
   5.48003054               7
   5.49003077               7
   5.50003099               7
   5.51003122               7
   5.52003145               7
   5.53003168               7
   5.54003191               7
   5.55003214               7
   5.56003237               7
   5.57003260               7
   5.58003283               7
   5.59003305               7
   5.60003328               7
   5.61003351               7
   5.62003374               7
   5.63003397               7
   5.64003420               7
   5.65003443               7
   5.66003466               7
   5.67003489               7
   5.68003511               7
   5.69003534               7
   5.70003557               7
   5.71003580               7
   5.72003603               7
   5.73003626               7
   5.74003649               6
   5.75003672               6
   5.76003695               6
   5.77003717               6
   5.78003740               6
   5.79003763               6
   5.80003786               6
   5.81003809               6
   5.82003832               6
   5.83003855               6
   5.84003878               6
   5.85003901               6
   5.86003923               6
   5.87003946               6
   5.88003969               6
   5.89003992               6
   5.90004015               6
   5.91004038               6
   5.92004061               6
   5.93004084               6
   5.94004107               6
   5.95004129               6
   5.96004152               6
   5.97004175               6
   5.98004198               6
   5.99004221               6
   6.00004244               6
   6.01004267               6
   6.02004290               6
   6.03004313               6
   6.04004335               5
   6.05004358               5
   6.06004381               4
   6.07004404               4
   6.08004427               4
   6.09004450               4
   6.10004473               4
   6.11004496               4
   6.12004519               4
   6.13004541               4
   6.14004564               4
   6.15004587               4
   6.16004610               4
   6.17004633               4
   6.18004656               4
   6.19004679               4
   6.20004702               4
   6.21004725               4
   6.22004747               4
   6.23004770               4
   6.24004793               4
   6.25004816               4
   6.26004839               4
   6.27004862               4
   6.28004885               4
   6.29004908               4
   6.30004930               4
   6.31004953               4
   6.32004976               4
   6.33004999               4
   6.34005022               4
   6.35005045               4
   6.36005068               4
   6.37005091               4
   6.38005114               4
   6.39005136               4
   6.40005159               4
   6.41005182               4
   6.42005205               4
   6.43005228               4
   6.44005251               4
   6.45005274               4
   6.46005297               4
   6.47005320               4
   6.48005342               4
   6.49005365               4
   6.50005388               4
   6.51005411               4
   6.52005434               4
   6.53005457               4
   6.54005480               4
   6.55005503               4
   6.56005526               4
   6.57005548               4
   6.58005571               4
   6.59005594               4
   6.60005617               4
   6.61005640               4
   6.62005663               4
   6.63005686               4
   6.64005709               4
   6.65005732               4
   6.66005754               4
   6.67005777               4
   6.68005800               4
   6.69005823               4
   6.70005846               4
   6.71005869               4
   6.72005892               4
   6.73005915               4
   6.74005938               4
   6.75005960               4
   6.76005983               4
   6.77006006               4
   6.78006029               4
   6.79006052               4
   6.80006075               4
   6.81006098               4
   6.82006121               4
   6.83006144               4
   6.84006166               4
   6.85006189               4
   6.86006212               4
   6.87006235               4
   6.88006258               4
   6.89006281               4
   6.90006304               4
   6.91006327               4
   6.92006350               4
   6.93006372               4
   6.94006395               4
   6.95006418               4
   6.96006441               4
   6.97006464               4
   6.98006487               4
   6.99006510               4
   7.00006533               4
   7.01006556               4
   7.02006578               4
   7.03006601               4
   7.04006624               4
   7.05006647               4
   7.06006670               4
   7.07006693               4
   7.08006716               4
   7.09006739               4
   7.10006762               4
   7.11006784               4
   7.12006807               4
   7.13006830               4
   7.14006853               4
   7.15006876               4
   7.16006899               4
   7.17006922               4
   7.18006945               4
   7.19006968               4
   7.20006990               4
   7.21007013               4
   7.22007036               4
   7.23007059               4
   7.24007082               4
   7.25007105               4
   7.26007128               4
   7.27007151               4
   7.28007174               4
   7.29007196               4
   7.30007219               4
   7.31007242               4
   7.32007265               4
   7.33007288               4
   7.34007311               4
   7.35007334               4
   7.36007357               4
   7.37007380               4
   7.38007402               4
   7.39007425               4
   7.40007448               4
   7.41007471               4
   7.42007494               4
   7.43007517               4
   7.44007540               4
   7.45007563               4
   7.46007586               4
   7.47007608               3
   7.48007631               3
   7.49007654               3
   7.50007677               3
   7.51007700               3
   7.52007723               3
   7.53007746               3
   7.54007769               3
   7.55007792               3
   7.56007814               2
   7.57007837               2
   7.58007860               2
   7.59007883               2
   7.60007906               2
   7.61007929               2
   7.62007952               2
   7.63007975               2
   7.64007998               2
   7.65008020               2
   7.66008043               2
   7.67008066               2
   7.68008089               2
   7.69008112               2
   7.70008135               2
   7.71008158               2
   7.72008181               2
   7.73008204               2
   7.74008226               2
   7.75008249               2
   7.76008272               2
   7.77008295               2
   7.78008318               2
   7.79008341               2
   7.80008364               2
   7.81008387               2
   7.82008410               2
   7.83008432               2
   7.84008455               2
   7.85008478               1
   7.86008501               1
   7.87008524               1
   7.88008547               1
   7.89008570               1
   7.90008593               1
   7.91008615               1
   7.92008638               1
   7.93008661               1
   7.94008684               1
   7.95008707               1
   7.96008730               1
   7.97008753               1
   7.98008776               1
   7.99008799               1
   8.00008774               1
