   0.00000000             993
   9.99999978E-03         984
   1.99999996E-02         974
   2.99999993E-02         958
   3.99999991E-02         946
   4.99999970E-02         933
   5.99999949E-02         921
   6.99999928E-02         915
   7.99999908E-02         903
   8.99999887E-02         892
   9.99999866E-02         882
  0.109999985             875
  0.119999982             868
  0.129999980             858
  0.139999986             850
  0.149999991             843
  0.159999996             835
  0.170000002             827
  0.180000007             821
  0.190000013             815
  0.200000018             809
  0.210000023             803
  0.220000029             800
  0.230000034             794
  0.240000039             782
  0.250000030             777
  0.260000020             771
  0.270000011             765
  0.280000001             755
  0.289999992             743
  0.299999982             735
  0.309999973             728
  0.319999963             721
  0.329999954             715
  0.339999944             710
  0.349999934             702
  0.359999925             697
  0.369999915             689
  0.379999906             682
  0.389999896             676
  0.399999887             667
  0.409999877             661
  0.419999868             660
  0.429999858             655
  0.439999849             647
  0.449999839             643
  0.459999830             636
  0.469999820             629
  0.479999810             623
  0.489999801             619
  0.499999791             607
  0.509999812             600
  0.519999802             591
  0.529999793             582
  0.539999783             579
  0.549999774             574
  0.559999764             568
  0.569999754             559
  0.579999745             557
  0.589999735             552
  0.599999726             547
  0.609999716             542
  0.619999707             539
  0.629999697             534
  0.639999688             530
  0.649999678             526
  0.659999669             520
  0.669999659             517
  0.679999650             512
  0.689999640             506
  0.699999630             498
  0.709999621             494
  0.719999611             488
  0.729999602             486
  0.739999592             482
  0.749999583             474
  0.759999573             470
  0.769999564             468
  0.779999554             466
  0.789999545             462
  0.799999535             454
  0.809999526             451
  0.819999516             444
  0.829999506             438
  0.839999497             430
  0.849999487             427
  0.859999478             422
  0.869999468             418
  0.879999459             412
  0.889999449             411
  0.899999440             409
  0.909999430             400
  0.919999421             398
  0.929999411             394
  0.939999402             390
  0.949999392             389
  0.959999382             384
  0.969999373             383
  0.979999363             381
  0.989999354             377
  0.999999344             373
   1.00999939             372
   1.01999938             365
   1.02999938             358
   1.03999937             356
   1.04999936             353
   1.05999935             349
   1.06999934             347
   1.07999933             345
   1.08999932             342
   1.09999931             339
   1.10999930             338
   1.11999929             336
   1.12999928             335
   1.13999927             329
   1.14999926             328
   1.15999925             321
   1.16999924             314
   1.17999923             312
   1.18999922             311
   1.19999921             308
   1.20999920             306
   1.21999919             299
   1.22999918             298
   1.23999918             297
   1.24999917             296
   1.25999916             291
   1.26999915             288
   1.27999914             286
   1.28999913             285
   1.29999912             284
   1.30999911             280
   1.31999910             278
   1.32999909             273
   1.33999908             272
   1.34999907             269
   1.35999906             268
   1.36999905             266
   1.37999904             265
   1.38999903             262
   1.39999902             259
   1.40999901             255
   1.41999900             254
   1.42999899             252
   1.43999898             248
   1.44999897             246
   1.45999897             244
   1.46999896             244
   1.47999895             242
   1.48999894             240
   1.49999893             237
   1.50999892             234
   1.51999891             232
   1.52999890             230
   1.53999889             225
   1.54999888             225
   1.55999887             224
   1.56999886             222
   1.57999885             221
   1.58999884             219
   1.59999883             217
   1.60999882             216
   1.61999881             215
   1.62999880             213
   1.63999879             212
   1.64999878             208
   1.65999877             207
   1.66999876             204
   1.67999876             200
   1.68999875             198
   1.69999874             194
   1.70999873             193
   1.71999872             193
   1.72999871             191
   1.73999870             190
   1.74999869             188
   1.75999868             186
   1.76999867             185
   1.77999866             185
   1.78999865             182
   1.79999864             180
   1.80999863             177
   1.81999862             176
   1.82999861             173
   1.83999860             172
   1.84999859             172
   1.85999858             171
   1.86999857             171
   1.87999856             171
   1.88999856             169
   1.89999855             168
   1.90999854             163
   1.91999853             161
   1.92999852             160
   1.93999851             158
   1.94999850             157
   1.95999849             156
   1.96999848             154
   1.97999847             151
   1.98999846             148
   1.99999845             145
   2.00999856             143
   2.01999855             139
   2.02999854             138
   2.03999853             137
   2.04999852             137
   2.05999851             135
   2.06999850             135
   2.07999849             135
   2.08999848             133
   2.09999847             133
   2.10999846             131
   2.11999846             128
   2.12999845             127
   2.13999844             125
   2.14999843             124
   2.15999842             122
   2.16999841             121
   2.17999840             121
   2.18999839             120
   2.19999838             119
   2.20999837             116
   2.21999836             115
   2.22999835             114
   2.23999834             110
   2.24999833             109
   2.25999832             107
   2.26999831             107
   2.27999830             107
   2.28999829             106
   2.29999828             105
   2.30999827             104
   2.31999826             102
   2.32999825             102
   2.33999825             102
   2.34999824             101
   2.35999823             100
   2.36999822             100
   2.37999821              98
   2.38999820              98
   2.39999819              97
   2.40999818              94
   2.41999817              94
   2.42999816              93
   2.43999815              93
   2.44999814              92
   2.45999813              92
   2.46999812              91
   2.47999811              91
   2.48999810              90
   2.49999809              90
   2.50999808              90
   2.51999807              90
   2.52999806              90
   2.53999805              87
   2.54999804              87
   2.55999804              87
   2.56999803              87
   2.57999802              85
   2.58999801              85
   2.59999800              85
   2.60999799              84
   2.61999798              82
   2.62999797              81
   2.63999796              80
   2.64999795              80
   2.65999794              80
   2.66999793              78
   2.67999792              78
   2.68999791              77
   2.69999790              77
   2.70999789              76
   2.71999788              76
   2.72999787              76
   2.73999786              74
   2.74999785              73
   2.75999784              73
   2.76999784              71
   2.77999783              70
   2.78999782              70
   2.79999781              70
   2.80999780              69
   2.81999779              69
   2.82999778              68
   2.83999777              68
   2.84999776              66
   2.85999775              66
   2.86999774              66
   2.87999773              65
   2.88999772              63
   2.89999771              62
   2.90999770              62
   2.91999769              62
   2.92999768              62
   2.93999767              62
   2.94999766              61
   2.95999765              61
   2.96999764              61
   2.97999763              61
   2.98999763              61
   2.99999762              59
   3.00999761              58
   3.01999760              57
   3.02999759              57
   3.03999758              57
   3.04999757              57
   3.05999756              56
   3.06999755              56
   3.07999754              55
   3.08999753              54
   3.09999752              53
   3.10999751              52
   3.11999750              51
   3.12999749              51
   3.13999748              51
   3.14999747              51
   3.15999746              50
   3.16999745              50
   3.17999744              50
   3.18999743              50
   3.19999743              49
   3.20999742              48
   3.21999741              48
   3.22999740              47
   3.23999739              47
   3.24999738              47
   3.25999737              46
   3.26999736              46
   3.27999735              46
   3.28999734              46
   3.29999733              46
   3.30999732              46
   3.31999731              46
   3.32999730              45
   3.33999729              44
   3.34999728              44
   3.35999727              44
   3.36999726              44
   3.37999725              44
   3.38999724              44
   3.39999723              44
   3.40999722              44
   3.41999722              44
   3.42999721              44
   3.43999720              42
   3.44999719              41
   3.45999718              41
   3.46999717              41
   3.47999716              41
   3.48999715              41
   3.49999714              41
   3.50999713              41
   3.51999712              41
   3.52999711              41
   3.53999710              41
   3.54999709              40
   3.55999708              40
   3.56999707              40
   3.57999706              40
   3.58999705              39
   3.59999704              39
   3.60999703              38
   3.61999702              38
   3.62999701              38
   3.63999701              38
   3.64999700              38
   3.65999699              38
   3.66999698              38
   3.67999697              37
   3.68999696              35
   3.69999695              35
   3.70999694              35
   3.71999693              35
   3.72999692              33
   3.73999691              33
   3.74999690              32
   3.75999689              32
   3.76999688              32
   3.77999687              32
   3.78999686              32
   3.79999685              31
   3.80999684              30
   3.81999683              30
   3.82999682              29
   3.83999681              29
   3.84999681              28
   3.85999680              28
   3.86999679              28
   3.87999678              27
   3.88999677              26
   3.89999676              26
   3.90999675              26
   3.91999674              26
   3.92999673              26
   3.93999672              25
   3.94999671              25
   3.95999670              25
   3.96999669              25
   3.97999668              24
   3.98999667              24
   3.99999666              24
   4.00999689              24
   4.01999712              24
   4.02999735              23
   4.03999758              22
   4.04999781              22
   4.05999804              21
   4.06999826              20
   4.07999849              20
   4.08999872              20
   4.09999895              20
   4.10999918              20
   4.11999941              20
   4.12999964              20
   4.13999987              20
   4.15000010              20
   4.16000032              19
   4.17000055              18
   4.18000078              18
   4.19000101              18
   4.20000124              17
   4.21000147              16
   4.22000170              15
   4.23000193              15
   4.24000216              15
   4.25000238              15
   4.26000261              15
   4.27000284              15
   4.28000307              15
   4.29000330              15
   4.30000353              15
   4.31000376              15
   4.32000399              14
   4.33000422              14
   4.34000444              14
   4.35000467              14
   4.36000490              14
   4.37000513              14
   4.38000536              14
   4.39000559              12
   4.40000582              12
   4.41000605              12
   4.42000628              12
   4.43000650              12
   4.44000673              12
   4.45000696              12
   4.46000719              12
   4.47000742              12
   4.48000765              12
   4.49000788              12
   4.50000811              12
   4.51000834              12
   4.52000856              12
   4.53000879              12
   4.54000902              12
   4.55000925              12
   4.56000948              11
   4.57000971              11
   4.58000994              11
   4.59001017              11
   4.60001040              11
   4.61001062              11
   4.62001085              11
   4.63001108              11
   4.64001131              11
   4.65001154              10
   4.66001177              10
   4.67001200              10
   4.68001223               9
   4.69001245               9
   4.70001268               9
   4.71001291               9
   4.72001314               9
   4.73001337               9
   4.74001360               9
   4.75001383               9
   4.76001406               9
   4.77001429               9
   4.78001451               9
   4.79001474               9
   4.80001497               9
   4.81001520               8
   4.82001543               8
   4.83001566               8
   4.84001589               8
   4.85001612               8
   4.86001635               8
   4.87001657               8
   4.88001680               8
   4.89001703               8
   4.90001726               8
   4.91001749               8
   4.92001772               8
   4.93001795               8
   4.94001818               8
   4.95001841               8
   4.96001863               8
   4.97001886               8
   4.98001909               8
   4.99001932               8
   5.00001955               8
   5.01001978               8
   5.02002001               8
   5.03002024               8
   5.04002047               8
   5.05002069               8
   5.06002092               8
   5.07002115               8
   5.08002138               8
   5.09002161               7
   5.10002184               7
   5.11002207               7
   5.12002230               7
   5.13002253               7
   5.14002275               7
   5.15002298               7
   5.16002321               7
   5.17002344               7
   5.18002367               7
   5.19002390               7
   5.20002413               7
   5.21002436               7
   5.22002459               7
   5.23002481               6
   5.24002504               6
   5.25002527               6
   5.26002550               6
   5.27002573               6
   5.28002596               6
   5.29002619               6
   5.30002642               6
   5.31002665               6
   5.32002687               6
   5.33002710               6
   5.34002733               6
   5.35002756               6
   5.36002779               6
   5.37002802               6
   5.38002825               6
   5.39002848               6
   5.40002871               6
   5.41002893               6
   5.42002916               6
   5.43002939               6
   5.44002962               6
   5.45002985               6
   5.46003008               6
   5.47003031               6
   5.48003054               6
   5.49003077               6
   5.50003099               6
   5.51003122               6
   5.52003145               6
   5.53003168               6
   5.54003191               6
   5.55003214               6
   5.56003237               6
   5.57003260               6
   5.58003283               6
   5.59003305               6
   5.60003328               6
   5.61003351               6
   5.62003374               6
   5.63003397               6
   5.64003420               6
   5.65003443               6
   5.66003466               6
   5.67003489               6
   5.68003511               6
   5.69003534               6
   5.70003557               6
   5.71003580               6
   5.72003603               6
   5.73003626               6
   5.74003649               6
   5.75003672               6
   5.76003695               6
   5.77003717               6
   5.78003740               6
   5.79003763               6
   5.80003786               6
   5.81003809               5
   5.82003832               5
   5.83003855               5
   5.84003878               5
   5.85003901               5
   5.86003923               5
   5.87003946               5
   5.88003969               5
   5.89003992               5
   5.90004015               5
   5.91004038               5
   5.92004061               5
   5.93004084               5
   5.94004107               5
   5.95004129               5
   5.96004152               5
   5.97004175               5
   5.98004198               5
   5.99004221               5
   6.00004244               5
   6.01004267               5
   6.02004290               5
   6.03004313               5
   6.04004335               5
   6.05004358               5
   6.06004381               5
   6.07004404               5
   6.08004427               5
   6.09004450               5
   6.10004473               5
   6.11004496               5
   6.12004519               5
   6.13004541               5
   6.14004564               5
   6.15004587               5
   6.16004610               5
   6.17004633               4
   6.18004656               4
   6.19004679               4
   6.20004702               4
   6.21004725               4
   6.22004747               4
   6.23004770               4
   6.24004793               4
   6.25004816               4
   6.26004839               4
   6.27004862               4
   6.28004885               4
   6.29004908               4
   6.30004930               4
   6.31004953               4
   6.32004976               4
   6.33004999               4
   6.34005022               4
   6.35005045               4
   6.36005068               4
   6.37005091               4
   6.38005114               4
   6.39005136               4
   6.40005159               4
   6.41005182               3
   6.42005205               3
   6.43005228               3
   6.44005251               3
   6.45005274               3
   6.46005297               3
   6.47005320               2
   6.48005342               2
   6.49005365               2
   6.50005388               2
   6.51005411               2
   6.52005434               2
   6.53005457               2
   6.54005480               2
   6.55005503               2
   6.56005526               2
   6.57005548               2
   6.58005571               2
   6.59005594               2
   6.60005617               2
   6.61005640               2
   6.62005663               2
   6.63005686               2
   6.64005709               2
   6.65005732               2
   6.66005754               2
   6.67005777               2
   6.68005800               2
   6.69005823               2
   6.70005846               2
   6.71005869               2
   6.72005892               2
   6.73005915               2
   6.74005938               2
   6.75005960               2
   6.76005983               2
   6.77006006               2
   6.78006029               2
   6.79006052               2
   6.80006075               2
   6.81006098               2
   6.82006121               2
   6.83006144               2
   6.84006166               2
   6.85006189               2
   6.86006212               2
   6.87006235               2
   6.88006258               2
   6.89006281               2
   6.90006304               2
   6.91006327               2
   6.92006350               2
   6.93006372               2
   6.94006395               2
   6.95006418               2
   6.96006441               1
   6.97006464               1
   6.98006487               1
   6.99006510               1
   7.00006533               1
   7.01006556               1
   7.02006578               1
   7.03006601               1
   7.04006624               1
   7.05006647               1
   7.06006670               1
   7.07006693               1
   7.08006716               1
   7.09006739               1
   7.10006762               1
   7.11006784               1
   7.12006807               1
   7.13006830               1
   7.14006853               1
   7.15006876               1
   7.16006899               1
   7.17006922               1
   7.18006945               1
   7.19006968               1
   7.20006990               1
   7.21007013               1
   7.22007036               1
   7.23007059               1
   7.24007082               1
   7.25007105               1
   7.26007128               1
   7.27007151               1
   7.28007174               1
   7.29007196               1
   7.30007219               1
   7.31007242               1
   7.32007265               1
   7.33007288               1
   7.34007311               1
   7.35007334               1
   7.36007357               1
   7.37007380               1
   7.38007402               1
   7.39007425               1
   7.40007448               1
   7.41007471               1
   7.42007494               1
   7.43007517               1
   7.44007540               1
   7.45007563               1
   7.46007586               1
   7.47007608               1
   7.48007631               1
   7.49007654               1
   7.50007677               1
   7.51007700               1
   7.52007723               1
   7.53007746               1
   7.54007769               1
   7.55007792               1
   7.56007814               1
   7.57007837               1
   7.58007860               1
   7.59007883               1
   7.60007906               1
   7.61007929               1
   7.62007952               1
   7.63007975               1
   7.64007998               1
   7.65008020               1
   7.66008043               1
   7.67008066               1
   7.68008089               1
   7.69008112               1
   7.70008135               1
   7.71008158               1
   7.72008181               1
   7.73008204               1
   7.74008226               1
   7.75008249               1
   7.76008272               1
   7.77008295               1
   7.78008318               1
   7.79008341               1
   7.80008364               1
   7.81008387               1
   7.82008410               1
   7.83008432               1
   7.84008455               1
   7.85008478               1
   7.86008501               1
   7.87008524               1
   7.88008547               1
   7.89008570               1
   7.90008593               1
   7.91008615               1
   7.92008638               1
   7.93008661               1
   7.94008684               1
   7.95008707               1
   7.96008730               1
   7.97008753               1
   7.98008776               1
   7.99008799               1
   8.00008774               1
