   0.00000000             987
   9.99999978E-03         979
   1.99999996E-02         969
   2.99999993E-02         958
   3.99999991E-02         952
   4.99999970E-02         940
   5.99999949E-02         926
   6.99999928E-02         916
   7.99999908E-02         901
   8.99999887E-02         888
   9.99999866E-02         878
  0.109999985             871
  0.119999982             858
  0.129999980             850
  0.139999986             840
  0.149999991             829
  0.159999996             816
  0.170000002             806
  0.180000007             797
  0.190000013             784
  0.200000018             778
  0.210000023             770
  0.220000029             764
  0.230000034             755
  0.240000039             748
  0.250000030             741
  0.260000020             733
  0.270000011             726
  0.280000001             718
  0.289999992             708
  0.299999982             704
  0.309999973             696
  0.319999963             695
  0.329999954             690
  0.339999944             681
  0.349999934             677
  0.359999925             670
  0.369999915             666
  0.379999906             651
  0.389999896             645
  0.399999887             642
  0.409999877             634
  0.419999868             627
  0.429999858             621
  0.439999849             616
  0.449999839             609
  0.459999830             604
  0.469999820             599
  0.479999810             594
  0.489999801             588
  0.499999791             580
  0.509999812             578
  0.519999802             576
  0.529999793             569
  0.539999783             563
  0.549999774             557
  0.559999764             553
  0.569999754             551
  0.579999745             539
  0.589999735             528
  0.599999726             522
  0.609999716             515
  0.619999707             509
  0.629999697             504
  0.639999688             499
  0.649999678             494
  0.659999669             489
  0.669999659             489
  0.679999650             486
  0.689999640             482
  0.699999630             476
  0.709999621             473
  0.719999611             465
  0.729999602             460
  0.739999592             458
  0.749999583             454
  0.759999573             447
  0.769999564             444
  0.779999554             437
  0.789999545             435
  0.799999535             431
  0.809999526             428
  0.819999516             426
  0.829999506             423
  0.839999497             419
  0.849999487             416
  0.859999478             413
  0.869999468             408
  0.879999459             405
  0.889999449             401
  0.899999440             399
  0.909999430             396
  0.919999421             392
  0.929999411             387
  0.939999402             383
  0.949999392             379
  0.959999382             374
  0.969999373             365
  0.979999363             360
  0.989999354             355
  0.999999344             354
   1.00999939             350
   1.01999938             349
   1.02999938             345
   1.03999937             342
   1.04999936             339
   1.05999935             331
   1.06999934             326
   1.07999933             323
   1.08999932             317
   1.09999931             314
   1.10999930             310
   1.11999929             306
   1.12999928             304
   1.13999927             299
   1.14999926             297
   1.15999925             293
   1.16999924             290
   1.17999923             285
   1.18999922             281
   1.19999921             278
   1.20999920             275
   1.21999919             272
   1.22999918             271
   1.23999918             270
   1.24999917             267
   1.25999916             265
   1.26999915             265
   1.27999914             262
   1.28999913             259
   1.29999912             255
   1.30999911             254
   1.31999910             251
   1.32999909             247
   1.33999908             246
   1.34999907             244
   1.35999906             243
   1.36999905             239
   1.37999904             234
   1.38999903             230
   1.39999902             228
   1.40999901             224
   1.41999900             222
   1.42999899             220
   1.43999898             219
   1.44999897             215
   1.45999897             213
   1.46999896             209
   1.47999895             205
   1.48999894             203
   1.49999893             202
   1.50999892             201
   1.51999891             197
   1.52999890             196
   1.53999889             192
   1.54999888             191
   1.55999887             189
   1.56999886             189
   1.57999885             184
   1.58999884             182
   1.59999883             178
   1.60999882             175
   1.61999881             173
   1.62999880             168
   1.63999879             167
   1.64999878             166
   1.65999877             163
   1.66999876             161
   1.67999876             161
   1.68999875             160
   1.69999874             159
   1.70999873             159
   1.71999872             157
   1.72999871             156
   1.73999870             155
   1.74999869             153
   1.75999868             152
   1.76999867             149
   1.77999866             146
   1.78999865             144
   1.79999864             141
   1.80999863             139
   1.81999862             139
   1.82999861             134
   1.83999860             131
   1.84999859             128
   1.85999858             128
   1.86999857             126
   1.87999856             126
   1.88999856             121
   1.89999855             121
   1.90999854             121
   1.91999853             120
   1.92999852             119
   1.93999851             118
   1.94999850             115
   1.95999849             115
   1.96999848             115
   1.97999847             114
   1.98999846             111
   1.99999845             109
   2.00999856             108
   2.01999855             107
   2.02999854             105
   2.03999853             103
   2.04999852             101
   2.05999851             101
   2.06999850             100
   2.07999849              99
   2.08999848              98
   2.09999847              98
   2.10999846              98
   2.11999846              98
   2.12999845              98
   2.13999844              98
   2.14999843              98
   2.15999842              97
   2.16999841              97
   2.17999840              97
   2.18999839              97
   2.19999838              97
   2.20999837              97
   2.21999836              95
   2.22999835              92
   2.23999834              92
   2.24999833              92
   2.25999832              90
   2.26999831              89
   2.27999830              87
   2.28999829              87
   2.29999828              86
   2.30999827              86
   2.31999826              84
   2.32999825              83
   2.33999825              80
   2.34999824              80
   2.35999823              80
   2.36999822              77
   2.37999821              77
   2.38999820              77
   2.39999819              75
   2.40999818              74
   2.41999817              72
   2.42999816              70
   2.43999815              69
   2.44999814              68
   2.45999813              68
   2.46999812              67
   2.47999811              65
   2.48999810              63
   2.49999809              63
   2.50999808              63
   2.51999807              61
   2.52999806              60
   2.53999805              59
   2.54999804              59
   2.55999804              58
   2.56999803              57
   2.57999802              55
   2.58999801              55
   2.59999800              54
   2.60999799              54
   2.61999798              54
   2.62999797              54
   2.63999796              54
   2.64999795              53
   2.65999794              53
   2.66999793              52
   2.67999792              52
   2.68999791              52
   2.69999790              52
   2.70999789              50
   2.71999788              50
   2.72999787              49
   2.73999786              49
   2.74999785              49
   2.75999784              48
   2.76999784              48
   2.77999783              48
   2.78999782              48
   2.79999781              48
   2.80999780              48
   2.81999779              47
   2.82999778              47
   2.83999777              46
   2.84999776              46
   2.85999775              46
   2.86999774              45
   2.87999773              44
   2.88999772              44
   2.89999771              44
   2.90999770              43
   2.91999769              42
   2.92999768              42
   2.93999767              42
   2.94999766              42
   2.95999765              41
   2.96999764              41
   2.97999763              41
   2.98999763              41
   2.99999762              41
   3.00999761              41
   3.01999760              41
   3.02999759              41
   3.03999758              40
   3.04999757              40
   3.05999756              40
   3.06999755              40
   3.07999754              40
   3.08999753              39
   3.09999752              39
   3.10999751              39
   3.11999750              39
   3.12999749              39
   3.13999748              39
   3.14999747              39
   3.15999746              39
   3.16999745              38
   3.17999744              37
   3.18999743              36
   3.19999743              34
   3.20999742              34
   3.21999741              33
   3.22999740              32
   3.23999739              32
   3.24999738              32
   3.25999737              32
   3.26999736              32
   3.27999735              32
   3.28999734              31
   3.29999733              31
   3.30999732              30
   3.31999731              30
   3.32999730              30
   3.33999729              30
   3.34999728              30
   3.35999727              28
   3.36999726              28
   3.37999725              28
   3.38999724              28
   3.39999723              27
   3.40999722              26
   3.41999722              26
   3.42999721              26
   3.43999720              24
   3.44999719              24
   3.45999718              23
   3.46999717              23
   3.47999716              23
   3.48999715              23
   3.49999714              23
   3.50999713              23
   3.51999712              22
   3.52999711              22
   3.53999710              22
   3.54999709              22
   3.55999708              22
   3.56999707              22
   3.57999706              22
   3.58999705              22
   3.59999704              22
   3.60999703              22
   3.61999702              22
   3.62999701              22
   3.63999701              22
   3.64999700              22
   3.65999699              21
   3.66999698              21
   3.67999697              21
   3.68999696              21
   3.69999695              21
   3.70999694              21
   3.71999693              21
   3.72999692              21
   3.73999691              19
   3.74999690              19
   3.75999689              19
   3.76999688              19
   3.77999687              19
   3.78999686              19
   3.79999685              19
   3.80999684              18
   3.81999683              17
   3.82999682              17
   3.83999681              17
   3.84999681              17
   3.85999680              17
   3.86999679              17
   3.87999678              17
   3.88999677              17
   3.89999676              17
   3.90999675              17
   3.91999674              17
   3.92999673              15
   3.93999672              15
   3.94999671              15
   3.95999670              15
   3.96999669              15
   3.97999668              14
   3.98999667              14
   3.99999666              14
   4.00999689              14
   4.01999712              14
   4.02999735              14
   4.03999758              14
   4.04999781              14
   4.05999804              14
   4.06999826              13
   4.07999849              13
   4.08999872              13
   4.09999895              13
   4.10999918              13
   4.11999941              13
   4.12999964              13
   4.13999987              13
   4.15000010              12
   4.16000032              12
   4.17000055              11
   4.18000078              11
   4.19000101              11
   4.20000124              11
   4.21000147              11
   4.22000170              11
   4.23000193              11
   4.24000216              11
   4.25000238              10
   4.26000261               9
   4.27000284               9
   4.28000307               9
   4.29000330               9
   4.30000353               9
   4.31000376               9
   4.32000399               9
   4.33000422               9
   4.34000444               9
   4.35000467               8
   4.36000490               8
   4.37000513               8
   4.38000536               8
   4.39000559               7
   4.40000582               7
   4.41000605               7
   4.42000628               7
   4.43000650               7
   4.44000673               6
   4.45000696               6
   4.46000719               6
   4.47000742               6
   4.48000765               5
   4.49000788               5
   4.50000811               5
   4.51000834               5
   4.52000856               5
   4.53000879               5
   4.54000902               5
   4.55000925               5
   4.56000948               5
   4.57000971               5
   4.58000994               5
   4.59001017               5
   4.60001040               4
   4.61001062               4
   4.62001085               4
   4.63001108               4
   4.64001131               4
   4.65001154               4
   4.66001177               4
   4.67001200               4
   4.68001223               4
   4.69001245               4
   4.70001268               4
   4.71001291               4
   4.72001314               4
   4.73001337               4
   4.74001360               4
   4.75001383               4
   4.76001406               4
   4.77001429               4
   4.78001451               4
   4.79001474               3
   4.80001497               3
   4.81001520               3
   4.82001543               3
   4.83001566               3
   4.84001589               3
   4.85001612               3
   4.86001635               3
   4.87001657               3
   4.88001680               3
   4.89001703               3
   4.90001726               3
   4.91001749               2
   4.92001772               1
   4.93001795               1
   4.94001818               1
   4.95001841               1
   4.96001863               1
   4.97001886               1
   4.98001909               1
   4.99001932               1
   5.00001955               1
   5.01001978               1
   5.02002001               1
   5.03002024               1
   5.04002047               1
   5.05002069               1
   5.06002092               1
   5.07002115               1
   5.08002138               1
   5.09002161               1
   5.10002184               1
   5.11002207               1
   5.12002230               1
   5.13002253               1
   5.14002275               1
   5.15002298               1
   5.16002321               1
   5.17002344               1
   5.18002367               1
   5.19002390               1
   5.20002413               1
   5.21002436               1
   5.22002459               1
   5.23002481               1
   5.24002504               1
   5.25002527               1
   5.26002550               1
   5.27002573               1
   5.28002596               1
   5.29002619               1
   5.30002642               0
   5.31002665               0
   5.32002687               0
   5.33002710               0
   5.34002733               0
   5.35002756               0
   5.36002779               0
   5.37002802               0
   5.38002825               0
   5.39002848               0
   5.40002871               0
   5.41002893               0
   5.42002916               0
   5.43002939               0
   5.44002962               0
   5.45002985               0
   5.46003008               0
   5.47003031               0
   5.48003054               0
   5.49003077               0
   5.50003099               0
   5.51003122               0
   5.52003145               0
   5.53003168               0
   5.54003191               0
   5.55003214               0
   5.56003237               0
   5.57003260               0
   5.58003283               0
   5.59003305               0
   5.60003328               0
   5.61003351               0
   5.62003374               0
   5.63003397               0
   5.64003420               0
   5.65003443               0
   5.66003466               0
   5.67003489               0
   5.68003511               0
   5.69003534               0
   5.70003557               0
   5.71003580               0
   5.72003603               0
   5.73003626               0
   5.74003649               0
   5.75003672               0
   5.76003695               0
   5.77003717               0
   5.78003740               0
   5.79003763               0
   5.80003786               0
   5.81003809               0
   5.82003832               0
   5.83003855               0
   5.84003878               0
   5.85003901               0
   5.86003923               0
   5.87003946               0
   5.88003969               0
   5.89003992               0
   5.90004015               0
   5.91004038               0
   5.92004061               0
   5.93004084               0
   5.94004107               0
   5.95004129               0
   5.96004152               0
   5.97004175               0
   5.98004198               0
   5.99004221               0
   6.00004244               0
   6.01004267               0
   6.02004290               0
   6.03004313               0
   6.04004335               0
   6.05004358               0
   6.06004381               0
   6.07004404               0
   6.08004427               0
   6.09004450               0
   6.10004473               0
   6.11004496               0
   6.12004519               0
   6.13004541               0
   6.14004564               0
   6.15004587               0
   6.16004610               0
   6.17004633               0
   6.18004656               0
   6.19004679               0
   6.20004702               0
   6.21004725               0
   6.22004747               0
   6.23004770               0
   6.24004793               0
   6.25004816               0
   6.26004839               0
   6.27004862               0
   6.28004885               0
   6.29004908               0
   6.30004930               0
   6.31004953               0
   6.32004976               0
   6.33004999               0
   6.34005022               0
   6.35005045               0
   6.36005068               0
   6.37005091               0
   6.38005114               0
   6.39005136               0
   6.40005159               0
   6.41005182               0
   6.42005205               0
   6.43005228               0
   6.44005251               0
   6.45005274               0
   6.46005297               0
   6.47005320               0
   6.48005342               0
   6.49005365               0
   6.50005388               0
   6.51005411               0
   6.52005434               0
   6.53005457               0
   6.54005480               0
   6.55005503               0
   6.56005526               0
   6.57005548               0
   6.58005571               0
   6.59005594               0
   6.60005617               0
   6.61005640               0
   6.62005663               0
   6.63005686               0
   6.64005709               0
   6.65005732               0
   6.66005754               0
   6.67005777               0
   6.68005800               0
   6.69005823               0
   6.70005846               0
   6.71005869               0
   6.72005892               0
   6.73005915               0
   6.74005938               0
   6.75005960               0
   6.76005983               0
   6.77006006               0
   6.78006029               0
   6.79006052               0
   6.80006075               0
   6.81006098               0
   6.82006121               0
   6.83006144               0
   6.84006166               0
   6.85006189               0
   6.86006212               0
   6.87006235               0
   6.88006258               0
   6.89006281               0
   6.90006304               0
   6.91006327               0
   6.92006350               0
   6.93006372               0
   6.94006395               0
   6.95006418               0
   6.96006441               0
   6.97006464               0
   6.98006487               0
   6.99006510               0
   7.00006533               0
   7.01006556               0
   7.02006578               0
   7.03006601               0
   7.04006624               0
   7.05006647               0
   7.06006670               0
   7.07006693               0
   7.08006716               0
   7.09006739               0
   7.10006762               0
   7.11006784               0
   7.12006807               0
   7.13006830               0
   7.14006853               0
   7.15006876               0
   7.16006899               0
   7.17006922               0
   7.18006945               0
   7.19006968               0
   7.20006990               0
   7.21007013               0
   7.22007036               0
   7.23007059               0
   7.24007082               0
   7.25007105               0
   7.26007128               0
   7.27007151               0
   7.28007174               0
   7.29007196               0
   7.30007219               0
   7.31007242               0
   7.32007265               0
   7.33007288               0
   7.34007311               0
   7.35007334               0
   7.36007357               0
   7.37007380               0
   7.38007402               0
   7.39007425               0
   7.40007448               0
   7.41007471               0
   7.42007494               0
   7.43007517               0
   7.44007540               0
   7.45007563               0
   7.46007586               0
   7.47007608               0
   7.48007631               0
   7.49007654               0
   7.50007677               0
   7.51007700               0
   7.52007723               0
   7.53007746               0
   7.54007769               0
   7.55007792               0
   7.56007814               0
   7.57007837               0
   7.58007860               0
   7.59007883               0
   7.60007906               0
   7.61007929               0
   7.62007952               0
   7.63007975               0
   7.64007998               0
   7.65008020               0
   7.66008043               0
   7.67008066               0
   7.68008089               0
   7.69008112               0
   7.70008135               0
   7.71008158               0
   7.72008181               0
   7.73008204               0
   7.74008226               0
   7.75008249               0
   7.76008272               0
   7.77008295               0
   7.78008318               0
   7.79008341               0
   7.80008364               0
   7.81008387               0
   7.82008410               0
   7.83008432               0
   7.84008455               0
   7.85008478               0
   7.86008501               0
   7.87008524               0
   7.88008547               0
   7.89008570               0
   7.90008593               0
   7.91008615               0
   7.92008638               0
   7.93008661               0
   7.94008684               0
   7.95008707               0
   7.96008730               0
   7.97008753               0
   7.98008776               0
   7.99008799               0
   8.00008774               0
