   0.00000000             989
   9.99999978E-03         983
   1.99999996E-02         978
   2.99999993E-02         968
   3.99999991E-02         957
   4.99999970E-02         952
   5.99999949E-02         947
   6.99999928E-02         940
   7.99999908E-02         930
   8.99999887E-02         923
   9.99999866E-02         915
  0.109999985             900
  0.119999982             888
  0.129999980             880
  0.139999986             870
  0.149999991             855
  0.159999996             844
  0.170000002             834
  0.180000007             827
  0.190000013             814
  0.200000018             808
  0.210000023             800
  0.220000029             789
  0.230000034             780
  0.240000039             771
  0.250000030             762
  0.260000020             756
  0.270000011             748
  0.280000001             740
  0.289999992             736
  0.299999982             732
  0.309999973             728
  0.319999963             721
  0.329999954             713
  0.339999944             705
  0.349999934             697
  0.359999925             688
  0.369999915             682
  0.379999906             676
  0.389999896             669
  0.399999887             663
  0.409999877             658
  0.419999868             651
  0.429999858             646
  0.439999849             637
  0.449999839             628
  0.459999830             624
  0.469999820             621
  0.479999810             615
  0.489999801             609
  0.499999791             604
  0.509999812             600
  0.519999802             594
  0.529999793             587
  0.539999783             582
  0.549999774             575
  0.559999764             567
  0.569999754             561
  0.579999745             558
  0.589999735             553
  0.599999726             545
  0.609999716             539
  0.619999707             535
  0.629999697             529
  0.639999688             523
  0.649999678             516
  0.659999669             513
  0.669999659             511
  0.679999650             506
  0.689999640             505
  0.699999630             498
  0.709999621             493
  0.719999611             491
  0.729999602             486
  0.739999592             484
  0.749999583             483
  0.759999573             477
  0.769999564             474
  0.779999554             468
  0.789999545             463
  0.799999535             459
  0.809999526             458
  0.819999516             452
  0.829999506             447
  0.839999497             443
  0.849999487             443
  0.859999478             438
  0.869999468             434
  0.879999459             430
  0.889999449             429
  0.899999440             425
  0.909999430             418
  0.919999421             416
  0.929999411             411
  0.939999402             410
  0.949999392             406
  0.959999382             403
  0.969999373             396
  0.979999363             396
  0.989999354             394
  0.999999344             390
   1.00999939             388
   1.01999938             386
   1.02999938             384
   1.03999937             382
   1.04999936             378
   1.05999935             373
   1.06999934             372
   1.07999933             368
   1.08999932             365
   1.09999931             361
   1.10999930             358
   1.11999929             356
   1.12999928             353
   1.13999927             350
   1.14999926             346
   1.15999925             339
   1.16999924             337
   1.17999923             332
   1.18999922             332
   1.19999921             330
   1.20999920             324
   1.21999919             321
   1.22999918             318
   1.23999918             315
   1.24999917             313
   1.25999916             311
   1.26999915             308
   1.27999914             305
   1.28999913             300
   1.29999912             298
   1.30999911             296
   1.31999910             293
   1.32999909             291
   1.33999908             287
   1.34999907             282
   1.35999906             279
   1.36999905             278
   1.37999904             275
   1.38999903             271
   1.39999902             270
   1.40999901             267
   1.41999900             265
   1.42999899             261
   1.43999898             258
   1.44999897             257
   1.45999897             254
   1.46999896             253
   1.47999895             250
   1.48999894             244
   1.49999893             241
   1.50999892             238
   1.51999891             236
   1.52999890             234
   1.53999889             234
   1.54999888             231
   1.55999887             229
   1.56999886             226
   1.57999885             223
   1.58999884             222
   1.59999883             221
   1.60999882             218
   1.61999881             216
   1.62999880             209
   1.63999879             205
   1.64999878             204
   1.65999877             203
   1.66999876             200
   1.67999876             199
   1.68999875             197
   1.69999874             195
   1.70999873             194
   1.71999872             189
   1.72999871             188
   1.73999870             187
   1.74999869             184
   1.75999868             182
   1.76999867             181
   1.77999866             181
   1.78999865             180
   1.79999864             178
   1.80999863             177
   1.81999862             174
   1.82999861             174
   1.83999860             173
   1.84999859             171
   1.85999858             169
   1.86999857             166
   1.87999856             163
   1.88999856             161
   1.89999855             161
   1.90999854             159
   1.91999853             157
   1.92999852             157
   1.93999851             156
   1.94999850             156
   1.95999849             155
   1.96999848             152
   1.97999847             152
   1.98999846             149
   1.99999845             145
   2.00999856             145
   2.01999855             144
   2.02999854             142
   2.03999853             141
   2.04999852             139
   2.05999851             139
   2.06999850             139
   2.07999849             138
   2.08999848             138
   2.09999847             136
   2.10999846             134
   2.11999846             133
   2.12999845             133
   2.13999844             133
   2.14999843             132
   2.15999842             128
   2.16999841             125
   2.17999840             123
   2.18999839             123
   2.19999838             123
   2.20999837             122
   2.21999836             120
   2.22999835             118
   2.23999834             116
   2.24999833             116
   2.25999832             115
   2.26999831             113
   2.27999830             111
   2.28999829             111
   2.29999828             111
   2.30999827             110
   2.31999826             109
   2.32999825             108
   2.33999825             107
   2.34999824             107
   2.35999823             105
   2.36999822             104
   2.37999821             104
   2.38999820             103
   2.39999819             103
   2.40999818             103
   2.41999817             103
   2.42999816             100
   2.43999815              99
   2.44999814              99
   2.45999813              98
   2.46999812              98
   2.47999811              96
   2.48999810              93
   2.49999809              92
   2.50999808              92
   2.51999807              91
   2.52999806              90
   2.53999805              89
   2.54999804              89
   2.55999804              87
   2.56999803              86
   2.57999802              84
   2.58999801              83
   2.59999800              83
   2.60999799              83
   2.61999798              82
   2.62999797              82
   2.63999796              82
   2.64999795              79
   2.65999794              78
   2.66999793              76
   2.67999792              76
   2.68999791              76
   2.69999790              76
   2.70999789              73
   2.71999788              72
   2.72999787              72
   2.73999786              71
   2.74999785              71
   2.75999784              71
   2.76999784              70
   2.77999783              68
   2.78999782              68
   2.79999781              67
   2.80999780              67
   2.81999779              67
   2.82999778              66
   2.83999777              65
   2.84999776              64
   2.85999775              64
   2.86999774              64
   2.87999773              64
   2.88999772              63
   2.89999771              62
   2.90999770              61
   2.91999769              61
   2.92999768              60
   2.93999767              59
   2.94999766              57
   2.95999765              57
   2.96999764              56
   2.97999763              56
   2.98999763              54
   2.99999762              54
   3.00999761              53
   3.01999760              53
   3.02999759              53
   3.03999758              53
   3.04999757              53
   3.05999756              53
   3.06999755              53
   3.07999754              53
   3.08999753              52
   3.09999752              52
   3.10999751              52
   3.11999750              52
   3.12999749              52
   3.13999748              51
   3.14999747              51
   3.15999746              50
   3.16999745              50
   3.17999744              49
   3.18999743              49
   3.19999743              49
   3.20999742              48
   3.21999741              48
   3.22999740              47
   3.23999739              47
   3.24999738              47
   3.25999737              47
   3.26999736              46
   3.27999735              46
   3.28999734              46
   3.29999733              46
   3.30999732              45
   3.31999731              45
   3.32999730              45
   3.33999729              44
   3.34999728              44
   3.35999727              44
   3.36999726              43
   3.37999725              42
   3.38999724              42
   3.39999723              42
   3.40999722              41
   3.41999722              41
   3.42999721              41
   3.43999720              41
   3.44999719              41
   3.45999718              41
   3.46999717              41
   3.47999716              41
   3.48999715              41
   3.49999714              41
   3.50999713              40
   3.51999712              40
   3.52999711              40
   3.53999710              40
   3.54999709              40
   3.55999708              40
   3.56999707              40
   3.57999706              40
   3.58999705              40
   3.59999704              40
   3.60999703              40
   3.61999702              40
   3.62999701              40
   3.63999701              40
   3.64999700              39
   3.65999699              38
   3.66999698              38
   3.67999697              38
   3.68999696              37
   3.69999695              37
   3.70999694              37
   3.71999693              37
   3.72999692              36
   3.73999691              35
   3.74999690              34
   3.75999689              34
   3.76999688              34
   3.77999687              34
   3.78999686              34
   3.79999685              33
   3.80999684              33
   3.81999683              33
   3.82999682              33
   3.83999681              33
   3.84999681              33
   3.85999680              33
   3.86999679              33
   3.87999678              33
   3.88999677              32
   3.89999676              32
   3.90999675              32
   3.91999674              31
   3.92999673              31
   3.93999672              30
   3.94999671              30
   3.95999670              30
   3.96999669              30
   3.97999668              30
   3.98999667              29
   3.99999666              29
   4.00999689              29
   4.01999712              29
   4.02999735              28
   4.03999758              28
   4.04999781              28
   4.05999804              28
   4.06999826              28
   4.07999849              28
   4.08999872              28
   4.09999895              27
   4.10999918              27
   4.11999941              27
   4.12999964              27
   4.13999987              27
   4.15000010              27
   4.16000032              27
   4.17000055              27
   4.18000078              27
   4.19000101              27
   4.20000124              26
   4.21000147              26
   4.22000170              26
   4.23000193              25
   4.24000216              25
   4.25000238              24
   4.26000261              24
   4.27000284              24
   4.28000307              24
   4.29000330              24
   4.30000353              23
   4.31000376              23
   4.32000399              22
   4.33000422              22
   4.34000444              22
   4.35000467              21
   4.36000490              21
   4.37000513              21
   4.38000536              20
   4.39000559              19
   4.40000582              19
   4.41000605              19
   4.42000628              19
   4.43000650              19
   4.44000673              17
   4.45000696              16
   4.46000719              16
   4.47000742              16
   4.48000765              16
   4.49000788              16
   4.50000811              16
   4.51000834              16
   4.52000856              15
   4.53000879              15
   4.54000902              15
   4.55000925              15
   4.56000948              15
   4.57000971              15
   4.58000994              14
   4.59001017              14
   4.60001040              13
   4.61001062              12
   4.62001085              12
   4.63001108              12
   4.64001131              12
   4.65001154              12
   4.66001177              12
   4.67001200              12
   4.68001223              11
   4.69001245              11
   4.70001268              10
   4.71001291              10
   4.72001314              10
   4.73001337              10
   4.74001360              10
   4.75001383               9
   4.76001406               9
   4.77001429               9
   4.78001451               9
   4.79001474               9
   4.80001497               9
   4.81001520               9
   4.82001543               8
   4.83001566               8
   4.84001589               8
   4.85001612               8
   4.86001635               8
   4.87001657               8
   4.88001680               8
   4.89001703               8
   4.90001726               8
   4.91001749               8
   4.92001772               8
   4.93001795               8
   4.94001818               8
   4.95001841               8
   4.96001863               8
   4.97001886               8
   4.98001909               8
   4.99001932               8
   5.00001955               8
   5.01001978               8
   5.02002001               8
   5.03002024               8
   5.04002047               8
   5.05002069               8
   5.06002092               8
   5.07002115               8
   5.08002138               8
   5.09002161               8
   5.10002184               8
   5.11002207               8
   5.12002230               8
   5.13002253               8
   5.14002275               8
   5.15002298               8
   5.16002321               8
   5.17002344               8
   5.18002367               8
   5.19002390               8
   5.20002413               8
   5.21002436               8
   5.22002459               8
   5.23002481               7
   5.24002504               7
   5.25002527               7
   5.26002550               7
   5.27002573               7
   5.28002596               7
   5.29002619               7
   5.30002642               7
   5.31002665               7
   5.32002687               7
   5.33002710               7
   5.34002733               7
   5.35002756               7
   5.36002779               7
   5.37002802               7
   5.38002825               7
   5.39002848               7
   5.40002871               7
   5.41002893               7
   5.42002916               7
   5.43002939               7
   5.44002962               7
   5.45002985               7
   5.46003008               7
   5.47003031               7
   5.48003054               7
   5.49003077               7
   5.50003099               7
   5.51003122               7
   5.52003145               7
   5.53003168               7
   5.54003191               7
   5.55003214               7
   5.56003237               7
   5.57003260               7
   5.58003283               7
   5.59003305               7
   5.60003328               6
   5.61003351               6
   5.62003374               6
   5.63003397               5
   5.64003420               5
   5.65003443               5
   5.66003466               5
   5.67003489               5
   5.68003511               5
   5.69003534               5
   5.70003557               5
   5.71003580               5
   5.72003603               5
   5.73003626               5
   5.74003649               5
   5.75003672               5
   5.76003695               5
   5.77003717               5
   5.78003740               5
   5.79003763               5
   5.80003786               5
   5.81003809               5
   5.82003832               5
   5.83003855               5
   5.84003878               5
   5.85003901               5
   5.86003923               5
   5.87003946               5
   5.88003969               5
   5.89003992               5
   5.90004015               5
   5.91004038               5
   5.92004061               5
   5.93004084               5
   5.94004107               5
   5.95004129               5
   5.96004152               5
   5.97004175               5
   5.98004198               5
   5.99004221               5
   6.00004244               5
   6.01004267               5
   6.02004290               5
   6.03004313               5
   6.04004335               5
   6.05004358               4
   6.06004381               4
   6.07004404               4
   6.08004427               4
   6.09004450               4
   6.10004473               4
   6.11004496               4
   6.12004519               4
   6.13004541               4
   6.14004564               4
   6.15004587               4
   6.16004610               4
   6.17004633               4
   6.18004656               4
   6.19004679               4
   6.20004702               4
   6.21004725               4
   6.22004747               4
   6.23004770               4
   6.24004793               4
   6.25004816               4
   6.26004839               4
   6.27004862               4
   6.28004885               4
   6.29004908               4
   6.30004930               4
   6.31004953               3
   6.32004976               3
   6.33004999               3
   6.34005022               3
   6.35005045               3
   6.36005068               3
   6.37005091               3
   6.38005114               3
   6.39005136               3
   6.40005159               3
   6.41005182               3
   6.42005205               3
   6.43005228               3
   6.44005251               3
   6.45005274               3
   6.46005297               3
   6.47005320               3
   6.48005342               3
   6.49005365               3
   6.50005388               3
   6.51005411               3
   6.52005434               3
   6.53005457               3
   6.54005480               3
   6.55005503               3
   6.56005526               3
   6.57005548               3
   6.58005571               3
   6.59005594               3
   6.60005617               3
   6.61005640               3
   6.62005663               3
   6.63005686               3
   6.64005709               3
   6.65005732               3
   6.66005754               3
   6.67005777               3
   6.68005800               3
   6.69005823               3
   6.70005846               3
   6.71005869               3
   6.72005892               3
   6.73005915               3
   6.74005938               3
   6.75005960               3
   6.76005983               2
   6.77006006               2
   6.78006029               2
   6.79006052               2
   6.80006075               2
   6.81006098               2
   6.82006121               2
   6.83006144               2
   6.84006166               2
   6.85006189               2
   6.86006212               2
   6.87006235               2
   6.88006258               2
   6.89006281               2
   6.90006304               2
   6.91006327               2
   6.92006350               2
   6.93006372               2
   6.94006395               2
   6.95006418               2
   6.96006441               2
   6.97006464               2
   6.98006487               2
   6.99006510               2
   7.00006533               2
   7.01006556               2
   7.02006578               2
   7.03006601               2
   7.04006624               2
   7.05006647               2
   7.06006670               1
   7.07006693               1
   7.08006716               1
   7.09006739               1
   7.10006762               1
   7.11006784               1
   7.12006807               1
   7.13006830               1
   7.14006853               1
   7.15006876               1
   7.16006899               1
   7.17006922               1
   7.18006945               1
   7.19006968               1
   7.20006990               1
   7.21007013               1
   7.22007036               1
   7.23007059               1
   7.24007082               1
   7.25007105               1
   7.26007128               1
   7.27007151               1
   7.28007174               1
   7.29007196               1
   7.30007219               1
   7.31007242               1
   7.32007265               1
   7.33007288               1
   7.34007311               1
   7.35007334               1
   7.36007357               1
   7.37007380               1
   7.38007402               1
   7.39007425               1
   7.40007448               1
   7.41007471               1
   7.42007494               1
   7.43007517               1
   7.44007540               1
   7.45007563               1
   7.46007586               1
   7.47007608               1
   7.48007631               1
   7.49007654               1
   7.50007677               1
   7.51007700               1
   7.52007723               1
   7.53007746               1
   7.54007769               1
   7.55007792               1
   7.56007814               1
   7.57007837               1
   7.58007860               1
   7.59007883               1
   7.60007906               1
   7.61007929               1
   7.62007952               1
   7.63007975               1
   7.64007998               1
   7.65008020               1
   7.66008043               1
   7.67008066               1
   7.68008089               1
   7.69008112               1
   7.70008135               1
   7.71008158               1
   7.72008181               1
   7.73008204               1
   7.74008226               1
   7.75008249               1
   7.76008272               1
   7.77008295               1
   7.78008318               1
   7.79008341               1
   7.80008364               1
   7.81008387               1
   7.82008410               1
   7.83008432               1
   7.84008455               1
   7.85008478               1
   7.86008501               1
   7.87008524               1
   7.88008547               1
   7.89008570               1
   7.90008593               1
   7.91008615               1
   7.92008638               1
   7.93008661               1
   7.94008684               1
   7.95008707               1
   7.96008730               1
   7.97008753               1
   7.98008776               1
   7.99008799               1
   8.00008774               1
