   0.00000000             990
   9.99999978E-03         982
   1.99999996E-02         970
   2.99999993E-02         959
   3.99999991E-02         952
   4.99999970E-02         943
   5.99999949E-02         935
   6.99999928E-02         929
   7.99999908E-02         916
   8.99999887E-02         908
   9.99999866E-02         897
  0.109999985             888
  0.119999982             884
  0.129999980             882
  0.139999986             875
  0.149999991             861
  0.159999996             852
  0.170000002             843
  0.180000007             831
  0.190000013             824
  0.200000018             816
  0.210000023             809
  0.220000029             801
  0.230000034             791
  0.240000039             782
  0.250000030             773
  0.260000020             762
  0.270000011             755
  0.280000001             743
  0.289999992             734
  0.299999982             726
  0.309999973             719
  0.319999963             710
  0.329999954             707
  0.339999944             702
  0.349999934             697
  0.359999925             687
  0.369999915             682
  0.379999906             668
  0.389999896             661
  0.399999887             656
  0.409999877             649
  0.419999868             643
  0.429999858             637
  0.439999849             629
  0.449999839             623
  0.459999830             614
  0.469999820             606
  0.479999810             604
  0.489999801             598
  0.499999791             595
  0.509999812             588
  0.519999802             578
  0.529999793             573
  0.539999783             561
  0.549999774             556
  0.559999764             549
  0.569999754             542
  0.579999745             537
  0.589999735             531
  0.599999726             528
  0.609999716             526
  0.619999707             519
  0.629999697             513
  0.639999688             507
  0.649999678             498
  0.659999669             487
  0.669999659             483
  0.679999650             480
  0.689999640             477
  0.699999630             473
  0.709999621             466
  0.719999611             456
  0.729999602             450
  0.739999592             446
  0.749999583             444
  0.759999573             440
  0.769999564             435
  0.779999554             431
  0.789999545             426
  0.799999535             421
  0.809999526             420
  0.819999516             415
  0.829999506             412
  0.839999497             405
  0.849999487             401
  0.859999478             397
  0.869999468             395
  0.879999459             393
  0.889999449             390
  0.899999440             386
  0.909999430             380
  0.919999421             379
  0.929999411             376
  0.939999402             370
  0.949999392             365
  0.959999382             364
  0.969999373             363
  0.979999363             358
  0.989999354             355
  0.999999344             349
   1.00999939             347
   1.01999938             345
   1.02999938             340
   1.03999937             338
   1.04999936             335
   1.05999935             333
   1.06999934             332
   1.07999933             330
   1.08999932             329
   1.09999931             326
   1.10999930             324
   1.11999929             322
   1.12999928             318
   1.13999927             315
   1.14999926             309
   1.15999925             302
   1.16999924             300
   1.17999923             299
   1.18999922             296
   1.19999921             292
   1.20999920             289
   1.21999919             283
   1.22999918             282
   1.23999918             279
   1.24999917             278
   1.25999916             274
   1.26999915             272
   1.27999914             268
   1.28999913             265
   1.29999912             260
   1.30999911             259
   1.31999910             256
   1.32999909             254
   1.33999908             248
   1.34999907             244
   1.35999906             241
   1.36999905             238
   1.37999904             236
   1.38999903             233
   1.39999902             231
   1.40999901             229
   1.41999900             228
   1.42999899             224
   1.43999898             222
   1.44999897             221
   1.45999897             221
   1.46999896             220
   1.47999895             219
   1.48999894             218
   1.49999893             215
   1.50999892             215
   1.51999891             214
   1.52999890             212
   1.53999889             210
   1.54999888             208
   1.55999887             208
   1.56999886             207
   1.57999885             205
   1.58999884             204
   1.59999883             203
   1.60999882             203
   1.61999881             203
   1.62999880             202
   1.63999879             201
   1.64999878             199
   1.65999877             198
   1.66999876             198
   1.67999876             196
   1.68999875             195
   1.69999874             192
   1.70999873             189
   1.71999872             185
   1.72999871             185
   1.73999870             183
   1.74999869             180
   1.75999868             177
   1.76999867             176
   1.77999866             175
   1.78999865             175
   1.79999864             172
   1.80999863             171
   1.81999862             170
   1.82999861             167
   1.83999860             166
   1.84999859             166
   1.85999858             165
   1.86999857             164
   1.87999856             163
   1.88999856             162
   1.89999855             162
   1.90999854             162
   1.91999853             160
   1.92999852             159
   1.93999851             157
   1.94999850             157
   1.95999849             155
   1.96999848             153
   1.97999847             153
   1.98999846             153
   1.99999845             151
   2.00999856             150
   2.01999855             149
   2.02999854             148
   2.03999853             147
   2.04999852             146
   2.05999851             146
   2.06999850             144
   2.07999849             142
   2.08999848             139
   2.09999847             136
   2.10999846             133
   2.11999846             130
   2.12999845             130
   2.13999844             127
   2.14999843             125
   2.15999842             123
   2.16999841             123
   2.17999840             121
   2.18999839             121
   2.19999838             120
   2.20999837             120
   2.21999836             118
   2.22999835             117
   2.23999834             116
   2.24999833             116
   2.25999832             115
   2.26999831             114
   2.27999830             114
   2.28999829             113
   2.29999828             111
   2.30999827             111
   2.31999826             111
   2.32999825             111
   2.33999825             110
   2.34999824             109
   2.35999823             108
   2.36999822             107
   2.37999821             107
   2.38999820             105
   2.39999819             103
   2.40999818             102
   2.41999817             102
   2.42999816             101
   2.43999815              99
   2.44999814              96
   2.45999813              96
   2.46999812              96
   2.47999811              96
   2.48999810              95
   2.49999809              93
   2.50999808              93
   2.51999807              92
   2.52999806              91
   2.53999805              91
   2.54999804              87
   2.55999804              86
   2.56999803              84
   2.57999802              83
   2.58999801              83
   2.59999800              81
   2.60999799              80
   2.61999798              80
   2.62999797              78
   2.63999796              77
   2.64999795              76
   2.65999794              76
   2.66999793              76
   2.67999792              75
   2.68999791              75
   2.69999790              74
   2.70999789              74
   2.71999788              73
   2.72999787              71
   2.73999786              69
   2.74999785              69
   2.75999784              68
   2.76999784              68
   2.77999783              66
   2.78999782              65
   2.79999781              65
   2.80999780              64
   2.81999779              63
   2.82999778              62
   2.83999777              61
   2.84999776              61
   2.85999775              61
   2.86999774              61
   2.87999773              61
   2.88999772              61
   2.89999771              61
   2.90999770              61
   2.91999769              60
   2.92999768              59
   2.93999767              59
   2.94999766              58
   2.95999765              58
   2.96999764              57
   2.97999763              57
   2.98999763              57
   2.99999762              57
   3.00999761              57
   3.01999760              56
   3.02999759              56
   3.03999758              56
   3.04999757              55
   3.05999756              55
   3.06999755              54
   3.07999754              54
   3.08999753              54
   3.09999752              54
   3.10999751              52
   3.11999750              51
   3.12999749              49
   3.13999748              49
   3.14999747              49
   3.15999746              49
   3.16999745              49
   3.17999744              49
   3.18999743              49
   3.19999743              48
   3.20999742              46
   3.21999741              45
   3.22999740              45
   3.23999739              44
   3.24999738              43
   3.25999737              43
   3.26999736              40
   3.27999735              39
   3.28999734              39
   3.29999733              39
   3.30999732              39
   3.31999731              37
   3.32999730              36
   3.33999729              35
   3.34999728              35
   3.35999727              34
   3.36999726              33
   3.37999725              32
   3.38999724              32
   3.39999723              32
   3.40999722              32
   3.41999722              31
   3.42999721              30
   3.43999720              30
   3.44999719              30
   3.45999718              28
   3.46999717              28
   3.47999716              28
   3.48999715              25
   3.49999714              25
   3.50999713              24
   3.51999712              24
   3.52999711              24
   3.53999710              24
   3.54999709              24
   3.55999708              24
   3.56999707              24
   3.57999706              24
   3.58999705              24
   3.59999704              24
   3.60999703              22
   3.61999702              21
   3.62999701              21
   3.63999701              20
   3.64999700              20
   3.65999699              20
   3.66999698              20
   3.67999697              20
   3.68999696              20
   3.69999695              20
   3.70999694              20
   3.71999693              20
   3.72999692              20
   3.73999691              20
   3.74999690              20
   3.75999689              20
   3.76999688              20
   3.77999687              20
   3.78999686              20
   3.79999685              20
   3.80999684              20
   3.81999683              19
   3.82999682              18
   3.83999681              18
   3.84999681              18
   3.85999680              18
   3.86999679              18
   3.87999678              18
   3.88999677              18
   3.89999676              18
   3.90999675              18
   3.91999674              18
   3.92999673              18
   3.93999672              16
   3.94999671              16
   3.95999670              16
   3.96999669              15
   3.97999668              15
   3.98999667              15
   3.99999666              15
   4.00999689              14
   4.01999712              14
   4.02999735              14
   4.03999758              14
   4.04999781              14
   4.05999804              14
   4.06999826              14
   4.07999849              14
   4.08999872              13
   4.09999895              13
   4.10999918              13
   4.11999941              13
   4.12999964              13
   4.13999987              13
   4.15000010              13
   4.16000032              13
   4.17000055              13
   4.18000078              13
   4.19000101              13
   4.20000124              13
   4.21000147              12
   4.22000170              12
   4.23000193              12
   4.24000216              12
   4.25000238              11
   4.26000261              11
   4.27000284              11
   4.28000307              11
   4.29000330              11
   4.30000353              10
   4.31000376              10
   4.32000399              10
   4.33000422              10
   4.34000444              10
   4.35000467              10
   4.36000490              10
   4.37000513              10
   4.38000536              10
   4.39000559              10
   4.40000582              10
   4.41000605               9
   4.42000628               9
   4.43000650               9
   4.44000673               9
   4.45000696               9
   4.46000719               9
   4.47000742               9
   4.48000765               9
   4.49000788               9
   4.50000811               9
   4.51000834               9
   4.52000856               9
   4.53000879               9
   4.54000902               9
   4.55000925               9
   4.56000948               9
   4.57000971               9
   4.58000994               9
   4.59001017               9
   4.60001040               9
   4.61001062               9
   4.62001085               8
   4.63001108               7
   4.64001131               7
   4.65001154               7
   4.66001177               7
   4.67001200               7
   4.68001223               7
   4.69001245               7
   4.70001268               7
   4.71001291               7
   4.72001314               7
   4.73001337               7
   4.74001360               7
   4.75001383               6
   4.76001406               5
   4.77001429               5
   4.78001451               5
   4.79001474               5
   4.80001497               5
   4.81001520               5
   4.82001543               5
   4.83001566               5
   4.84001589               5
   4.85001612               5
   4.86001635               5
   4.87001657               5
   4.88001680               5
   4.89001703               5
   4.90001726               5
   4.91001749               5
   4.92001772               5
   4.93001795               5
   4.94001818               5
   4.95001841               5
   4.96001863               5
   4.97001886               5
   4.98001909               5
   4.99001932               5
   5.00001955               5
   5.01001978               5
   5.02002001               5
   5.03002024               5
   5.04002047               5
   5.05002069               5
   5.06002092               5
   5.07002115               5
   5.08002138               5
   5.09002161               5
   5.10002184               5
   5.11002207               5
   5.12002230               5
   5.13002253               5
   5.14002275               5
   5.15002298               5
   5.16002321               4
   5.17002344               4
   5.18002367               4
   5.19002390               4
   5.20002413               4
   5.21002436               4
   5.22002459               4
   5.23002481               4
   5.24002504               4
   5.25002527               4
   5.26002550               4
   5.27002573               4
   5.28002596               3
   5.29002619               3
   5.30002642               3
   5.31002665               3
   5.32002687               3
   5.33002710               3
   5.34002733               3
   5.35002756               3
   5.36002779               3
   5.37002802               3
   5.38002825               3
   5.39002848               3
   5.40002871               3
   5.41002893               3
   5.42002916               3
   5.43002939               3
   5.44002962               3
   5.45002985               3
   5.46003008               3
   5.47003031               3
   5.48003054               3
   5.49003077               3
   5.50003099               3
   5.51003122               3
   5.52003145               3
   5.53003168               3
   5.54003191               3
   5.55003214               3
   5.56003237               3
   5.57003260               3
   5.58003283               3
   5.59003305               3
   5.60003328               3
   5.61003351               3
   5.62003374               3
   5.63003397               2
   5.64003420               2
   5.65003443               2
   5.66003466               2
   5.67003489               2
   5.68003511               2
   5.69003534               2
   5.70003557               2
   5.71003580               2
   5.72003603               2
   5.73003626               2
   5.74003649               2
   5.75003672               2
   5.76003695               2
   5.77003717               2
   5.78003740               2
   5.79003763               2
   5.80003786               2
   5.81003809               2
   5.82003832               2
   5.83003855               2
   5.84003878               2
   5.85003901               2
   5.86003923               2
   5.87003946               2
   5.88003969               2
   5.89003992               1
   5.90004015               1
   5.91004038               1
   5.92004061               1
   5.93004084               1
   5.94004107               0
   5.95004129               0
   5.96004152               0
   5.97004175               0
   5.98004198               0
   5.99004221               0
   6.00004244               0
   6.01004267               0
   6.02004290               0
   6.03004313               0
   6.04004335               0
   6.05004358               0
   6.06004381               0
   6.07004404               0
   6.08004427               0
   6.09004450               0
   6.10004473               0
   6.11004496               0
   6.12004519               0
   6.13004541               0
   6.14004564               0
   6.15004587               0
   6.16004610               0
   6.17004633               0
   6.18004656               0
   6.19004679               0
   6.20004702               0
   6.21004725               0
   6.22004747               0
   6.23004770               0
   6.24004793               0
   6.25004816               0
   6.26004839               0
   6.27004862               0
   6.28004885               0
   6.29004908               0
   6.30004930               0
   6.31004953               0
   6.32004976               0
   6.33004999               0
   6.34005022               0
   6.35005045               0
   6.36005068               0
   6.37005091               0
   6.38005114               0
   6.39005136               0
   6.40005159               0
   6.41005182               0
   6.42005205               0
   6.43005228               0
   6.44005251               0
   6.45005274               0
   6.46005297               0
   6.47005320               0
   6.48005342               0
   6.49005365               0
   6.50005388               0
   6.51005411               0
   6.52005434               0
   6.53005457               0
   6.54005480               0
   6.55005503               0
   6.56005526               0
   6.57005548               0
   6.58005571               0
   6.59005594               0
   6.60005617               0
   6.61005640               0
   6.62005663               0
   6.63005686               0
   6.64005709               0
   6.65005732               0
   6.66005754               0
   6.67005777               0
   6.68005800               0
   6.69005823               0
   6.70005846               0
   6.71005869               0
   6.72005892               0
   6.73005915               0
   6.74005938               0
   6.75005960               0
   6.76005983               0
   6.77006006               0
   6.78006029               0
   6.79006052               0
   6.80006075               0
   6.81006098               0
   6.82006121               0
   6.83006144               0
   6.84006166               0
   6.85006189               0
   6.86006212               0
   6.87006235               0
   6.88006258               0
   6.89006281               0
   6.90006304               0
   6.91006327               0
   6.92006350               0
   6.93006372               0
   6.94006395               0
   6.95006418               0
   6.96006441               0
   6.97006464               0
   6.98006487               0
   6.99006510               0
   7.00006533               0
   7.01006556               0
   7.02006578               0
   7.03006601               0
   7.04006624               0
   7.05006647               0
   7.06006670               0
   7.07006693               0
   7.08006716               0
   7.09006739               0
   7.10006762               0
   7.11006784               0
   7.12006807               0
   7.13006830               0
   7.14006853               0
   7.15006876               0
   7.16006899               0
   7.17006922               0
   7.18006945               0
   7.19006968               0
   7.20006990               0
   7.21007013               0
   7.22007036               0
   7.23007059               0
   7.24007082               0
   7.25007105               0
   7.26007128               0
   7.27007151               0
   7.28007174               0
   7.29007196               0
   7.30007219               0
   7.31007242               0
   7.32007265               0
   7.33007288               0
   7.34007311               0
   7.35007334               0
   7.36007357               0
   7.37007380               0
   7.38007402               0
   7.39007425               0
   7.40007448               0
   7.41007471               0
   7.42007494               0
   7.43007517               0
   7.44007540               0
   7.45007563               0
   7.46007586               0
   7.47007608               0
   7.48007631               0
   7.49007654               0
   7.50007677               0
   7.51007700               0
   7.52007723               0
   7.53007746               0
   7.54007769               0
   7.55007792               0
   7.56007814               0
   7.57007837               0
   7.58007860               0
   7.59007883               0
   7.60007906               0
   7.61007929               0
   7.62007952               0
   7.63007975               0
   7.64007998               0
   7.65008020               0
   7.66008043               0
   7.67008066               0
   7.68008089               0
   7.69008112               0
   7.70008135               0
   7.71008158               0
   7.72008181               0
   7.73008204               0
   7.74008226               0
   7.75008249               0
   7.76008272               0
   7.77008295               0
   7.78008318               0
   7.79008341               0
   7.80008364               0
   7.81008387               0
   7.82008410               0
   7.83008432               0
   7.84008455               0
   7.85008478               0
   7.86008501               0
   7.87008524               0
   7.88008547               0
   7.89008570               0
   7.90008593               0
   7.91008615               0
   7.92008638               0
   7.93008661               0
   7.94008684               0
   7.95008707               0
   7.96008730               0
   7.97008753               0
   7.98008776               0
   7.99008799               0
   8.00008774               0
