   0.00000000             988
   9.99999978E-03         980
   1.99999996E-02         969
   2.99999993E-02         956
   3.99999991E-02         946
   4.99999970E-02         936
   5.99999949E-02         927
   6.99999928E-02         917
   7.99999908E-02         911
   8.99999887E-02         905
   9.99999866E-02         893
  0.109999985             880
  0.119999982             869
  0.129999980             866
  0.139999986             858
  0.149999991             852
  0.159999996             845
  0.170000002             835
  0.180000007             831
  0.190000013             822
  0.200000018             817
  0.210000023             810
  0.220000029             797
  0.230000034             789
  0.240000039             783
  0.250000030             774
  0.260000020             767
  0.270000011             758
  0.280000001             753
  0.289999992             748
  0.299999982             746
  0.309999973             733
  0.319999963             724
  0.329999954             719
  0.339999944             712
  0.349999934             704
  0.359999925             695
  0.369999915             690
  0.379999906             684
  0.389999896             679
  0.399999887             676
  0.409999877             665
  0.419999868             661
  0.429999858             654
  0.439999849             646
  0.449999839             640
  0.459999830             634
  0.469999820             624
  0.479999810             613
  0.489999801             609
  0.499999791             600
  0.509999812             590
  0.519999802             584
  0.529999793             583
  0.539999783             579
  0.549999774             576
  0.559999764             570
  0.569999754             564
  0.579999745             557
  0.589999735             555
  0.599999726             551
  0.609999716             544
  0.619999707             535
  0.629999697             531
  0.639999688             527
  0.649999678             521
  0.659999669             517
  0.669999659             509
  0.679999650             505
  0.689999640             496
  0.699999630             490
  0.709999621             483
  0.719999611             481
  0.729999602             475
  0.739999592             471
  0.749999583             467
  0.759999573             462
  0.769999564             452
  0.779999554             449
  0.789999545             447
  0.799999535             446
  0.809999526             437
  0.819999516             430
  0.829999506             427
  0.839999497             420
  0.849999487             415
  0.859999478             413
  0.869999468             406
  0.879999459             402
  0.889999449             399
  0.899999440             395
  0.909999430             392
  0.919999421             391
  0.929999411             389
  0.939999402             387
  0.949999392             383
  0.959999382             378
  0.969999373             370
  0.979999363             368
  0.989999354             367
  0.999999344             362
   1.00999939             358
   1.01999938             352
   1.02999938             349
   1.03999937             348
   1.04999936             344
   1.05999935             341
   1.06999934             340
   1.07999933             335
   1.08999932             332
   1.09999931             330
   1.10999930             325
   1.11999929             320
   1.12999928             317
   1.13999927             316
   1.14999926             314
   1.15999925             310
   1.16999924             308
   1.17999923             302
   1.18999922             300
   1.19999921             298
   1.20999920             293
   1.21999919             290
   1.22999918             289
   1.23999918             287
   1.24999917             283
   1.25999916             280
   1.26999915             277
   1.27999914             272
   1.28999913             270
   1.29999912             264
   1.30999911             263
   1.31999910             257
   1.32999909             254
   1.33999908             251
   1.34999907             250
   1.35999906             250
   1.36999905             249
   1.37999904             248
   1.38999903             248
   1.39999902             247
   1.40999901             245
   1.41999900             242
   1.42999899             241
   1.43999898             239
   1.44999897             238
   1.45999897             234
   1.46999896             233
   1.47999895             231
   1.48999894             226
   1.49999893             225
   1.50999892             223
   1.51999891             221
   1.52999890             221
   1.53999889             221
   1.54999888             215
   1.55999887             214
   1.56999886             213
   1.57999885             210
   1.58999884             209
   1.59999883             206
   1.60999882             202
   1.61999881             199
   1.62999880             197
   1.63999879             196
   1.64999878             193
   1.65999877             191
   1.66999876             191
   1.67999876             190
   1.68999875             188
   1.69999874             186
   1.70999873             183
   1.71999872             181
   1.72999871             179
   1.73999870             177
   1.74999869             176
   1.75999868             171
   1.76999867             169
   1.77999866             168
   1.78999865             166
   1.79999864             163
   1.80999863             163
   1.81999862             163
   1.82999861             162
   1.83999860             161
   1.84999859             160
   1.85999858             158
   1.86999857             155
   1.87999856             154
   1.88999856             153
   1.89999855             153
   1.90999854             152
   1.91999853             152
   1.92999852             152
   1.93999851             151
   1.94999850             150
   1.95999849             147
   1.96999848             145
   1.97999847             143
   1.98999846             142
   1.99999845             138
   2.00999856             134
   2.01999855             127
   2.02999854             125
   2.03999853             124
   2.04999852             121
   2.05999851             121
   2.06999850             119
   2.07999849             118
   2.08999848             117
   2.09999847             115
   2.10999846             113
   2.11999846             111
   2.12999845             111
   2.13999844             109
   2.14999843             108
   2.15999842             108
   2.16999841             106
   2.17999840             106
   2.18999839             104
   2.19999838             104
   2.20999837             101
   2.21999836              99
   2.22999835              99
   2.23999834              99
   2.24999833              98
   2.25999832              98
   2.26999831              96
   2.27999830              96
   2.28999829              95
   2.29999828              94
   2.30999827              94
   2.31999826              93
   2.32999825              93
   2.33999825              92
   2.34999824              91
   2.35999823              89
   2.36999822              89
   2.37999821              87
   2.38999820              86
   2.39999819              84
   2.40999818              83
   2.41999817              83
   2.42999816              81
   2.43999815              80
   2.44999814              79
   2.45999813              79
   2.46999812              78
   2.47999811              77
   2.48999810              77
   2.49999809              77
   2.50999808              76
   2.51999807              75
   2.52999806              75
   2.53999805              75
   2.54999804              74
   2.55999804              74
   2.56999803              74
   2.57999802              73
   2.58999801              71
   2.59999800              70
   2.60999799              70
   2.61999798              70
   2.62999797              69
   2.63999796              69
   2.64999795              68
   2.65999794              67
   2.66999793              67
   2.67999792              66
   2.68999791              66
   2.69999790              66
   2.70999789              66
   2.71999788              66
   2.72999787              66
   2.73999786              66
   2.74999785              63
   2.75999784              63
   2.76999784              63
   2.77999783              62
   2.78999782              62
   2.79999781              62
   2.80999780              62
   2.81999779              61
   2.82999778              60
   2.83999777              60
   2.84999776              60
   2.85999775              59
   2.86999774              59
   2.87999773              59
   2.88999772              58
   2.89999771              57
   2.90999770              57
   2.91999769              57
   2.92999768              57
   2.93999767              56
   2.94999766              56
   2.95999765              56
   2.96999764              56
   2.97999763              56
   2.98999763              56
   2.99999762              55
   3.00999761              54
   3.01999760              54
   3.02999759              54
   3.03999758              54
   3.04999757              54
   3.05999756              53
   3.06999755              53
   3.07999754              53
   3.08999753              51
   3.09999752              51
   3.10999751              51
   3.11999750              51
   3.12999749              50
   3.13999748              50
   3.14999747              50
   3.15999746              49
   3.16999745              49
   3.17999744              48
   3.18999743              47
   3.19999743              47
   3.20999742              45
   3.21999741              44
   3.22999740              43
   3.23999739              43
   3.24999738              43
   3.25999737              43
   3.26999736              42
   3.27999735              42
   3.28999734              41
   3.29999733              41
   3.30999732              40
   3.31999731              40
   3.32999730              38
   3.33999729              38
   3.34999728              38
   3.35999727              38
   3.36999726              38
   3.37999725              37
   3.38999724              37
   3.39999723              37
   3.40999722              36
   3.41999722              35
   3.42999721              34
   3.43999720              34
   3.44999719              34
   3.45999718              34
   3.46999717              34
   3.47999716              33
   3.48999715              33
   3.49999714              33
   3.50999713              33
   3.51999712              33
   3.52999711              33
   3.53999710              33
   3.54999709              33
   3.55999708              31
   3.56999707              31
   3.57999706              31
   3.58999705              31
   3.59999704              31
   3.60999703              30
   3.61999702              30
   3.62999701              30
   3.63999701              30
   3.64999700              29
   3.65999699              29
   3.66999698              29
   3.67999697              29
   3.68999696              28
   3.69999695              28
   3.70999694              28
   3.71999693              28
   3.72999692              27
   3.73999691              27
   3.74999690              27
   3.75999689              27
   3.76999688              27
   3.77999687              27
   3.78999686              27
   3.79999685              27
   3.80999684              26
   3.81999683              26
   3.82999682              26
   3.83999681              26
   3.84999681              25
   3.85999680              24
   3.86999679              24
   3.87999678              24
   3.88999677              23
   3.89999676              22
   3.90999675              22
   3.91999674              22
   3.92999673              22
   3.93999672              22
   3.94999671              21
   3.95999670              21
   3.96999669              21
   3.97999668              21
   3.98999667              21
   3.99999666              21
   4.00999689              21
   4.01999712              21
   4.02999735              21
   4.03999758              21
   4.04999781              21
   4.05999804              21
   4.06999826              21
   4.07999849              21
   4.08999872              21
   4.09999895              20
   4.10999918              20
   4.11999941              20
   4.12999964              20
   4.13999987              20
   4.15000010              19
   4.16000032              19
   4.17000055              19
   4.18000078              18
   4.19000101              17
   4.20000124              17
   4.21000147              17
   4.22000170              17
   4.23000193              17
   4.24000216              15
   4.25000238              14
   4.26000261              14
   4.27000284              14
   4.28000307              14
   4.29000330              14
   4.30000353              14
   4.31000376              14
   4.32000399              14
   4.33000422              13
   4.34000444              13
   4.35000467              13
   4.36000490              13
   4.37000513              13
   4.38000536              12
   4.39000559              12
   4.40000582              12
   4.41000605              12
   4.42000628              11
   4.43000650              11
   4.44000673              11
   4.45000696              11
   4.46000719              11
   4.47000742              10
   4.48000765              10
   4.49000788              10
   4.50000811              10
   4.51000834               9
   4.52000856               9
   4.53000879               9
   4.54000902               9
   4.55000925               9
   4.56000948               9
   4.57000971               9
   4.58000994               9
   4.59001017               9
   4.60001040               9
   4.61001062               9
   4.62001085               9
   4.63001108               9
   4.64001131               8
   4.65001154               8
   4.66001177               8
   4.67001200               8
   4.68001223               8
   4.69001245               8
   4.70001268               8
   4.71001291               8
   4.72001314               7
   4.73001337               7
   4.74001360               7
   4.75001383               7
   4.76001406               6
   4.77001429               6
   4.78001451               6
   4.79001474               6
   4.80001497               6
   4.81001520               6
   4.82001543               6
   4.83001566               6
   4.84001589               6
   4.85001612               6
   4.86001635               6
   4.87001657               6
   4.88001680               6
   4.89001703               6
   4.90001726               6
   4.91001749               6
   4.92001772               6
   4.93001795               6
   4.94001818               6
   4.95001841               6
   4.96001863               6
   4.97001886               6
   4.98001909               6
   4.99001932               6
   5.00001955               6
   5.01001978               6
   5.02002001               6
   5.03002024               6
   5.04002047               6
   5.05002069               6
   5.06002092               6
   5.07002115               6
   5.08002138               5
   5.09002161               5
   5.10002184               5
   5.11002207               5
   5.12002230               5
   5.13002253               5
   5.14002275               5
   5.15002298               5
   5.16002321               5
   5.17002344               5
   5.18002367               5
   5.19002390               5
   5.20002413               5
   5.21002436               5
   5.22002459               5
   5.23002481               5
   5.24002504               5
   5.25002527               5
   5.26002550               5
   5.27002573               5
   5.28002596               5
   5.29002619               5
   5.30002642               5
   5.31002665               5
   5.32002687               5
   5.33002710               5
   5.34002733               5
   5.35002756               5
   5.36002779               5
   5.37002802               5
   5.38002825               5
   5.39002848               5
   5.40002871               5
   5.41002893               5
   5.42002916               5
   5.43002939               5
   5.44002962               5
   5.45002985               5
   5.46003008               5
   5.47003031               5
   5.48003054               5
   5.49003077               5
   5.50003099               5
   5.51003122               5
   5.52003145               5
   5.53003168               5
   5.54003191               5
   5.55003214               5
   5.56003237               5
   5.57003260               5
   5.58003283               5
   5.59003305               5
   5.60003328               5
   5.61003351               5
   5.62003374               5
   5.63003397               5
   5.64003420               5
   5.65003443               5
   5.66003466               5
   5.67003489               5
   5.68003511               5
   5.69003534               5
   5.70003557               5
   5.71003580               5
   5.72003603               5
   5.73003626               5
   5.74003649               5
   5.75003672               5
   5.76003695               5
   5.77003717               5
   5.78003740               5
   5.79003763               5
   5.80003786               5
   5.81003809               5
   5.82003832               5
   5.83003855               5
   5.84003878               5
   5.85003901               5
   5.86003923               5
   5.87003946               5
   5.88003969               5
   5.89003992               5
   5.90004015               5
   5.91004038               5
   5.92004061               5
   5.93004084               5
   5.94004107               5
   5.95004129               5
   5.96004152               5
   5.97004175               5
   5.98004198               5
   5.99004221               5
   6.00004244               5
   6.01004267               5
   6.02004290               5
   6.03004313               5
   6.04004335               5
   6.05004358               5
   6.06004381               5
   6.07004404               5
   6.08004427               5
   6.09004450               5
   6.10004473               5
   6.11004496               5
   6.12004519               5
   6.13004541               5
   6.14004564               5
   6.15004587               5
   6.16004610               5
   6.17004633               5
   6.18004656               5
   6.19004679               5
   6.20004702               5
   6.21004725               5
   6.22004747               5
   6.23004770               5
   6.24004793               5
   6.25004816               5
   6.26004839               5
   6.27004862               5
   6.28004885               4
   6.29004908               4
   6.30004930               4
   6.31004953               4
   6.32004976               4
   6.33004999               3
   6.34005022               3
   6.35005045               3
   6.36005068               3
   6.37005091               2
   6.38005114               1
   6.39005136               1
   6.40005159               1
   6.41005182               1
   6.42005205               1
   6.43005228               1
   6.44005251               1
   6.45005274               1
   6.46005297               1
   6.47005320               1
   6.48005342               1
   6.49005365               1
   6.50005388               1
   6.51005411               1
   6.52005434               1
   6.53005457               1
   6.54005480               1
   6.55005503               1
   6.56005526               1
   6.57005548               1
   6.58005571               1
   6.59005594               1
   6.60005617               1
   6.61005640               1
   6.62005663               1
   6.63005686               1
   6.64005709               1
   6.65005732               1
   6.66005754               1
   6.67005777               1
   6.68005800               1
   6.69005823               1
   6.70005846               1
   6.71005869               1
   6.72005892               1
   6.73005915               1
   6.74005938               1
   6.75005960               1
   6.76005983               1
   6.77006006               1
   6.78006029               1
   6.79006052               1
   6.80006075               1
   6.81006098               1
   6.82006121               1
   6.83006144               1
   6.84006166               1
   6.85006189               1
   6.86006212               1
   6.87006235               1
   6.88006258               0
   6.89006281               0
   6.90006304               0
   6.91006327               0
   6.92006350               0
   6.93006372               0
   6.94006395               0
   6.95006418               0
   6.96006441               0
   6.97006464               0
   6.98006487               0
   6.99006510               0
   7.00006533               0
   7.01006556               0
   7.02006578               0
   7.03006601               0
   7.04006624               0
   7.05006647               0
   7.06006670               0
   7.07006693               0
   7.08006716               0
   7.09006739               0
   7.10006762               0
   7.11006784               0
   7.12006807               0
   7.13006830               0
   7.14006853               0
   7.15006876               0
   7.16006899               0
   7.17006922               0
   7.18006945               0
   7.19006968               0
   7.20006990               0
   7.21007013               0
   7.22007036               0
   7.23007059               0
   7.24007082               0
   7.25007105               0
   7.26007128               0
   7.27007151               0
   7.28007174               0
   7.29007196               0
   7.30007219               0
   7.31007242               0
   7.32007265               0
   7.33007288               0
   7.34007311               0
   7.35007334               0
   7.36007357               0
   7.37007380               0
   7.38007402               0
   7.39007425               0
   7.40007448               0
   7.41007471               0
   7.42007494               0
   7.43007517               0
   7.44007540               0
   7.45007563               0
   7.46007586               0
   7.47007608               0
   7.48007631               0
   7.49007654               0
   7.50007677               0
   7.51007700               0
   7.52007723               0
   7.53007746               0
   7.54007769               0
   7.55007792               0
   7.56007814               0
   7.57007837               0
   7.58007860               0
   7.59007883               0
   7.60007906               0
   7.61007929               0
   7.62007952               0
   7.63007975               0
   7.64007998               0
   7.65008020               0
   7.66008043               0
   7.67008066               0
   7.68008089               0
   7.69008112               0
   7.70008135               0
   7.71008158               0
   7.72008181               0
   7.73008204               0
   7.74008226               0
   7.75008249               0
   7.76008272               0
   7.77008295               0
   7.78008318               0
   7.79008341               0
   7.80008364               0
   7.81008387               0
   7.82008410               0
   7.83008432               0
   7.84008455               0
   7.85008478               0
   7.86008501               0
   7.87008524               0
   7.88008547               0
   7.89008570               0
   7.90008593               0
   7.91008615               0
   7.92008638               0
   7.93008661               0
   7.94008684               0
   7.95008707               0
   7.96008730               0
   7.97008753               0
   7.98008776               0
   7.99008799               0
   8.00008774               0
