   0.00000000             993
   9.99999978E-03         986
   1.99999996E-02         979
   2.99999993E-02         966
   3.99999991E-02         954
   4.99999970E-02         944
   5.99999949E-02         933
   6.99999928E-02         924
   7.99999908E-02         914
   8.99999887E-02         904
   9.99999866E-02         893
  0.109999985             879
  0.119999982             869
  0.129999980             864
  0.139999986             856
  0.149999991             849
  0.159999996             842
  0.170000002             831
  0.180000007             824
  0.190000013             817
  0.200000018             808
  0.210000023             801
  0.220000029             791
  0.230000034             786
  0.240000039             779
  0.250000030             768
  0.260000020             761
  0.270000011             754
  0.280000001             744
  0.289999992             740
  0.299999982             729
  0.309999973             724
  0.319999963             715
  0.329999954             708
  0.339999944             701
  0.349999934             692
  0.359999925             686
  0.369999915             676
  0.379999906             670
  0.389999896             659
  0.399999887             654
  0.409999877             650
  0.419999868             645
  0.429999858             637
  0.439999849             635
  0.449999839             627
  0.459999830             622
  0.469999820             615
  0.479999810             609
  0.489999801             607
  0.499999791             600
  0.509999812             594
  0.519999802             589
  0.529999793             582
  0.539999783             570
  0.549999774             563
  0.559999764             559
  0.569999754             550
  0.579999745             542
  0.589999735             535
  0.599999726             527
  0.609999716             524
  0.619999707             518
  0.629999697             516
  0.639999688             510
  0.649999678             504
  0.659999669             503
  0.669999659             499
  0.679999650             492
  0.689999640             490
  0.699999630             486
  0.709999621             481
  0.719999611             475
  0.729999602             470
  0.739999592             468
  0.749999583             459
  0.759999573             450
  0.769999564             447
  0.779999554             441
  0.789999545             432
  0.799999535             427
  0.809999526             425
  0.819999516             419
  0.829999506             415
  0.839999497             414
  0.849999487             411
  0.859999478             407
  0.869999468             404
  0.879999459             403
  0.889999449             400
  0.899999440             396
  0.909999430             390
  0.919999421             390
  0.929999411             382
  0.939999402             380
  0.949999392             375
  0.959999382             369
  0.969999373             362
  0.979999363             361
  0.989999354             357
  0.999999344             352
   1.00999939             349
   1.01999938             344
   1.02999938             341
   1.03999937             337
   1.04999936             333
   1.05999935             332
   1.06999934             328
   1.07999933             327
   1.08999932             324
   1.09999931             319
   1.10999930             317
   1.11999929             315
   1.12999928             314
   1.13999927             312
   1.14999926             311
   1.15999925             310
   1.16999924             307
   1.17999923             302
   1.18999922             299
   1.19999921             294
   1.20999920             293
   1.21999919             288
   1.22999918             285
   1.23999918             283
   1.24999917             280
   1.25999916             277
   1.26999915             275
   1.27999914             273
   1.28999913             268
   1.29999912             267
   1.30999911             263
   1.31999910             263
   1.32999909             260
   1.33999908             258
   1.34999907             257
   1.35999906             256
   1.36999905             252
   1.37999904             245
   1.38999903             243
   1.39999902             241
   1.40999901             239
   1.41999900             238
   1.42999899             233
   1.43999898             231
   1.44999897             225
   1.45999897             221
   1.46999896             219
   1.47999895             216
   1.48999894             213
   1.49999893             211
   1.50999892             209
   1.51999891             208
   1.52999890             206
   1.53999889             199
   1.54999888             196
   1.55999887             193
   1.56999886             189
   1.57999885             185
   1.58999884             184
   1.59999883             182
   1.60999882             178
   1.61999881             177
   1.62999880             176
   1.63999879             171
   1.64999878             169
   1.65999877             168
   1.66999876             167
   1.67999876             165
   1.68999875             165
   1.69999874             163
   1.70999873             163
   1.71999872             160
   1.72999871             157
   1.73999870             155
   1.74999869             153
   1.75999868             151
   1.76999867             151
   1.77999866             150
   1.78999865             148
   1.79999864             144
   1.80999863             143
   1.81999862             141
   1.82999861             141
   1.83999860             141
   1.84999859             139
   1.85999858             137
   1.86999857             133
   1.87999856             130
   1.88999856             129
   1.89999855             128
   1.90999854             128
   1.91999853             128
   1.92999852             128
   1.93999851             128
   1.94999850             127
   1.95999849             126
   1.96999848             125
   1.97999847             123
   1.98999846             121
   1.99999845             120
   2.00999856             120
   2.01999855             118
   2.02999854             118
   2.03999853             117
   2.04999852             117
   2.05999851             116
   2.06999850             115
   2.07999849             113
   2.08999848             113
   2.09999847             112
   2.10999846             111
   2.11999846             110
   2.12999845             108
   2.13999844             106
   2.14999843             106
   2.15999842             103
   2.16999841             103
   2.17999840             103
   2.18999839             101
   2.19999838             101
   2.20999837             101
   2.21999836             100
   2.22999835              99
   2.23999834              99
   2.24999833              99
   2.25999832              99
   2.26999831              98
   2.27999830              97
   2.28999829              94
   2.29999828              93
   2.30999827              93
   2.31999826              93
   2.32999825              93
   2.33999825              90
   2.34999824              89
   2.35999823              88
   2.36999822              88
   2.37999821              85
   2.38999820              84
   2.39999819              84
   2.40999818              83
   2.41999817              83
   2.42999816              83
   2.43999815              82
   2.44999814              82
   2.45999813              81
   2.46999812              81
   2.47999811              79
   2.48999810              79
   2.49999809              78
   2.50999808              77
   2.51999807              76
   2.52999806              76
   2.53999805              76
   2.54999804              76
   2.55999804              75
   2.56999803              75
   2.57999802              75
   2.58999801              73
   2.59999800              73
   2.60999799              72
   2.61999798              70
   2.62999797              70
   2.63999796              69
   2.64999795              69
   2.65999794              69
   2.66999793              68
   2.67999792              67
   2.68999791              66
   2.69999790              65
   2.70999789              64
   2.71999788              64
   2.72999787              63
   2.73999786              63
   2.74999785              63
   2.75999784              63
   2.76999784              63
   2.77999783              63
   2.78999782              62
   2.79999781              62
   2.80999780              62
   2.81999779              62
   2.82999778              61
   2.83999777              61
   2.84999776              59
   2.85999775              57
   2.86999774              56
   2.87999773              55
   2.88999772              55
   2.89999771              55
   2.90999770              54
   2.91999769              53
   2.92999768              52
   2.93999767              52
   2.94999766              51
   2.95999765              48
   2.96999764              48
   2.97999763              48
   2.98999763              47
   2.99999762              47
   3.00999761              47
   3.01999760              46
   3.02999759              44
   3.03999758              44
   3.04999757              43
   3.05999756              43
   3.06999755              43
   3.07999754              42
   3.08999753              41
   3.09999752              41
   3.10999751              40
   3.11999750              40
   3.12999749              40
   3.13999748              40
   3.14999747              39
   3.15999746              38
   3.16999745              38
   3.17999744              38
   3.18999743              38
   3.19999743              37
   3.20999742              37
   3.21999741              37
   3.22999740              35
   3.23999739              35
   3.24999738              35
   3.25999737              35
   3.26999736              34
   3.27999735              34
   3.28999734              34
   3.29999733              34
   3.30999732              34
   3.31999731              34
   3.32999730              33
   3.33999729              33
   3.34999728              33
   3.35999727              33
   3.36999726              32
   3.37999725              32
   3.38999724              30
   3.39999723              30
   3.40999722              30
   3.41999722              30
   3.42999721              30
   3.43999720              29
   3.44999719              29
   3.45999718              28
   3.46999717              27
   3.47999716              27
   3.48999715              27
   3.49999714              27
   3.50999713              27
   3.51999712              27
   3.52999711              27
   3.53999710              27
   3.54999709              27
   3.55999708              27
   3.56999707              26
   3.57999706              26
   3.58999705              26
   3.59999704              26
   3.60999703              26
   3.61999702              25
   3.62999701              24
   3.63999701              24
   3.64999700              24
   3.65999699              23
   3.66999698              23
   3.67999697              22
   3.68999696              22
   3.69999695              22
   3.70999694              22
   3.71999693              22
   3.72999692              22
   3.73999691              22
   3.74999690              20
   3.75999689              20
   3.76999688              19
   3.77999687              18
   3.78999686              18
   3.79999685              18
   3.80999684              18
   3.81999683              18
   3.82999682              18
   3.83999681              18
   3.84999681              18
   3.85999680              18
   3.86999679              18
   3.87999678              18
   3.88999677              18
   3.89999676              18
   3.90999675              18
   3.91999674              18
   3.92999673              18
   3.93999672              18
   3.94999671              18
   3.95999670              18
   3.96999669              18
   3.97999668              18
   3.98999667              18
   3.99999666              18
   4.00999689              18
   4.01999712              17
   4.02999735              17
   4.03999758              17
   4.04999781              17
   4.05999804              17
   4.06999826              17
   4.07999849              17
   4.08999872              17
   4.09999895              17
   4.10999918              17
   4.11999941              17
   4.12999964              17
   4.13999987              17
   4.15000010              17
   4.16000032              17
   4.17000055              17
   4.18000078              17
   4.19000101              17
   4.20000124              17
   4.21000147              17
   4.22000170              17
   4.23000193              17
   4.24000216              16
   4.25000238              16
   4.26000261              15
   4.27000284              15
   4.28000307              15
   4.29000330              15
   4.30000353              15
   4.31000376              15
   4.32000399              15
   4.33000422              14
   4.34000444              14
   4.35000467              14
   4.36000490              14
   4.37000513              14
   4.38000536              14
   4.39000559              14
   4.40000582              13
   4.41000605              13
   4.42000628              13
   4.43000650              13
   4.44000673              13
   4.45000696              13
   4.46000719              12
   4.47000742              11
   4.48000765              11
   4.49000788              10
   4.50000811              10
   4.51000834              10
   4.52000856               9
   4.53000879               9
   4.54000902               9
   4.55000925               9
   4.56000948               9
   4.57000971               9
   4.58000994               9
   4.59001017               8
   4.60001040               8
   4.61001062               8
   4.62001085               8
   4.63001108               8
   4.64001131               8
   4.65001154               8
   4.66001177               8
   4.67001200               8
   4.68001223               8
   4.69001245               8
   4.70001268               8
   4.71001291               8
   4.72001314               8
   4.73001337               8
   4.74001360               8
   4.75001383               8
   4.76001406               7
   4.77001429               7
   4.78001451               7
   4.79001474               7
   4.80001497               7
   4.81001520               6
   4.82001543               6
   4.83001566               6
   4.84001589               6
   4.85001612               6
   4.86001635               6
   4.87001657               6
   4.88001680               6
   4.89001703               6
   4.90001726               6
   4.91001749               6
   4.92001772               6
   4.93001795               6
   4.94001818               6
   4.95001841               6
   4.96001863               6
   4.97001886               6
   4.98001909               6
   4.99001932               6
   5.00001955               6
   5.01001978               6
   5.02002001               6
   5.03002024               6
   5.04002047               6
   5.05002069               6
   5.06002092               6
   5.07002115               6
   5.08002138               5
   5.09002161               5
   5.10002184               5
   5.11002207               5
   5.12002230               5
   5.13002253               5
   5.14002275               5
   5.15002298               5
   5.16002321               5
   5.17002344               5
   5.18002367               5
   5.19002390               5
   5.20002413               5
   5.21002436               5
   5.22002459               5
   5.23002481               5
   5.24002504               5
   5.25002527               5
   5.26002550               5
   5.27002573               5
   5.28002596               5
   5.29002619               5
   5.30002642               5
   5.31002665               5
   5.32002687               5
   5.33002710               5
   5.34002733               5
   5.35002756               5
   5.36002779               5
   5.37002802               5
   5.38002825               5
   5.39002848               5
   5.40002871               5
   5.41002893               5
   5.42002916               5
   5.43002939               5
   5.44002962               5
   5.45002985               5
   5.46003008               5
   5.47003031               5
   5.48003054               5
   5.49003077               5
   5.50003099               5
   5.51003122               5
   5.52003145               5
   5.53003168               5
   5.54003191               5
   5.55003214               5
   5.56003237               5
   5.57003260               5
   5.58003283               4
   5.59003305               4
   5.60003328               4
   5.61003351               4
   5.62003374               4
   5.63003397               4
   5.64003420               4
   5.65003443               4
   5.66003466               4
   5.67003489               3
   5.68003511               3
   5.69003534               3
   5.70003557               3
   5.71003580               3
   5.72003603               3
   5.73003626               3
   5.74003649               3
   5.75003672               3
   5.76003695               3
   5.77003717               3
   5.78003740               3
   5.79003763               3
   5.80003786               3
   5.81003809               3
   5.82003832               3
   5.83003855               3
   5.84003878               3
   5.85003901               3
   5.86003923               3
   5.87003946               3
   5.88003969               3
   5.89003992               3
   5.90004015               3
   5.91004038               3
   5.92004061               3
   5.93004084               3
   5.94004107               3
   5.95004129               3
   5.96004152               3
   5.97004175               3
   5.98004198               3
   5.99004221               2
   6.00004244               2
   6.01004267               1
   6.02004290               1
   6.03004313               1
   6.04004335               1
   6.05004358               1
   6.06004381               1
   6.07004404               1
   6.08004427               1
   6.09004450               0
   6.10004473               0
   6.11004496               0
   6.12004519               0
   6.13004541               0
   6.14004564               0
   6.15004587               0
   6.16004610               0
   6.17004633               0
   6.18004656               0
   6.19004679               0
   6.20004702               0
   6.21004725               0
   6.22004747               0
   6.23004770               0
   6.24004793               0
   6.25004816               0
   6.26004839               0
   6.27004862               0
   6.28004885               0
   6.29004908               0
   6.30004930               0
   6.31004953               0
   6.32004976               0
   6.33004999               0
   6.34005022               0
   6.35005045               0
   6.36005068               0
   6.37005091               0
   6.38005114               0
   6.39005136               0
   6.40005159               0
   6.41005182               0
   6.42005205               0
   6.43005228               0
   6.44005251               0
   6.45005274               0
   6.46005297               0
   6.47005320               0
   6.48005342               0
   6.49005365               0
   6.50005388               0
   6.51005411               0
   6.52005434               0
   6.53005457               0
   6.54005480               0
   6.55005503               0
   6.56005526               0
   6.57005548               0
   6.58005571               0
   6.59005594               0
   6.60005617               0
   6.61005640               0
   6.62005663               0
   6.63005686               0
   6.64005709               0
   6.65005732               0
   6.66005754               0
   6.67005777               0
   6.68005800               0
   6.69005823               0
   6.70005846               0
   6.71005869               0
   6.72005892               0
   6.73005915               0
   6.74005938               0
   6.75005960               0
   6.76005983               0
   6.77006006               0
   6.78006029               0
   6.79006052               0
   6.80006075               0
   6.81006098               0
   6.82006121               0
   6.83006144               0
   6.84006166               0
   6.85006189               0
   6.86006212               0
   6.87006235               0
   6.88006258               0
   6.89006281               0
   6.90006304               0
   6.91006327               0
   6.92006350               0
   6.93006372               0
   6.94006395               0
   6.95006418               0
   6.96006441               0
   6.97006464               0
   6.98006487               0
   6.99006510               0
   7.00006533               0
   7.01006556               0
   7.02006578               0
   7.03006601               0
   7.04006624               0
   7.05006647               0
   7.06006670               0
   7.07006693               0
   7.08006716               0
   7.09006739               0
   7.10006762               0
   7.11006784               0
   7.12006807               0
   7.13006830               0
   7.14006853               0
   7.15006876               0
   7.16006899               0
   7.17006922               0
   7.18006945               0
   7.19006968               0
   7.20006990               0
   7.21007013               0
   7.22007036               0
   7.23007059               0
   7.24007082               0
   7.25007105               0
   7.26007128               0
   7.27007151               0
   7.28007174               0
   7.29007196               0
   7.30007219               0
   7.31007242               0
   7.32007265               0
   7.33007288               0
   7.34007311               0
   7.35007334               0
   7.36007357               0
   7.37007380               0
   7.38007402               0
   7.39007425               0
   7.40007448               0
   7.41007471               0
   7.42007494               0
   7.43007517               0
   7.44007540               0
   7.45007563               0
   7.46007586               0
   7.47007608               0
   7.48007631               0
   7.49007654               0
   7.50007677               0
   7.51007700               0
   7.52007723               0
   7.53007746               0
   7.54007769               0
   7.55007792               0
   7.56007814               0
   7.57007837               0
   7.58007860               0
   7.59007883               0
   7.60007906               0
   7.61007929               0
   7.62007952               0
   7.63007975               0
   7.64007998               0
   7.65008020               0
   7.66008043               0
   7.67008066               0
   7.68008089               0
   7.69008112               0
   7.70008135               0
   7.71008158               0
   7.72008181               0
   7.73008204               0
   7.74008226               0
   7.75008249               0
   7.76008272               0
   7.77008295               0
   7.78008318               0
   7.79008341               0
   7.80008364               0
   7.81008387               0
   7.82008410               0
   7.83008432               0
   7.84008455               0
   7.85008478               0
   7.86008501               0
   7.87008524               0
   7.88008547               0
   7.89008570               0
   7.90008593               0
   7.91008615               0
   7.92008638               0
   7.93008661               0
   7.94008684               0
   7.95008707               0
   7.96008730               0
   7.97008753               0
   7.98008776               0
   7.99008799               0
   8.00008774               0
