   0.00000000             991
   9.99999978E-03         986
   1.99999996E-02         976
   2.99999993E-02         966
   3.99999991E-02         961
   4.99999970E-02         945
   5.99999949E-02         937
   6.99999928E-02         926
   7.99999908E-02         921
   8.99999887E-02         916
   9.99999866E-02         907
  0.109999985             891
  0.119999982             880
  0.129999980             872
  0.139999986             861
  0.149999991             858
  0.159999996             850
  0.170000002             841
  0.180000007             831
  0.190000013             824
  0.200000018             816
  0.210000023             809
  0.220000029             805
  0.230000034             792
  0.240000039             781
  0.250000030             770
  0.260000020             763
  0.270000011             759
  0.280000001             753
  0.289999992             741
  0.299999982             728
  0.309999973             721
  0.319999963             714
  0.329999954             706
  0.339999944             697
  0.349999934             689
  0.359999925             681
  0.369999915             670
  0.379999906             663
  0.389999896             658
  0.399999887             649
  0.409999877             644
  0.419999868             636
  0.429999858             629
  0.439999849             624
  0.449999839             618
  0.459999830             613
  0.469999820             605
  0.479999810             596
  0.489999801             587
  0.499999791             581
  0.509999812             577
  0.519999802             567
  0.529999793             562
  0.539999783             558
  0.549999774             552
  0.559999764             548
  0.569999754             543
  0.579999745             537
  0.589999735             532
  0.599999726             527
  0.609999716             522
  0.619999707             512
  0.629999697             503
  0.639999688             500
  0.649999678             489
  0.659999669             487
  0.669999659             482
  0.679999650             478
  0.689999640             477
  0.699999630             470
  0.709999621             463
  0.719999611             455
  0.729999602             455
  0.739999592             452
  0.749999583             447
  0.759999573             445
  0.769999564             443
  0.779999554             439
  0.789999545             437
  0.799999535             427
  0.809999526             423
  0.819999516             418
  0.829999506             416
  0.839999497             415
  0.849999487             412
  0.859999478             406
  0.869999468             404
  0.879999459             401
  0.889999449             398
  0.899999440             395
  0.909999430             391
  0.919999421             386
  0.929999411             379
  0.939999402             374
  0.949999392             370
  0.959999382             367
  0.969999373             362
  0.979999363             357
  0.989999354             354
  0.999999344             348
   1.00999939             345
   1.01999938             339
   1.02999938             332
   1.03999937             332
   1.04999936             329
   1.05999935             329
   1.06999934             324
   1.07999933             319
   1.08999932             315
   1.09999931             311
   1.10999930             308
   1.11999929             306
   1.12999928             302
   1.13999927             300
   1.14999926             297
   1.15999925             295
   1.16999924             291
   1.17999923             290
   1.18999922             289
   1.19999921             284
   1.20999920             282
   1.21999919             282
   1.22999918             280
   1.23999918             277
   1.24999917             273
   1.25999916             269
   1.26999915             267
   1.27999914             265
   1.28999913             262
   1.29999912             260
   1.30999911             258
   1.31999910             257
   1.32999909             254
   1.33999908             250
   1.34999907             246
   1.35999906             244
   1.36999905             243
   1.37999904             243
   1.38999903             240
   1.39999902             238
   1.40999901             238
   1.41999900             237
   1.42999899             234
   1.43999898             234
   1.44999897             232
   1.45999897             230
   1.46999896             230
   1.47999895             229
   1.48999894             228
   1.49999893             227
   1.50999892             226
   1.51999891             224
   1.52999890             221
   1.53999889             221
   1.54999888             217
   1.55999887             215
   1.56999886             212
   1.57999885             212
   1.58999884             208
   1.59999883             204
   1.60999882             203
   1.61999881             200
   1.62999880             195
   1.63999879             194
   1.64999878             194
   1.65999877             193
   1.66999876             189
   1.67999876             186
   1.68999875             182
   1.69999874             179
   1.70999873             179
   1.71999872             177
   1.72999871             174
   1.73999870             173
   1.74999869             172
   1.75999868             170
   1.76999867             168
   1.77999866             165
   1.78999865             164
   1.79999864             164
   1.80999863             164
   1.81999862             163
   1.82999861             161
   1.83999860             159
   1.84999859             159
   1.85999858             159
   1.86999857             158
   1.87999856             158
   1.88999856             156
   1.89999855             156
   1.90999854             152
   1.91999853             150
   1.92999852             146
   1.93999851             145
   1.94999850             144
   1.95999849             143
   1.96999848             143
   1.97999847             139
   1.98999846             135
   1.99999845             134
   2.00999856             133
   2.01999855             133
   2.02999854             132
   2.03999853             131
   2.04999852             130
   2.05999851             127
   2.06999850             125
   2.07999849             122
   2.08999848             119
   2.09999847             119
   2.10999846             119
   2.11999846             118
   2.12999845             116
   2.13999844             116
   2.14999843             115
   2.15999842             114
   2.16999841             113
   2.17999840             113
   2.18999839             111
   2.19999838             110
   2.20999837             108
   2.21999836             106
   2.22999835             105
   2.23999834             104
   2.24999833             103
   2.25999832             101
   2.26999831             100
   2.27999830             100
   2.28999829             100
   2.29999828              99
   2.30999827              99
   2.31999826              99
   2.32999825              98
   2.33999825              97
   2.34999824              96
   2.35999823              94
   2.36999822              93
   2.37999821              92
   2.38999820              89
   2.39999819              89
   2.40999818              89
   2.41999817              89
   2.42999816              88
   2.43999815              86
   2.44999814              86
   2.45999813              86
   2.46999812              86
   2.47999811              84
   2.48999810              83
   2.49999809              83
   2.50999808              83
   2.51999807              83
   2.52999806              82
   2.53999805              82
   2.54999804              82
   2.55999804              81
   2.56999803              81
   2.57999802              81
   2.58999801              80
   2.59999800              79
   2.60999799              79
   2.61999798              77
   2.62999797              76
   2.63999796              76
   2.64999795              75
   2.65999794              74
   2.66999793              74
   2.67999792              74
   2.68999791              73
   2.69999790              73
   2.70999789              72
   2.71999788              70
   2.72999787              70
   2.73999786              70
   2.74999785              70
   2.75999784              70
   2.76999784              69
   2.77999783              67
   2.78999782              65
   2.79999781              65
   2.80999780              63
   2.81999779              63
   2.82999778              62
   2.83999777              62
   2.84999776              61
   2.85999775              61
   2.86999774              60
   2.87999773              60
   2.88999772              59
   2.89999771              58
   2.90999770              57
   2.91999769              57
   2.92999768              57
   2.93999767              57
   2.94999766              56
   2.95999765              55
   2.96999764              53
   2.97999763              52
   2.98999763              52
   2.99999762              51
   3.00999761              51
   3.01999760              51
   3.02999759              51
   3.03999758              51
   3.04999757              50
   3.05999756              49
   3.06999755              47
   3.07999754              45
   3.08999753              45
   3.09999752              43
   3.10999751              43
   3.11999750              42
   3.12999749              41
   3.13999748              40
   3.14999747              40
   3.15999746              40
   3.16999745              40
   3.17999744              40
   3.18999743              40
   3.19999743              39
   3.20999742              39
   3.21999741              37
   3.22999740              37
   3.23999739              37
   3.24999738              36
   3.25999737              36
   3.26999736              36
   3.27999735              36
   3.28999734              36
   3.29999733              35
   3.30999732              35
   3.31999731              35
   3.32999730              35
   3.33999729              35
   3.34999728              34
   3.35999727              34
   3.36999726              34
   3.37999725              34
   3.38999724              34
   3.39999723              33
   3.40999722              31
   3.41999722              31
   3.42999721              31
   3.43999720              31
   3.44999719              31
   3.45999718              31
   3.46999717              31
   3.47999716              31
   3.48999715              31
   3.49999714              31
   3.50999713              31
   3.51999712              30
   3.52999711              30
   3.53999710              30
   3.54999709              30
   3.55999708              30
   3.56999707              30
   3.57999706              30
   3.58999705              30
   3.59999704              29
   3.60999703              29
   3.61999702              29
   3.62999701              29
   3.63999701              29
   3.64999700              29
   3.65999699              29
   3.66999698              28
   3.67999697              27
   3.68999696              27
   3.69999695              26
   3.70999694              26
   3.71999693              26
   3.72999692              26
   3.73999691              25
   3.74999690              25
   3.75999689              25
   3.76999688              25
   3.77999687              25
   3.78999686              25
   3.79999685              25
   3.80999684              23
   3.81999683              22
   3.82999682              22
   3.83999681              22
   3.84999681              22
   3.85999680              22
   3.86999679              22
   3.87999678              21
   3.88999677              21
   3.89999676              21
   3.90999675              20
   3.91999674              20
   3.92999673              20
   3.93999672              20
   3.94999671              20
   3.95999670              20
   3.96999669              20
   3.97999668              20
   3.98999667              20
   3.99999666              20
   4.00999689              20
   4.01999712              18
   4.02999735              18
   4.03999758              17
   4.04999781              17
   4.05999804              17
   4.06999826              17
   4.07999849              17
   4.08999872              17
   4.09999895              16
   4.10999918              15
   4.11999941              14
   4.12999964              14
   4.13999987              14
   4.15000010              14
   4.16000032              14
   4.17000055              13
   4.18000078              13
   4.19000101              13
   4.20000124              13
   4.21000147              12
   4.22000170              12
   4.23000193              12
   4.24000216              12
   4.25000238              12
   4.26000261              12
   4.27000284              12
   4.28000307              12
   4.29000330              12
   4.30000353              12
   4.31000376              11
   4.32000399              11
   4.33000422              11
   4.34000444              11
   4.35000467              11
   4.36000490              11
   4.37000513              11
   4.38000536              11
   4.39000559              11
   4.40000582              11
   4.41000605              11
   4.42000628              10
   4.43000650               9
   4.44000673               9
   4.45000696               9
   4.46000719               9
   4.47000742               9
   4.48000765               9
   4.49000788               9
   4.50000811               9
   4.51000834               9
   4.52000856               9
   4.53000879               9
   4.54000902               9
   4.55000925               9
   4.56000948               9
   4.57000971               9
   4.58000994               9
   4.59001017               9
   4.60001040               9
   4.61001062               9
   4.62001085               9
   4.63001108               8
   4.64001131               8
   4.65001154               8
   4.66001177               7
   4.67001200               7
   4.68001223               7
   4.69001245               7
   4.70001268               7
   4.71001291               7
   4.72001314               7
   4.73001337               7
   4.74001360               7
   4.75001383               6
   4.76001406               6
   4.77001429               6
   4.78001451               6
   4.79001474               6
   4.80001497               6
   4.81001520               6
   4.82001543               6
   4.83001566               6
   4.84001589               6
   4.85001612               6
   4.86001635               6
   4.87001657               6
   4.88001680               6
   4.89001703               6
   4.90001726               6
   4.91001749               6
   4.92001772               6
   4.93001795               6
   4.94001818               6
   4.95001841               6
   4.96001863               6
   4.97001886               6
   4.98001909               6
   4.99001932               6
   5.00001955               6
   5.01001978               6
   5.02002001               6
   5.03002024               6
   5.04002047               6
   5.05002069               6
   5.06002092               6
   5.07002115               6
   5.08002138               6
   5.09002161               6
   5.10002184               6
   5.11002207               6
   5.12002230               6
   5.13002253               6
   5.14002275               6
   5.15002298               6
   5.16002321               6
   5.17002344               6
   5.18002367               5
   5.19002390               5
   5.20002413               5
   5.21002436               5
   5.22002459               5
   5.23002481               5
   5.24002504               5
   5.25002527               4
   5.26002550               4
   5.27002573               4
   5.28002596               4
   5.29002619               4
   5.30002642               4
   5.31002665               4
   5.32002687               4
   5.33002710               4
   5.34002733               4
   5.35002756               3
   5.36002779               3
   5.37002802               3
   5.38002825               3
   5.39002848               3
   5.40002871               3
   5.41002893               3
   5.42002916               3
   5.43002939               3
   5.44002962               3
   5.45002985               3
   5.46003008               3
   5.47003031               3
   5.48003054               3
   5.49003077               3
   5.50003099               3
   5.51003122               3
   5.52003145               3
   5.53003168               3
   5.54003191               2
   5.55003214               2
   5.56003237               2
   5.57003260               2
   5.58003283               2
   5.59003305               2
   5.60003328               2
   5.61003351               2
   5.62003374               2
   5.63003397               2
   5.64003420               2
   5.65003443               2
   5.66003466               2
   5.67003489               2
   5.68003511               2
   5.69003534               2
   5.70003557               2
   5.71003580               2
   5.72003603               2
   5.73003626               2
   5.74003649               2
   5.75003672               2
   5.76003695               2
   5.77003717               2
   5.78003740               2
   5.79003763               2
   5.80003786               2
   5.81003809               2
   5.82003832               2
   5.83003855               2
   5.84003878               2
   5.85003901               2
   5.86003923               2
   5.87003946               2
   5.88003969               2
   5.89003992               2
   5.90004015               2
   5.91004038               2
   5.92004061               2
   5.93004084               2
   5.94004107               2
   5.95004129               2
   5.96004152               2
   5.97004175               2
   5.98004198               2
   5.99004221               2
   6.00004244               2
   6.01004267               2
   6.02004290               2
   6.03004313               2
   6.04004335               2
   6.05004358               2
   6.06004381               2
   6.07004404               2
   6.08004427               1
   6.09004450               1
   6.10004473               1
   6.11004496               1
   6.12004519               1
   6.13004541               1
   6.14004564               1
   6.15004587               1
   6.16004610               1
   6.17004633               1
   6.18004656               1
   6.19004679               1
   6.20004702               1
   6.21004725               1
   6.22004747               1
   6.23004770               1
   6.24004793               1
   6.25004816               1
   6.26004839               1
   6.27004862               1
   6.28004885               1
   6.29004908               1
   6.30004930               1
   6.31004953               1
   6.32004976               1
   6.33004999               1
   6.34005022               1
   6.35005045               1
   6.36005068               1
   6.37005091               1
   6.38005114               1
   6.39005136               1
   6.40005159               1
   6.41005182               1
   6.42005205               1
   6.43005228               1
   6.44005251               1
   6.45005274               1
   6.46005297               1
   6.47005320               0
   6.48005342               0
   6.49005365               0
   6.50005388               0
   6.51005411               0
   6.52005434               0
   6.53005457               0
   6.54005480               0
   6.55005503               0
   6.56005526               0
   6.57005548               0
   6.58005571               0
   6.59005594               0
   6.60005617               0
   6.61005640               0
   6.62005663               0
   6.63005686               0
   6.64005709               0
   6.65005732               0
   6.66005754               0
   6.67005777               0
   6.68005800               0
   6.69005823               0
   6.70005846               0
   6.71005869               0
   6.72005892               0
   6.73005915               0
   6.74005938               0
   6.75005960               0
   6.76005983               0
   6.77006006               0
   6.78006029               0
   6.79006052               0
   6.80006075               0
   6.81006098               0
   6.82006121               0
   6.83006144               0
   6.84006166               0
   6.85006189               0
   6.86006212               0
   6.87006235               0
   6.88006258               0
   6.89006281               0
   6.90006304               0
   6.91006327               0
   6.92006350               0
   6.93006372               0
   6.94006395               0
   6.95006418               0
   6.96006441               0
   6.97006464               0
   6.98006487               0
   6.99006510               0
   7.00006533               0
   7.01006556               0
   7.02006578               0
   7.03006601               0
   7.04006624               0
   7.05006647               0
   7.06006670               0
   7.07006693               0
   7.08006716               0
   7.09006739               0
   7.10006762               0
   7.11006784               0
   7.12006807               0
   7.13006830               0
   7.14006853               0
   7.15006876               0
   7.16006899               0
   7.17006922               0
   7.18006945               0
   7.19006968               0
   7.20006990               0
   7.21007013               0
   7.22007036               0
   7.23007059               0
   7.24007082               0
   7.25007105               0
   7.26007128               0
   7.27007151               0
   7.28007174               0
   7.29007196               0
   7.30007219               0
   7.31007242               0
   7.32007265               0
   7.33007288               0
   7.34007311               0
   7.35007334               0
   7.36007357               0
   7.37007380               0
   7.38007402               0
   7.39007425               0
   7.40007448               0
   7.41007471               0
   7.42007494               0
   7.43007517               0
   7.44007540               0
   7.45007563               0
   7.46007586               0
   7.47007608               0
   7.48007631               0
   7.49007654               0
   7.50007677               0
   7.51007700               0
   7.52007723               0
   7.53007746               0
   7.54007769               0
   7.55007792               0
   7.56007814               0
   7.57007837               0
   7.58007860               0
   7.59007883               0
   7.60007906               0
   7.61007929               0
   7.62007952               0
   7.63007975               0
   7.64007998               0
   7.65008020               0
   7.66008043               0
   7.67008066               0
   7.68008089               0
   7.69008112               0
   7.70008135               0
   7.71008158               0
   7.72008181               0
   7.73008204               0
   7.74008226               0
   7.75008249               0
   7.76008272               0
   7.77008295               0
   7.78008318               0
   7.79008341               0
   7.80008364               0
   7.81008387               0
   7.82008410               0
   7.83008432               0
   7.84008455               0
   7.85008478               0
   7.86008501               0
   7.87008524               0
   7.88008547               0
   7.89008570               0
   7.90008593               0
   7.91008615               0
   7.92008638               0
   7.93008661               0
   7.94008684               0
   7.95008707               0
   7.96008730               0
   7.97008753               0
   7.98008776               0
   7.99008799               0
   8.00008774               0
