   0.00000000             988
   9.99999978E-03         980
   1.99999996E-02         973
   2.99999993E-02         965
   3.99999991E-02         958
   4.99999970E-02         947
   5.99999949E-02         940
   6.99999928E-02         927
   7.99999908E-02         913
   8.99999887E-02         903
   9.99999866E-02         891
  0.109999985             881
  0.119999982             872
  0.129999980             867
  0.139999986             864
  0.149999991             855
  0.159999996             849
  0.170000002             838
  0.180000007             827
  0.190000013             817
  0.200000018             807
  0.210000023             802
  0.220000029             786
  0.230000034             782
  0.240000039             773
  0.250000030             767
  0.260000020             760
  0.270000011             751
  0.280000001             746
  0.289999992             737
  0.299999982             727
  0.309999973             719
  0.319999963             716
  0.329999954             711
  0.339999944             700
  0.349999934             692
  0.359999925             684
  0.369999915             678
  0.379999906             671
  0.389999896             667
  0.399999887             659
  0.409999877             652
  0.419999868             645
  0.429999858             637
  0.439999849             633
  0.449999839             620
  0.459999830             616
  0.469999820             611
  0.479999810             601
  0.489999801             596
  0.499999791             591
  0.509999812             582
  0.519999802             574
  0.529999793             567
  0.539999783             563
  0.549999774             557
  0.559999764             552
  0.569999754             545
  0.579999745             537
  0.589999735             535
  0.599999726             529
  0.609999716             525
  0.619999707             522
  0.629999697             519
  0.639999688             515
  0.649999678             509
  0.659999669             504
  0.669999659             497
  0.679999650             485
  0.689999640             481
  0.699999630             478
  0.709999621             469
  0.719999611             464
  0.729999602             458
  0.739999592             450
  0.749999583             446
  0.759999573             444
  0.769999564             440
  0.779999554             432
  0.789999545             425
  0.799999535             421
  0.809999526             416
  0.819999516             410
  0.829999506             407
  0.839999497             402
  0.849999487             398
  0.859999478             395
  0.869999468             390
  0.879999459             384
  0.889999449             382
  0.899999440             378
  0.909999430             372
  0.919999421             370
  0.929999411             367
  0.939999402             364
  0.949999392             356
  0.959999382             353
  0.969999373             350
  0.979999363             346
  0.989999354             343
  0.999999344             342
   1.00999939             336
   1.01999938             333
   1.02999938             330
   1.03999937             328
   1.04999936             325
   1.05999935             318
   1.06999934             316
   1.07999933             313
   1.08999932             309
   1.09999931             305
   1.10999930             302
   1.11999929             299
   1.12999928             296
   1.13999927             295
   1.14999926             293
   1.15999925             292
   1.16999924             286
   1.17999923             284
   1.18999922             281
   1.19999921             276
   1.20999920             271
   1.21999919             270
   1.22999918             267
   1.23999918             264
   1.24999917             263
   1.25999916             262
   1.26999915             261
   1.27999914             259
   1.28999913             257
   1.29999912             254
   1.30999911             250
   1.31999910             248
   1.32999909             242
   1.33999908             240
   1.34999907             236
   1.35999906             234
   1.36999905             232
   1.37999904             230
   1.38999903             225
   1.39999902             224
   1.40999901             223
   1.41999900             222
   1.42999899             221
   1.43999898             221
   1.44999897             219
   1.45999897             217
   1.46999896             215
   1.47999895             212
   1.48999894             209
   1.49999893             206
   1.50999892             203
   1.51999891             200
   1.52999890             199
   1.53999889             195
   1.54999888             192
   1.55999887             191
   1.56999886             189
   1.57999885             187
   1.58999884             186
   1.59999883             184
   1.60999882             181
   1.61999881             179
   1.62999880             177
   1.63999879             175
   1.64999878             172
   1.65999877             171
   1.66999876             171
   1.67999876             169
   1.68999875             169
   1.69999874             169
   1.70999873             169
   1.71999872             169
   1.72999871             169
   1.73999870             168
   1.74999869             168
   1.75999868             165
   1.76999867             164
   1.77999866             162
   1.78999865             161
   1.79999864             159
   1.80999863             157
   1.81999862             153
   1.82999861             152
   1.83999860             147
   1.84999859             146
   1.85999858             145
   1.86999857             143
   1.87999856             143
   1.88999856             141
   1.89999855             141
   1.90999854             140
   1.91999853             140
   1.92999852             138
   1.93999851             138
   1.94999850             137
   1.95999849             136
   1.96999848             129
   1.97999847             127
   1.98999846             124
   1.99999845             124
   2.00999856             124
   2.01999855             123
   2.02999854             123
   2.03999853             123
   2.04999852             123
   2.05999851             122
   2.06999850             121
   2.07999849             121
   2.08999848             120
   2.09999847             119
   2.10999846             118
   2.11999846             117
   2.12999845             116
   2.13999844             111
   2.14999843             111
   2.15999842             109
   2.16999841             109
   2.17999840             108
   2.18999839             105
   2.19999838             105
   2.20999837             104
   2.21999836             102
   2.22999835             100
   2.23999834             100
   2.24999833              98
   2.25999832              98
   2.26999831              97
   2.27999830              96
   2.28999829              96
   2.29999828              96
   2.30999827              95
   2.31999826              94
   2.32999825              93
   2.33999825              93
   2.34999824              92
   2.35999823              91
   2.36999822              91
   2.37999821              90
   2.38999820              90
   2.39999819              89
   2.40999818              89
   2.41999817              87
   2.42999816              87
   2.43999815              87
   2.44999814              83
   2.45999813              82
   2.46999812              81
   2.47999811              81
   2.48999810              81
   2.49999809              80
   2.50999808              80
   2.51999807              79
   2.52999806              79
   2.53999805              78
   2.54999804              78
   2.55999804              77
   2.56999803              77
   2.57999802              75
   2.58999801              75
   2.59999800              74
   2.60999799              74
   2.61999798              73
   2.62999797              72
   2.63999796              72
   2.64999795              72
   2.65999794              71
   2.66999793              70
   2.67999792              68
   2.68999791              68
   2.69999790              67
   2.70999789              67
   2.71999788              67
   2.72999787              66
   2.73999786              65
   2.74999785              64
   2.75999784              61
   2.76999784              61
   2.77999783              61
   2.78999782              60
   2.79999781              60
   2.80999780              60
   2.81999779              60
   2.82999778              60
   2.83999777              59
   2.84999776              59
   2.85999775              58
   2.86999774              56
   2.87999773              55
   2.88999772              55
   2.89999771              55
   2.90999770              55
   2.91999769              55
   2.92999768              55
   2.93999767              55
   2.94999766              54
   2.95999765              54
   2.96999764              54
   2.97999763              54
   2.98999763              54
   2.99999762              53
   3.00999761              51
   3.01999760              49
   3.02999759              49
   3.03999758              49
   3.04999757              49
   3.05999756              48
   3.06999755              47
   3.07999754              44
   3.08999753              44
   3.09999752              44
   3.10999751              43
   3.11999750              43
   3.12999749              42
   3.13999748              41
   3.14999747              41
   3.15999746              41
   3.16999745              40
   3.17999744              39
   3.18999743              39
   3.19999743              38
   3.20999742              38
   3.21999741              38
   3.22999740              37
   3.23999739              37
   3.24999738              36
   3.25999737              35
   3.26999736              34
   3.27999735              34
   3.28999734              34
   3.29999733              33
   3.30999732              33
   3.31999731              32
   3.32999730              32
   3.33999729              32
   3.34999728              32
   3.35999727              31
   3.36999726              31
   3.37999725              31
   3.38999724              31
   3.39999723              31
   3.40999722              31
   3.41999722              31
   3.42999721              31
   3.43999720              31
   3.44999719              30
   3.45999718              29
   3.46999717              29
   3.47999716              29
   3.48999715              28
   3.49999714              28
   3.50999713              28
   3.51999712              27
   3.52999711              27
   3.53999710              27
   3.54999709              27
   3.55999708              27
   3.56999707              27
   3.57999706              27
   3.58999705              27
   3.59999704              27
   3.60999703              27
   3.61999702              27
   3.62999701              26
   3.63999701              26
   3.64999700              25
   3.65999699              25
   3.66999698              25
   3.67999697              25
   3.68999696              25
   3.69999695              25
   3.70999694              24
   3.71999693              23
   3.72999692              23
   3.73999691              23
   3.74999690              23
   3.75999689              23
   3.76999688              23
   3.77999687              23
   3.78999686              23
   3.79999685              23
   3.80999684              22
   3.81999683              22
   3.82999682              22
   3.83999681              21
   3.84999681              21
   3.85999680              20
   3.86999679              20
   3.87999678              20
   3.88999677              19
   3.89999676              18
   3.90999675              18
   3.91999674              17
   3.92999673              17
   3.93999672              17
   3.94999671              17
   3.95999670              17
   3.96999669              17
   3.97999668              17
   3.98999667              16
   3.99999666              16
   4.00999689              15
   4.01999712              15
   4.02999735              15
   4.03999758              15
   4.04999781              15
   4.05999804              14
   4.06999826              14
   4.07999849              14
   4.08999872              14
   4.09999895              14
   4.10999918              14
   4.11999941              13
   4.12999964              13
   4.13999987              13
   4.15000010              13
   4.16000032              13
   4.17000055              13
   4.18000078              13
   4.19000101              13
   4.20000124              13
   4.21000147              13
   4.22000170              13
   4.23000193              13
   4.24000216              13
   4.25000238              13
   4.26000261              13
   4.27000284              13
   4.28000307              11
   4.29000330              11
   4.30000353              11
   4.31000376              11
   4.32000399              11
   4.33000422              10
   4.34000444              10
   4.35000467              10
   4.36000490              10
   4.37000513              10
   4.38000536              10
   4.39000559              10
   4.40000582              10
   4.41000605              10
   4.42000628              10
   4.43000650              10
   4.44000673              10
   4.45000696              10
   4.46000719              10
   4.47000742              10
   4.48000765              10
   4.49000788               9
   4.50000811               9
   4.51000834               9
   4.52000856               9
   4.53000879               9
   4.54000902               8
   4.55000925               8
   4.56000948               8
   4.57000971               7
   4.58000994               7
   4.59001017               7
   4.60001040               7
   4.61001062               7
   4.62001085               7
   4.63001108               7
   4.64001131               7
   4.65001154               7
   4.66001177               6
   4.67001200               6
   4.68001223               6
   4.69001245               6
   4.70001268               6
   4.71001291               6
   4.72001314               6
   4.73001337               6
   4.74001360               6
   4.75001383               6
   4.76001406               6
   4.77001429               6
   4.78001451               6
   4.79001474               6
   4.80001497               6
   4.81001520               6
   4.82001543               6
   4.83001566               6
   4.84001589               6
   4.85001612               6
   4.86001635               6
   4.87001657               5
   4.88001680               5
   4.89001703               5
   4.90001726               5
   4.91001749               5
   4.92001772               5
   4.93001795               5
   4.94001818               5
   4.95001841               5
   4.96001863               5
   4.97001886               5
   4.98001909               5
   4.99001932               5
   5.00001955               5
   5.01001978               5
   5.02002001               5
   5.03002024               4
   5.04002047               4
   5.05002069               4
   5.06002092               4
   5.07002115               4
   5.08002138               4
   5.09002161               4
   5.10002184               4
   5.11002207               4
   5.12002230               4
   5.13002253               4
   5.14002275               4
   5.15002298               4
   5.16002321               4
   5.17002344               4
   5.18002367               4
   5.19002390               4
   5.20002413               4
   5.21002436               4
   5.22002459               3
   5.23002481               3
   5.24002504               2
   5.25002527               2
   5.26002550               2
   5.27002573               2
   5.28002596               2
   5.29002619               2
   5.30002642               2
   5.31002665               2
   5.32002687               2
   5.33002710               2
   5.34002733               2
   5.35002756               2
   5.36002779               2
   5.37002802               2
   5.38002825               2
   5.39002848               2
   5.40002871               2
   5.41002893               2
   5.42002916               2
   5.43002939               2
   5.44002962               2
   5.45002985               2
   5.46003008               2
   5.47003031               2
   5.48003054               2
   5.49003077               2
   5.50003099               2
   5.51003122               2
   5.52003145               2
   5.53003168               2
   5.54003191               2
   5.55003214               2
   5.56003237               2
   5.57003260               2
   5.58003283               1
   5.59003305               1
   5.60003328               1
   5.61003351               1
   5.62003374               1
   5.63003397               1
   5.64003420               1
   5.65003443               1
   5.66003466               1
   5.67003489               1
   5.68003511               1
   5.69003534               1
   5.70003557               1
   5.71003580               1
   5.72003603               1
   5.73003626               1
   5.74003649               1
   5.75003672               1
   5.76003695               1
   5.77003717               1
   5.78003740               1
   5.79003763               1
   5.80003786               1
   5.81003809               1
   5.82003832               1
   5.83003855               1
   5.84003878               1
   5.85003901               1
   5.86003923               1
   5.87003946               1
   5.88003969               1
   5.89003992               1
   5.90004015               1
   5.91004038               1
   5.92004061               1
   5.93004084               1
   5.94004107               1
   5.95004129               1
   5.96004152               1
   5.97004175               1
   5.98004198               1
   5.99004221               1
   6.00004244               1
   6.01004267               1
   6.02004290               1
   6.03004313               1
   6.04004335               1
   6.05004358               1
   6.06004381               1
   6.07004404               1
   6.08004427               1
   6.09004450               1
   6.10004473               1
   6.11004496               1
   6.12004519               1
   6.13004541               1
   6.14004564               1
   6.15004587               1
   6.16004610               1
   6.17004633               1
   6.18004656               1
   6.19004679               1
   6.20004702               1
   6.21004725               1
   6.22004747               1
   6.23004770               1
   6.24004793               1
   6.25004816               1
   6.26004839               1
   6.27004862               1
   6.28004885               1
   6.29004908               1
   6.30004930               1
   6.31004953               1
   6.32004976               1
   6.33004999               1
   6.34005022               1
   6.35005045               1
   6.36005068               1
   6.37005091               1
   6.38005114               1
   6.39005136               1
   6.40005159               1
   6.41005182               1
   6.42005205               1
   6.43005228               1
   6.44005251               1
   6.45005274               1
   6.46005297               1
   6.47005320               1
   6.48005342               1
   6.49005365               1
   6.50005388               0
   6.51005411               0
   6.52005434               0
   6.53005457               0
   6.54005480               0
   6.55005503               0
   6.56005526               0
   6.57005548               0
   6.58005571               0
   6.59005594               0
   6.60005617               0
   6.61005640               0
   6.62005663               0
   6.63005686               0
   6.64005709               0
   6.65005732               0
   6.66005754               0
   6.67005777               0
   6.68005800               0
   6.69005823               0
   6.70005846               0
   6.71005869               0
   6.72005892               0
   6.73005915               0
   6.74005938               0
   6.75005960               0
   6.76005983               0
   6.77006006               0
   6.78006029               0
   6.79006052               0
   6.80006075               0
   6.81006098               0
   6.82006121               0
   6.83006144               0
   6.84006166               0
   6.85006189               0
   6.86006212               0
   6.87006235               0
   6.88006258               0
   6.89006281               0
   6.90006304               0
   6.91006327               0
   6.92006350               0
   6.93006372               0
   6.94006395               0
   6.95006418               0
   6.96006441               0
   6.97006464               0
   6.98006487               0
   6.99006510               0
   7.00006533               0
   7.01006556               0
   7.02006578               0
   7.03006601               0
   7.04006624               0
   7.05006647               0
   7.06006670               0
   7.07006693               0
   7.08006716               0
   7.09006739               0
   7.10006762               0
   7.11006784               0
   7.12006807               0
   7.13006830               0
   7.14006853               0
   7.15006876               0
   7.16006899               0
   7.17006922               0
   7.18006945               0
   7.19006968               0
   7.20006990               0
   7.21007013               0
   7.22007036               0
   7.23007059               0
   7.24007082               0
   7.25007105               0
   7.26007128               0
   7.27007151               0
   7.28007174               0
   7.29007196               0
   7.30007219               0
   7.31007242               0
   7.32007265               0
   7.33007288               0
   7.34007311               0
   7.35007334               0
   7.36007357               0
   7.37007380               0
   7.38007402               0
   7.39007425               0
   7.40007448               0
   7.41007471               0
   7.42007494               0
   7.43007517               0
   7.44007540               0
   7.45007563               0
   7.46007586               0
   7.47007608               0
   7.48007631               0
   7.49007654               0
   7.50007677               0
   7.51007700               0
   7.52007723               0
   7.53007746               0
   7.54007769               0
   7.55007792               0
   7.56007814               0
   7.57007837               0
   7.58007860               0
   7.59007883               0
   7.60007906               0
   7.61007929               0
   7.62007952               0
   7.63007975               0
   7.64007998               0
   7.65008020               0
   7.66008043               0
   7.67008066               0
   7.68008089               0
   7.69008112               0
   7.70008135               0
   7.71008158               0
   7.72008181               0
   7.73008204               0
   7.74008226               0
   7.75008249               0
   7.76008272               0
   7.77008295               0
   7.78008318               0
   7.79008341               0
   7.80008364               0
   7.81008387               0
   7.82008410               0
   7.83008432               0
   7.84008455               0
   7.85008478               0
   7.86008501               0
   7.87008524               0
   7.88008547               0
   7.89008570               0
   7.90008593               0
   7.91008615               0
   7.92008638               0
   7.93008661               0
   7.94008684               0
   7.95008707               0
   7.96008730               0
   7.97008753               0
   7.98008776               0
   7.99008799               0
   8.00008774               0
