   0.00000000             984
   9.99999978E-03         977
   1.99999996E-02         968
   2.99999993E-02         958
   3.99999991E-02         950
   4.99999970E-02         945
   5.99999949E-02         933
   6.99999928E-02         925
   7.99999908E-02         910
   8.99999887E-02         903
   9.99999866E-02         896
  0.109999985             888
  0.119999982             879
  0.129999980             871
  0.139999986             862
  0.149999991             856
  0.159999996             849
  0.170000002             838
  0.180000007             830
  0.190000013             824
  0.200000018             814
  0.210000023             803
  0.220000029             798
  0.230000034             791
  0.240000039             779
  0.250000030             772
  0.260000020             760
  0.270000011             744
  0.280000001             735
  0.289999992             731
  0.299999982             724
  0.309999973             717
  0.319999963             708
  0.329999954             698
  0.339999944             691
  0.349999934             684
  0.359999925             678
  0.369999915             673
  0.379999906             667
  0.389999896             659
  0.399999887             654
  0.409999877             647
  0.419999868             642
  0.429999858             634
  0.439999849             627
  0.449999839             618
  0.459999830             614
  0.469999820             609
  0.479999810             605
  0.489999801             603
  0.499999791             600
  0.509999812             591
  0.519999802             584
  0.529999793             580
  0.539999783             573
  0.549999774             565
  0.559999764             560
  0.569999754             553
  0.579999745             547
  0.589999735             543
  0.599999726             540
  0.609999716             536
  0.619999707             529
  0.629999697             528
  0.639999688             524
  0.649999678             520
  0.659999669             516
  0.669999659             511
  0.679999650             503
  0.689999640             496
  0.699999630             492
  0.709999621             487
  0.719999611             481
  0.729999602             477
  0.739999592             470
  0.749999583             464
  0.759999573             457
  0.769999564             454
  0.779999554             450
  0.789999545             447
  0.799999535             442
  0.809999526             441
  0.819999516             439
  0.829999506             437
  0.839999497             432
  0.849999487             427
  0.859999478             424
  0.869999468             422
  0.879999459             417
  0.889999449             414
  0.899999440             408
  0.909999430             403
  0.919999421             400
  0.929999411             394
  0.939999402             390
  0.949999392             386
  0.959999382             381
  0.969999373             376
  0.979999363             371
  0.989999354             368
  0.999999344             364
   1.00999939             362
   1.01999938             357
   1.02999938             349
   1.03999937             347
   1.04999936             342
   1.05999935             336
   1.06999934             333
   1.07999933             332
   1.08999932             329
   1.09999931             328
   1.10999930             326
   1.11999929             324
   1.12999928             321
   1.13999927             318
   1.14999926             313
   1.15999925             311
   1.16999924             309
   1.17999923             305
   1.18999922             302
   1.19999921             296
   1.20999920             292
   1.21999919             291
   1.22999918             286
   1.23999918             282
   1.24999917             281
   1.25999916             280
   1.26999915             278
   1.27999914             273
   1.28999913             272
   1.29999912             271
   1.30999911             268
   1.31999910             260
   1.32999909             257
   1.33999908             256
   1.34999907             252
   1.35999906             249
   1.36999905             245
   1.37999904             244
   1.38999903             241
   1.39999902             239
   1.40999901             238
   1.41999900             235
   1.42999899             234
   1.43999898             229
   1.44999897             225
   1.45999897             225
   1.46999896             223
   1.47999895             221
   1.48999894             221
   1.49999893             220
   1.50999892             219
   1.51999891             216
   1.52999890             215
   1.53999889             215
   1.54999888             214
   1.55999887             212
   1.56999886             207
   1.57999885             206
   1.58999884             204
   1.59999883             203
   1.60999882             202
   1.61999881             201
   1.62999880             198
   1.63999879             197
   1.64999878             196
   1.65999877             194
   1.66999876             192
   1.67999876             188
   1.68999875             186
   1.69999874             185
   1.70999873             184
   1.71999872             180
   1.72999871             178
   1.73999870             176
   1.74999869             175
   1.75999868             174
   1.76999867             173
   1.77999866             172
   1.78999865             171
   1.79999864             166
   1.80999863             165
   1.81999862             162
   1.82999861             161
   1.83999860             159
   1.84999859             157
   1.85999858             156
   1.86999857             156
   1.87999856             155
   1.88999856             153
   1.89999855             152
   1.90999854             151
   1.91999853             151
   1.92999852             150
   1.93999851             150
   1.94999850             147
   1.95999849             144
   1.96999848             143
   1.97999847             142
   1.98999846             142
   1.99999845             142
   2.00999856             140
   2.01999855             140
   2.02999854             140
   2.03999853             139
   2.04999852             139
   2.05999851             139
   2.06999850             136
   2.07999849             135
   2.08999848             135
   2.09999847             133
   2.10999846             131
   2.11999846             130
   2.12999845             128
   2.13999844             128
   2.14999843             128
   2.15999842             126
   2.16999841             125
   2.17999840             123
   2.18999839             123
   2.19999838             122
   2.20999837             122
   2.21999836             119
   2.22999835             119
   2.23999834             119
   2.24999833             119
   2.25999832             118
   2.26999831             118
   2.27999830             117
   2.28999829             116
   2.29999828             116
   2.30999827             115
   2.31999826             112
   2.32999825             112
   2.33999825             112
   2.34999824             112
   2.35999823             111
   2.36999822             109
   2.37999821             109
   2.38999820             108
   2.39999819             106
   2.40999818             106
   2.41999817             106
   2.42999816             106
   2.43999815             104
   2.44999814             104
   2.45999813             104
   2.46999812             103
   2.47999811             101
   2.48999810              98
   2.49999809              97
   2.50999808              95
   2.51999807              95
   2.52999806              95
   2.53999805              93
   2.54999804              93
   2.55999804              92
   2.56999803              92
   2.57999802              91
   2.58999801              90
   2.59999800              88
   2.60999799              87
   2.61999798              86
   2.62999797              85
   2.63999796              83
   2.64999795              83
   2.65999794              82
   2.66999793              80
   2.67999792              79
   2.68999791              79
   2.69999790              79
   2.70999789              79
   2.71999788              78
   2.72999787              78
   2.73999786              78
   2.74999785              77
   2.75999784              77
   2.76999784              77
   2.77999783              77
   2.78999782              76
   2.79999781              76
   2.80999780              76
   2.81999779              76
   2.82999778              76
   2.83999777              74
   2.84999776              73
   2.85999775              73
   2.86999774              72
   2.87999773              72
   2.88999772              72
   2.89999771              71
   2.90999770              70
   2.91999769              68
   2.92999768              67
   2.93999767              67
   2.94999766              67
   2.95999765              65
   2.96999764              65
   2.97999763              64
   2.98999763              63
   2.99999762              62
   3.00999761              62
   3.01999760              62
   3.02999759              62
   3.03999758              61
   3.04999757              61
   3.05999756              59
   3.06999755              58
   3.07999754              58
   3.08999753              57
   3.09999752              57
   3.10999751              56
   3.11999750              55
   3.12999749              54
   3.13999748              54
   3.14999747              54
   3.15999746              54
   3.16999745              54
   3.17999744              54
   3.18999743              52
   3.19999743              51
   3.20999742              50
   3.21999741              50
   3.22999740              49
   3.23999739              48
   3.24999738              48
   3.25999737              48
   3.26999736              48
   3.27999735              48
   3.28999734              48
   3.29999733              48
   3.30999732              48
   3.31999731              48
   3.32999730              45
   3.33999729              45
   3.34999728              45
   3.35999727              43
   3.36999726              41
   3.37999725              41
   3.38999724              38
   3.39999723              38
   3.40999722              37
   3.41999722              37
   3.42999721              36
   3.43999720              35
   3.44999719              35
   3.45999718              35
   3.46999717              35
   3.47999716              34
   3.48999715              34
   3.49999714              34
   3.50999713              34
   3.51999712              34
   3.52999711              34
   3.53999710              34
   3.54999709              34
   3.55999708              32
   3.56999707              32
   3.57999706              30
   3.58999705              30
   3.59999704              30
   3.60999703              30
   3.61999702              29
   3.62999701              29
   3.63999701              29
   3.64999700              29
   3.65999699              29
   3.66999698              28
   3.67999697              28
   3.68999696              27
   3.69999695              26
   3.70999694              26
   3.71999693              26
   3.72999692              26
   3.73999691              26
   3.74999690              26
   3.75999689              26
   3.76999688              26
   3.77999687              26
   3.78999686              26
   3.79999685              25
   3.80999684              24
   3.81999683              24
   3.82999682              24
   3.83999681              23
   3.84999681              23
   3.85999680              23
   3.86999679              22
   3.87999678              21
   3.88999677              21
   3.89999676              21
   3.90999675              20
   3.91999674              20
   3.92999673              19
   3.93999672              19
   3.94999671              19
   3.95999670              18
   3.96999669              18
   3.97999668              18
   3.98999667              18
   3.99999666              18
   4.00999689              18
   4.01999712              17
   4.02999735              17
   4.03999758              17
   4.04999781              17
   4.05999804              17
   4.06999826              17
   4.07999849              17
   4.08999872              16
   4.09999895              16
   4.10999918              16
   4.11999941              16
   4.12999964              16
   4.13999987              15
   4.15000010              15
   4.16000032              15
   4.17000055              14
   4.18000078              14
   4.19000101              14
   4.20000124              14
   4.21000147              13
   4.22000170              13
   4.23000193              13
   4.24000216              13
   4.25000238              13
   4.26000261              13
   4.27000284              13
   4.28000307              13
   4.29000330              13
   4.30000353              13
   4.31000376              13
   4.32000399              13
   4.33000422              13
   4.34000444              12
   4.35000467              12
   4.36000490              12
   4.37000513              12
   4.38000536              12
   4.39000559              12
   4.40000582              12
   4.41000605              12
   4.42000628              12
   4.43000650              12
   4.44000673              12
   4.45000696              12
   4.46000719              12
   4.47000742              12
   4.48000765              12
   4.49000788              12
   4.50000811              12
   4.51000834              11
   4.52000856              10
   4.53000879              10
   4.54000902              10
   4.55000925              10
   4.56000948               9
   4.57000971               9
   4.58000994               9
   4.59001017               9
   4.60001040               9
   4.61001062               9
   4.62001085               9
   4.63001108               9
   4.64001131               9
   4.65001154               9
   4.66001177               9
   4.67001200               9
   4.68001223               9
   4.69001245               9
   4.70001268               9
   4.71001291               9
   4.72001314               9
   4.73001337               9
   4.74001360               9
   4.75001383               9
   4.76001406               9
   4.77001429               9
   4.78001451               9
   4.79001474               9
   4.80001497               9
   4.81001520               9
   4.82001543               9
   4.83001566               9
   4.84001589               9
   4.85001612               9
   4.86001635               9
   4.87001657               9
   4.88001680               8
   4.89001703               8
   4.90001726               8
   4.91001749               8
   4.92001772               8
   4.93001795               8
   4.94001818               8
   4.95001841               8
   4.96001863               8
   4.97001886               8
   4.98001909               8
   4.99001932               8
   5.00001955               8
   5.01001978               8
   5.02002001               8
   5.03002024               8
   5.04002047               8
   5.05002069               8
   5.06002092               8
   5.07002115               8
   5.08002138               8
   5.09002161               8
   5.10002184               8
   5.11002207               8
   5.12002230               8
   5.13002253               8
   5.14002275               8
   5.15002298               8
   5.16002321               8
   5.17002344               8
   5.18002367               8
   5.19002390               8
   5.20002413               8
   5.21002436               8
   5.22002459               8
   5.23002481               8
   5.24002504               8
   5.25002527               8
   5.26002550               8
   5.27002573               8
   5.28002596               8
   5.29002619               8
   5.30002642               8
   5.31002665               8
   5.32002687               8
   5.33002710               7
   5.34002733               7
   5.35002756               7
   5.36002779               7
   5.37002802               7
   5.38002825               7
   5.39002848               7
   5.40002871               7
   5.41002893               7
   5.42002916               7
   5.43002939               7
   5.44002962               7
   5.45002985               7
   5.46003008               7
   5.47003031               7
   5.48003054               6
   5.49003077               6
   5.50003099               6
   5.51003122               6
   5.52003145               5
   5.53003168               4
   5.54003191               4
   5.55003214               4
   5.56003237               3
   5.57003260               3
   5.58003283               3
   5.59003305               3
   5.60003328               3
   5.61003351               3
   5.62003374               3
   5.63003397               3
   5.64003420               3
   5.65003443               3
   5.66003466               3
   5.67003489               3
   5.68003511               2
   5.69003534               2
   5.70003557               2
   5.71003580               2
   5.72003603               2
   5.73003626               2
   5.74003649               2
   5.75003672               2
   5.76003695               2
   5.77003717               2
   5.78003740               2
   5.79003763               2
   5.80003786               2
   5.81003809               2
   5.82003832               2
   5.83003855               2
   5.84003878               2
   5.85003901               2
   5.86003923               2
   5.87003946               2
   5.88003969               2
   5.89003992               2
   5.90004015               2
   5.91004038               2
   5.92004061               2
   5.93004084               2
   5.94004107               2
   5.95004129               2
   5.96004152               2
   5.97004175               2
   5.98004198               2
   5.99004221               2
   6.00004244               2
   6.01004267               1
   6.02004290               1
   6.03004313               1
   6.04004335               1
   6.05004358               1
   6.06004381               1
   6.07004404               1
   6.08004427               1
   6.09004450               1
   6.10004473               1
   6.11004496               1
   6.12004519               1
   6.13004541               1
   6.14004564               1
   6.15004587               1
   6.16004610               1
   6.17004633               1
   6.18004656               1
   6.19004679               1
   6.20004702               1
   6.21004725               1
   6.22004747               1
   6.23004770               1
   6.24004793               1
   6.25004816               1
   6.26004839               1
   6.27004862               1
   6.28004885               1
   6.29004908               1
   6.30004930               1
   6.31004953               1
   6.32004976               1
   6.33004999               1
   6.34005022               1
   6.35005045               1
   6.36005068               1
   6.37005091               1
   6.38005114               1
   6.39005136               1
   6.40005159               1
   6.41005182               1
   6.42005205               1
   6.43005228               1
   6.44005251               1
   6.45005274               1
   6.46005297               1
   6.47005320               1
   6.48005342               1
   6.49005365               1
   6.50005388               1
   6.51005411               1
   6.52005434               1
   6.53005457               1
   6.54005480               1
   6.55005503               1
   6.56005526               1
   6.57005548               1
   6.58005571               1
   6.59005594               1
   6.60005617               1
   6.61005640               1
   6.62005663               1
   6.63005686               1
   6.64005709               1
   6.65005732               1
   6.66005754               1
   6.67005777               1
   6.68005800               1
   6.69005823               1
   6.70005846               1
   6.71005869               1
   6.72005892               1
   6.73005915               1
   6.74005938               1
   6.75005960               1
   6.76005983               1
   6.77006006               1
   6.78006029               1
   6.79006052               1
   6.80006075               1
   6.81006098               1
   6.82006121               1
   6.83006144               1
   6.84006166               1
   6.85006189               1
   6.86006212               1
   6.87006235               1
   6.88006258               1
   6.89006281               1
   6.90006304               1
   6.91006327               1
   6.92006350               1
   6.93006372               1
   6.94006395               1
   6.95006418               1
   6.96006441               1
   6.97006464               1
   6.98006487               1
   6.99006510               1
   7.00006533               1
   7.01006556               1
   7.02006578               1
   7.03006601               1
   7.04006624               1
   7.05006647               1
   7.06006670               1
   7.07006693               1
   7.08006716               1
   7.09006739               1
   7.10006762               1
   7.11006784               1
   7.12006807               1
   7.13006830               1
   7.14006853               1
   7.15006876               1
   7.16006899               1
   7.17006922               1
   7.18006945               1
   7.19006968               1
   7.20006990               1
   7.21007013               1
   7.22007036               1
   7.23007059               1
   7.24007082               1
   7.25007105               1
   7.26007128               1
   7.27007151               1
   7.28007174               1
   7.29007196               1
   7.30007219               1
   7.31007242               1
   7.32007265               1
   7.33007288               1
   7.34007311               1
   7.35007334               1
   7.36007357               1
   7.37007380               1
   7.38007402               1
   7.39007425               1
   7.40007448               1
   7.41007471               1
   7.42007494               1
   7.43007517               1
   7.44007540               1
   7.45007563               1
   7.46007586               1
   7.47007608               1
   7.48007631               1
   7.49007654               0
   7.50007677               0
   7.51007700               0
   7.52007723               0
   7.53007746               0
   7.54007769               0
   7.55007792               0
   7.56007814               0
   7.57007837               0
   7.58007860               0
   7.59007883               0
   7.60007906               0
   7.61007929               0
   7.62007952               0
   7.63007975               0
   7.64007998               0
   7.65008020               0
   7.66008043               0
   7.67008066               0
   7.68008089               0
   7.69008112               0
   7.70008135               0
   7.71008158               0
   7.72008181               0
   7.73008204               0
   7.74008226               0
   7.75008249               0
   7.76008272               0
   7.77008295               0
   7.78008318               0
   7.79008341               0
   7.80008364               0
   7.81008387               0
   7.82008410               0
   7.83008432               0
   7.84008455               0
   7.85008478               0
   7.86008501               0
   7.87008524               0
   7.88008547               0
   7.89008570               0
   7.90008593               0
   7.91008615               0
   7.92008638               0
   7.93008661               0
   7.94008684               0
   7.95008707               0
   7.96008730               0
   7.97008753               0
   7.98008776               0
   7.99008799               0
   8.00008774               0
