   0.00000000             996
   9.99999978E-03         987
   1.99999996E-02         971
   2.99999993E-02         961
   3.99999991E-02         949
   4.99999970E-02         934
   5.99999949E-02         923
   6.99999928E-02         916
   7.99999908E-02         909
   8.99999887E-02         902
   9.99999866E-02         889
  0.109999985             882
  0.119999982             878
  0.129999980             868
  0.139999986             858
  0.149999991             845
  0.159999996             840
  0.170000002             832
  0.180000007             820
  0.190000013             810
  0.200000018             803
  0.210000023             792
  0.220000029             783
  0.230000034             775
  0.240000039             766
  0.250000030             760
  0.260000020             750
  0.270000011             741
  0.280000001             734
  0.289999992             725
  0.299999982             713
  0.309999973             705
  0.319999963             699
  0.329999954             693
  0.339999944             686
  0.349999934             682
  0.359999925             681
  0.369999915             673
  0.379999906             665
  0.389999896             660
  0.399999887             650
  0.409999877             648
  0.419999868             644
  0.429999858             639
  0.439999849             629
  0.449999839             622
  0.459999830             614
  0.469999820             603
  0.479999810             597
  0.489999801             589
  0.499999791             583
  0.509999812             574
  0.519999802             569
  0.529999793             567
  0.539999783             561
  0.549999774             559
  0.559999764             553
  0.569999754             550
  0.579999745             547
  0.589999735             541
  0.599999726             533
  0.609999716             530
  0.619999707             524
  0.629999697             517
  0.639999688             511
  0.649999678             504
  0.659999669             500
  0.669999659             495
  0.679999650             489
  0.689999640             485
  0.699999630             479
  0.709999621             467
  0.719999611             460
  0.729999602             458
  0.739999592             453
  0.749999583             451
  0.759999573             449
  0.769999564             444
  0.779999554             438
  0.789999545             434
  0.799999535             430
  0.809999526             425
  0.819999516             418
  0.829999506             410
  0.839999497             405
  0.849999487             401
  0.859999478             397
  0.869999468             392
  0.879999459             386
  0.889999449             383
  0.899999440             382
  0.909999430             378
  0.919999421             373
  0.929999411             371
  0.939999402             367
  0.949999392             358
  0.959999382             356
  0.969999373             351
  0.979999363             346
  0.989999354             342
  0.999999344             340
   1.00999939             338
   1.01999938             335
   1.02999938             330
   1.03999937             326
   1.04999936             324
   1.05999935             323
   1.06999934             319
   1.07999933             315
   1.08999932             308
   1.09999931             304
   1.10999930             303
   1.11999929             298
   1.12999928             295
   1.13999927             290
   1.14999926             287
   1.15999925             286
   1.16999924             283
   1.17999923             279
   1.18999922             275
   1.19999921             274
   1.20999920             271
   1.21999919             269
   1.22999918             265
   1.23999918             262
   1.24999917             260
   1.25999916             256
   1.26999915             255
   1.27999914             253
   1.28999913             250
   1.29999912             249
   1.30999911             247
   1.31999910             245
   1.32999909             241
   1.33999908             239
   1.34999907             238
   1.35999906             237
   1.36999905             233
   1.37999904             233
   1.38999903             231
   1.39999902             231
   1.40999901             228
   1.41999900             225
   1.42999899             220
   1.43999898             218
   1.44999897             218
   1.45999897             217
   1.46999896             215
   1.47999895             214
   1.48999894             209
   1.49999893             206
   1.50999892             205
   1.51999891             204
   1.52999890             202
   1.53999889             200
   1.54999888             199
   1.55999887             199
   1.56999886             198
   1.57999885             197
   1.58999884             197
   1.59999883             193
   1.60999882             191
   1.61999881             190
   1.62999880             188
   1.63999879             188
   1.64999878             187
   1.65999877             183
   1.66999876             181
   1.67999876             179
   1.68999875             177
   1.69999874             176
   1.70999873             173
   1.71999872             171
   1.72999871             168
   1.73999870             167
   1.74999869             165
   1.75999868             162
   1.76999867             160
   1.77999866             159
   1.78999865             157
   1.79999864             156
   1.80999863             154
   1.81999862             152
   1.82999861             148
   1.83999860             148
   1.84999859             146
   1.85999858             143
   1.86999857             138
   1.87999856             134
   1.88999856             133
   1.89999855             131
   1.90999854             130
   1.91999853             130
   1.92999852             129
   1.93999851             127
   1.94999850             125
   1.95999849             124
   1.96999848             120
   1.97999847             119
   1.98999846             117
   1.99999845             116
   2.00999856             114
   2.01999855             113
   2.02999854             111
   2.03999853             109
   2.04999852             107
   2.05999851             107
   2.06999850             107
   2.07999849             106
   2.08999848             104
   2.09999847             103
   2.10999846             103
   2.11999846             103
   2.12999845             101
   2.13999844             101
   2.14999843             101
   2.15999842              99
   2.16999841              97
   2.17999840              94
   2.18999839              93
   2.19999838              91
   2.20999837              91
   2.21999836              89
   2.22999835              87
   2.23999834              85
   2.24999833              85
   2.25999832              83
   2.26999831              83
   2.27999830              83
   2.28999829              81
   2.29999828              80
   2.30999827              80
   2.31999826              78
   2.32999825              76
   2.33999825              75
   2.34999824              75
   2.35999823              75
   2.36999822              75
   2.37999821              73
   2.38999820              72
   2.39999819              70
   2.40999818              70
   2.41999817              70
   2.42999816              69
   2.43999815              68
   2.44999814              68
   2.45999813              67
   2.46999812              67
   2.47999811              67
   2.48999810              64
   2.49999809              63
   2.50999808              61
   2.51999807              61
   2.52999806              60
   2.53999805              60
   2.54999804              59
   2.55999804              59
   2.56999803              59
   2.57999802              58
   2.58999801              56
   2.59999800              55
   2.60999799              55
   2.61999798              55
   2.62999797              54
   2.63999796              54
   2.64999795              52
   2.65999794              51
   2.66999793              51
   2.67999792              51
   2.68999791              51
   2.69999790              51
   2.70999789              51
   2.71999788              51
   2.72999787              51
   2.73999786              51
   2.74999785              50
   2.75999784              50
   2.76999784              50
   2.77999783              49
   2.78999782              49
   2.79999781              49
   2.80999780              49
   2.81999779              49
   2.82999778              49
   2.83999777              49
   2.84999776              49
   2.85999775              48
   2.86999774              47
   2.87999773              45
   2.88999772              45
   2.89999771              45
   2.90999770              45
   2.91999769              45
   2.92999768              45
   2.93999767              44
   2.94999766              43
   2.95999765              43
   2.96999764              43
   2.97999763              43
   2.98999763              43
   2.99999762              43
   3.00999761              43
   3.01999760              42
   3.02999759              42
   3.03999758              42
   3.04999757              42
   3.05999756              42
   3.06999755              42
   3.07999754              42
   3.08999753              42
   3.09999752              41
   3.10999751              39
   3.11999750              39
   3.12999749              39
   3.13999748              37
   3.14999747              37
   3.15999746              36
   3.16999745              35
   3.17999744              35
   3.18999743              35
   3.19999743              34
   3.20999742              32
   3.21999741              32
   3.22999740              32
   3.23999739              32
   3.24999738              32
   3.25999737              32
   3.26999736              32
   3.27999735              32
   3.28999734              32
   3.29999733              31
   3.30999732              31
   3.31999731              31
   3.32999730              31
   3.33999729              31
   3.34999728              31
   3.35999727              31
   3.36999726              30
   3.37999725              30
   3.38999724              30
   3.39999723              29
   3.40999722              29
   3.41999722              29
   3.42999721              29
   3.43999720              28
   3.44999719              28
   3.45999718              27
   3.46999717              27
   3.47999716              26
   3.48999715              26
   3.49999714              26
   3.50999713              26
   3.51999712              25
   3.52999711              25
   3.53999710              25
   3.54999709              25
   3.55999708              25
   3.56999707              25
   3.57999706              25
   3.58999705              25
   3.59999704              25
   3.60999703              24
   3.61999702              24
   3.62999701              24
   3.63999701              24
   3.64999700              23
   3.65999699              22
   3.66999698              21
   3.67999697              21
   3.68999696              20
   3.69999695              20
   3.70999694              20
   3.71999693              20
   3.72999692              20
   3.73999691              20
   3.74999690              20
   3.75999689              19
   3.76999688              19
   3.77999687              19
   3.78999686              18
   3.79999685              18
   3.80999684              18
   3.81999683              18
   3.82999682              18
   3.83999681              18
   3.84999681              18
   3.85999680              18
   3.86999679              17
   3.87999678              17
   3.88999677              17
   3.89999676              17
   3.90999675              17
   3.91999674              15
   3.92999673              15
   3.93999672              15
   3.94999671              14
   3.95999670              14
   3.96999669              14
   3.97999668              14
   3.98999667              13
   3.99999666              13
   4.00999689              13
   4.01999712              13
   4.02999735              13
   4.03999758              13
   4.04999781              11
   4.05999804              10
   4.06999826              10
   4.07999849              10
   4.08999872              10
   4.09999895              10
   4.10999918              10
   4.11999941              10
   4.12999964              10
   4.13999987              10
   4.15000010              10
   4.16000032              10
   4.17000055              10
   4.18000078              10
   4.19000101              10
   4.20000124              10
   4.21000147              10
   4.22000170              10
   4.23000193              10
   4.24000216              10
   4.25000238              10
   4.26000261              10
   4.27000284              10
   4.28000307              10
   4.29000330              10
   4.30000353              10
   4.31000376              10
   4.32000399              10
   4.33000422              10
   4.34000444              10
   4.35000467              10
   4.36000490              10
   4.37000513              10
   4.38000536              10
   4.39000559              10
   4.40000582              10
   4.41000605              10
   4.42000628               9
   4.43000650               9
   4.44000673               9
   4.45000696               9
   4.46000719               9
   4.47000742               9
   4.48000765               9
   4.49000788               9
   4.50000811               9
   4.51000834               9
   4.52000856               9
   4.53000879               9
   4.54000902               9
   4.55000925               9
   4.56000948               9
   4.57000971               9
   4.58000994               9
   4.59001017               9
   4.60001040               9
   4.61001062               9
   4.62001085               9
   4.63001108               9
   4.64001131               9
   4.65001154               8
   4.66001177               8
   4.67001200               8
   4.68001223               8
   4.69001245               8
   4.70001268               8
   4.71001291               8
   4.72001314               8
   4.73001337               8
   4.74001360               8
   4.75001383               8
   4.76001406               8
   4.77001429               8
   4.78001451               8
   4.79001474               6
   4.80001497               6
   4.81001520               6
   4.82001543               6
   4.83001566               6
   4.84001589               6
   4.85001612               6
   4.86001635               5
   4.87001657               5
   4.88001680               5
   4.89001703               5
   4.90001726               5
   4.91001749               5
   4.92001772               5
   4.93001795               5
   4.94001818               5
   4.95001841               5
   4.96001863               5
   4.97001886               5
   4.98001909               5
   4.99001932               5
   5.00001955               5
   5.01001978               5
   5.02002001               5
   5.03002024               5
   5.04002047               5
   5.05002069               5
   5.06002092               5
   5.07002115               5
   5.08002138               5
   5.09002161               5
   5.10002184               5
   5.11002207               5
   5.12002230               5
   5.13002253               5
   5.14002275               5
   5.15002298               5
   5.16002321               5
   5.17002344               4
   5.18002367               4
   5.19002390               4
   5.20002413               4
   5.21002436               4
   5.22002459               4
   5.23002481               4
   5.24002504               4
   5.25002527               3
   5.26002550               3
   5.27002573               3
   5.28002596               3
   5.29002619               3
   5.30002642               3
   5.31002665               3
   5.32002687               2
   5.33002710               2
   5.34002733               2
   5.35002756               2
   5.36002779               2
   5.37002802               2
   5.38002825               2
   5.39002848               2
   5.40002871               2
   5.41002893               2
   5.42002916               2
   5.43002939               2
   5.44002962               2
   5.45002985               2
   5.46003008               2
   5.47003031               2
   5.48003054               2
   5.49003077               1
   5.50003099               1
   5.51003122               1
   5.52003145               1
   5.53003168               1
   5.54003191               1
   5.55003214               1
   5.56003237               1
   5.57003260               1
   5.58003283               1
   5.59003305               1
   5.60003328               1
   5.61003351               1
   5.62003374               1
   5.63003397               1
   5.64003420               1
   5.65003443               1
   5.66003466               1
   5.67003489               1
   5.68003511               1
   5.69003534               1
   5.70003557               1
   5.71003580               1
   5.72003603               1
   5.73003626               1
   5.74003649               1
   5.75003672               1
   5.76003695               1
   5.77003717               1
   5.78003740               1
   5.79003763               1
   5.80003786               1
   5.81003809               1
   5.82003832               1
   5.83003855               0
   5.84003878               0
   5.85003901               0
   5.86003923               0
   5.87003946               0
   5.88003969               0
   5.89003992               0
   5.90004015               0
   5.91004038               0
   5.92004061               0
   5.93004084               0
   5.94004107               0
   5.95004129               0
   5.96004152               0
   5.97004175               0
   5.98004198               0
   5.99004221               0
   6.00004244               0
   6.01004267               0
   6.02004290               0
   6.03004313               0
   6.04004335               0
   6.05004358               0
   6.06004381               0
   6.07004404               0
   6.08004427               0
   6.09004450               0
   6.10004473               0
   6.11004496               0
   6.12004519               0
   6.13004541               0
   6.14004564               0
   6.15004587               0
   6.16004610               0
   6.17004633               0
   6.18004656               0
   6.19004679               0
   6.20004702               0
   6.21004725               0
   6.22004747               0
   6.23004770               0
   6.24004793               0
   6.25004816               0
   6.26004839               0
   6.27004862               0
   6.28004885               0
   6.29004908               0
   6.30004930               0
   6.31004953               0
   6.32004976               0
   6.33004999               0
   6.34005022               0
   6.35005045               0
   6.36005068               0
   6.37005091               0
   6.38005114               0
   6.39005136               0
   6.40005159               0
   6.41005182               0
   6.42005205               0
   6.43005228               0
   6.44005251               0
   6.45005274               0
   6.46005297               0
   6.47005320               0
   6.48005342               0
   6.49005365               0
   6.50005388               0
   6.51005411               0
   6.52005434               0
   6.53005457               0
   6.54005480               0
   6.55005503               0
   6.56005526               0
   6.57005548               0
   6.58005571               0
   6.59005594               0
   6.60005617               0
   6.61005640               0
   6.62005663               0
   6.63005686               0
   6.64005709               0
   6.65005732               0
   6.66005754               0
   6.67005777               0
   6.68005800               0
   6.69005823               0
   6.70005846               0
   6.71005869               0
   6.72005892               0
   6.73005915               0
   6.74005938               0
   6.75005960               0
   6.76005983               0
   6.77006006               0
   6.78006029               0
   6.79006052               0
   6.80006075               0
   6.81006098               0
   6.82006121               0
   6.83006144               0
   6.84006166               0
   6.85006189               0
   6.86006212               0
   6.87006235               0
   6.88006258               0
   6.89006281               0
   6.90006304               0
   6.91006327               0
   6.92006350               0
   6.93006372               0
   6.94006395               0
   6.95006418               0
   6.96006441               0
   6.97006464               0
   6.98006487               0
   6.99006510               0
   7.00006533               0
   7.01006556               0
   7.02006578               0
   7.03006601               0
   7.04006624               0
   7.05006647               0
   7.06006670               0
   7.07006693               0
   7.08006716               0
   7.09006739               0
   7.10006762               0
   7.11006784               0
   7.12006807               0
   7.13006830               0
   7.14006853               0
   7.15006876               0
   7.16006899               0
   7.17006922               0
   7.18006945               0
   7.19006968               0
   7.20006990               0
   7.21007013               0
   7.22007036               0
   7.23007059               0
   7.24007082               0
   7.25007105               0
   7.26007128               0
   7.27007151               0
   7.28007174               0
   7.29007196               0
   7.30007219               0
   7.31007242               0
   7.32007265               0
   7.33007288               0
   7.34007311               0
   7.35007334               0
   7.36007357               0
   7.37007380               0
   7.38007402               0
   7.39007425               0
   7.40007448               0
   7.41007471               0
   7.42007494               0
   7.43007517               0
   7.44007540               0
   7.45007563               0
   7.46007586               0
   7.47007608               0
   7.48007631               0
   7.49007654               0
   7.50007677               0
   7.51007700               0
   7.52007723               0
   7.53007746               0
   7.54007769               0
   7.55007792               0
   7.56007814               0
   7.57007837               0
   7.58007860               0
   7.59007883               0
   7.60007906               0
   7.61007929               0
   7.62007952               0
   7.63007975               0
   7.64007998               0
   7.65008020               0
   7.66008043               0
   7.67008066               0
   7.68008089               0
   7.69008112               0
   7.70008135               0
   7.71008158               0
   7.72008181               0
   7.73008204               0
   7.74008226               0
   7.75008249               0
   7.76008272               0
   7.77008295               0
   7.78008318               0
   7.79008341               0
   7.80008364               0
   7.81008387               0
   7.82008410               0
   7.83008432               0
   7.84008455               0
   7.85008478               0
   7.86008501               0
   7.87008524               0
   7.88008547               0
   7.89008570               0
   7.90008593               0
   7.91008615               0
   7.92008638               0
   7.93008661               0
   7.94008684               0
   7.95008707               0
   7.96008730               0
   7.97008753               0
   7.98008776               0
   7.99008799               0
   8.00008774               0
