   0.00000000             992
   9.99999978E-03         979
   1.99999996E-02         973
   2.99999993E-02         964
   3.99999991E-02         955
   4.99999970E-02         946
   5.99999949E-02         940
   6.99999928E-02         930
   7.99999908E-02         918
   8.99999887E-02         916
   9.99999866E-02         908
  0.109999985             902
  0.119999982             894
  0.129999980             884
  0.139999986             872
  0.149999991             862
  0.159999996             856
  0.170000002             850
  0.180000007             843
  0.190000013             835
  0.200000018             821
  0.210000023             815
  0.220000029             811
  0.230000034             802
  0.240000039             793
  0.250000030             787
  0.260000020             773
  0.270000011             768
  0.280000001             764
  0.289999992             758
  0.299999982             748
  0.309999973             739
  0.319999963             732
  0.329999954             727
  0.339999944             721
  0.349999934             715
  0.359999925             703
  0.369999915             699
  0.379999906             692
  0.389999896             690
  0.399999887             678
  0.409999877             676
  0.419999868             665
  0.429999858             657
  0.439999849             651
  0.449999839             648
  0.459999830             642
  0.469999820             637
  0.479999810             629
  0.489999801             619
  0.499999791             609
  0.509999812             600
  0.519999802             591
  0.529999793             585
  0.539999783             582
  0.549999774             576
  0.559999764             570
  0.569999754             566
  0.579999745             559
  0.589999735             557
  0.599999726             553
  0.609999716             549
  0.619999707             546
  0.629999697             543
  0.639999688             534
  0.649999678             528
  0.659999669             521
  0.669999659             519
  0.679999650             514
  0.689999640             506
  0.699999630             502
  0.709999621             498
  0.719999611             491
  0.729999602             487
  0.739999592             486
  0.749999583             480
  0.759999573             477
  0.769999564             473
  0.779999554             467
  0.789999545             465
  0.799999535             459
  0.809999526             456
  0.819999516             451
  0.829999506             447
  0.839999497             443
  0.849999487             441
  0.859999478             435
  0.869999468             426
  0.879999459             418
  0.889999449             410
  0.899999440             407
  0.909999430             398
  0.919999421             397
  0.929999411             390
  0.939999402             386
  0.949999392             383
  0.959999382             377
  0.969999373             371
  0.979999363             368
  0.989999354             364
  0.999999344             361
   1.00999939             358
   1.01999938             354
   1.02999938             352
   1.03999937             347
   1.04999936             345
   1.05999935             343
   1.06999934             341
   1.07999933             338
   1.08999932             334
   1.09999931             332
   1.10999930             330
   1.11999929             328
   1.12999928             325
   1.13999927             318
   1.14999926             316
   1.15999925             314
   1.16999924             310
   1.17999923             310
   1.18999922             306
   1.19999921             303
   1.20999920             301
   1.21999919             295
   1.22999918             292
   1.23999918             289
   1.24999917             284
   1.25999916             279
   1.26999915             277
   1.27999914             274
   1.28999913             271
   1.29999912             269
   1.30999911             268
   1.31999910             266
   1.32999909             263
   1.33999908             259
   1.34999907             255
   1.35999906             254
   1.36999905             253
   1.37999904             250
   1.38999903             250
   1.39999902             245
   1.40999901             243
   1.41999900             242
   1.42999899             241
   1.43999898             238
   1.44999897             235
   1.45999897             234
   1.46999896             232
   1.47999895             230
   1.48999894             230
   1.49999893             230
   1.50999892             228
   1.51999891             228
   1.52999890             226
   1.53999889             224
   1.54999888             223
   1.55999887             222
   1.56999886             220
   1.57999885             218
   1.58999884             215
   1.59999883             214
   1.60999882             211
   1.61999881             210
   1.62999880             208
   1.63999879             205
   1.64999878             200
   1.65999877             197
   1.66999876             196
   1.67999876             191
   1.68999875             190
   1.69999874             189
   1.70999873             186
   1.71999872             185
   1.72999871             182
   1.73999870             181
   1.74999869             178
   1.75999868             175
   1.76999867             174
   1.77999866             172
   1.78999865             171
   1.79999864             170
   1.80999863             169
   1.81999862             169
   1.82999861             165
   1.83999860             163
   1.84999859             161
   1.85999858             159
   1.86999857             156
   1.87999856             156
   1.88999856             154
   1.89999855             152
   1.90999854             152
   1.91999853             151
   1.92999852             151
   1.93999851             149
   1.94999850             147
   1.95999849             145
   1.96999848             144
   1.97999847             143
   1.98999846             143
   1.99999845             142
   2.00999856             141
   2.01999855             141
   2.02999854             140
   2.03999853             136
   2.04999852             135
   2.05999851             133
   2.06999850             132
   2.07999849             128
   2.08999848             128
   2.09999847             127
   2.10999846             124
   2.11999846             123
   2.12999845             119
   2.13999844             118
   2.14999843             117
   2.15999842             114
   2.16999841             112
   2.17999840             110
   2.18999839             109
   2.19999838             108
   2.20999837             106
   2.21999836             105
   2.22999835             103
   2.23999834             103
   2.24999833             101
   2.25999832              98
   2.26999831              96
   2.27999830              96
   2.28999829              94
   2.29999828              94
   2.30999827              92
   2.31999826              91
   2.32999825              89
   2.33999825              88
   2.34999824              86
   2.35999823              86
   2.36999822              85
   2.37999821              85
   2.38999820              85
   2.39999819              84
   2.40999818              83
   2.41999817              83
   2.42999816              82
   2.43999815              81
   2.44999814              79
   2.45999813              78
   2.46999812              76
   2.47999811              75
   2.48999810              75
   2.49999809              75
   2.50999808              74
   2.51999807              74
   2.52999806              74
   2.53999805              71
   2.54999804              70
   2.55999804              69
   2.56999803              69
   2.57999802              69
   2.58999801              67
   2.59999800              66
   2.60999799              66
   2.61999798              66
   2.62999797              66
   2.63999796              66
   2.64999795              64
   2.65999794              63
   2.66999793              63
   2.67999792              62
   2.68999791              62
   2.69999790              59
   2.70999789              58
   2.71999788              58
   2.72999787              58
   2.73999786              57
   2.74999785              57
   2.75999784              57
   2.76999784              56
   2.77999783              56
   2.78999782              55
   2.79999781              55
   2.80999780              54
   2.81999779              54
   2.82999778              54
   2.83999777              53
   2.84999776              53
   2.85999775              53
   2.86999774              53
   2.87999773              53
   2.88999772              53
   2.89999771              53
   2.90999770              52
   2.91999769              52
   2.92999768              52
   2.93999767              52
   2.94999766              51
   2.95999765              51
   2.96999764              51
   2.97999763              50
   2.98999763              48
   2.99999762              47
   3.00999761              46
   3.01999760              46
   3.02999759              46
   3.03999758              46
   3.04999757              46
   3.05999756              46
   3.06999755              46
   3.07999754              45
   3.08999753              44
   3.09999752              44
   3.10999751              44
   3.11999750              43
   3.12999749              43
   3.13999748              42
   3.14999747              42
   3.15999746              42
   3.16999745              41
   3.17999744              40
   3.18999743              39
   3.19999743              39
   3.20999742              39
   3.21999741              38
   3.22999740              38
   3.23999739              37
   3.24999738              37
   3.25999737              37
   3.26999736              36
   3.27999735              35
   3.28999734              35
   3.29999733              35
   3.30999732              35
   3.31999731              34
   3.32999730              33
   3.33999729              32
   3.34999728              32
   3.35999727              32
   3.36999726              30
   3.37999725              30
   3.38999724              30
   3.39999723              30
   3.40999722              30
   3.41999722              28
   3.42999721              28
   3.43999720              28
   3.44999719              28
   3.45999718              27
   3.46999717              27
   3.47999716              27
   3.48999715              27
   3.49999714              27
   3.50999713              27
   3.51999712              27
   3.52999711              26
   3.53999710              25
   3.54999709              25
   3.55999708              25
   3.56999707              25
   3.57999706              25
   3.58999705              25
   3.59999704              25
   3.60999703              25
   3.61999702              25
   3.62999701              25
   3.63999701              25
   3.64999700              25
   3.65999699              25
   3.66999698              25
   3.67999697              25
   3.68999696              25
   3.69999695              25
   3.70999694              25
   3.71999693              24
   3.72999692              24
   3.73999691              24
   3.74999690              24
   3.75999689              24
   3.76999688              24
   3.77999687              24
   3.78999686              24
   3.79999685              24
   3.80999684              23
   3.81999683              23
   3.82999682              22
   3.83999681              22
   3.84999681              22
   3.85999680              22
   3.86999679              22
   3.87999678              22
   3.88999677              22
   3.89999676              22
   3.90999675              22
   3.91999674              22
   3.92999673              22
   3.93999672              22
   3.94999671              22
   3.95999670              22
   3.96999669              22
   3.97999668              20
   3.98999667              20
   3.99999666              20
   4.00999689              20
   4.01999712              20
   4.02999735              20
   4.03999758              20
   4.04999781              20
   4.05999804              20
   4.06999826              20
   4.07999849              20
   4.08999872              20
   4.09999895              17
   4.10999918              17
   4.11999941              17
   4.12999964              17
   4.13999987              17
   4.15000010              17
   4.16000032              17
   4.17000055              17
   4.18000078              17
   4.19000101              16
   4.20000124              16
   4.21000147              15
   4.22000170              15
   4.23000193              15
   4.24000216              15
   4.25000238              15
   4.26000261              15
   4.27000284              15
   4.28000307              15
   4.29000330              15
   4.30000353              15
   4.31000376              14
   4.32000399              14
   4.33000422              14
   4.34000444              14
   4.35000467              14
   4.36000490              13
   4.37000513              13
   4.38000536              11
   4.39000559              11
   4.40000582              11
   4.41000605              11
   4.42000628              11
   4.43000650              11
   4.44000673              10
   4.45000696               9
   4.46000719               9
   4.47000742               9
   4.48000765               9
   4.49000788               9
   4.50000811               9
   4.51000834               9
   4.52000856               9
   4.53000879               9
   4.54000902               9
   4.55000925               9
   4.56000948               9
   4.57000971               9
   4.58000994               8
   4.59001017               8
   4.60001040               8
   4.61001062               8
   4.62001085               8
   4.63001108               8
   4.64001131               8
   4.65001154               8
   4.66001177               8
   4.67001200               8
   4.68001223               7
   4.69001245               7
   4.70001268               7
   4.71001291               7
   4.72001314               7
   4.73001337               7
   4.74001360               7
   4.75001383               7
   4.76001406               7
   4.77001429               7
   4.78001451               7
   4.79001474               7
   4.80001497               7
   4.81001520               7
   4.82001543               7
   4.83001566               7
   4.84001589               7
   4.85001612               7
   4.86001635               7
   4.87001657               7
   4.88001680               7
   4.89001703               7
   4.90001726               7
   4.91001749               7
   4.92001772               7
   4.93001795               7
   4.94001818               7
   4.95001841               6
   4.96001863               6
   4.97001886               6
   4.98001909               6
   4.99001932               6
   5.00001955               6
   5.01001978               6
   5.02002001               6
   5.03002024               6
   5.04002047               6
   5.05002069               6
   5.06002092               6
   5.07002115               6
   5.08002138               6
   5.09002161               6
   5.10002184               6
   5.11002207               6
   5.12002230               6
   5.13002253               6
   5.14002275               6
   5.15002298               6
   5.16002321               6
   5.17002344               6
   5.18002367               6
   5.19002390               6
   5.20002413               5
   5.21002436               5
   5.22002459               4
   5.23002481               4
   5.24002504               3
   5.25002527               3
   5.26002550               3
   5.27002573               3
   5.28002596               3
   5.29002619               3
   5.30002642               3
   5.31002665               3
   5.32002687               3
   5.33002710               3
   5.34002733               3
   5.35002756               3
   5.36002779               3
   5.37002802               3
   5.38002825               3
   5.39002848               3
   5.40002871               3
   5.41002893               3
   5.42002916               2
   5.43002939               2
   5.44002962               2
   5.45002985               2
   5.46003008               2
   5.47003031               2
   5.48003054               2
   5.49003077               2
   5.50003099               2
   5.51003122               2
   5.52003145               1
   5.53003168               1
   5.54003191               1
   5.55003214               1
   5.56003237               1
   5.57003260               1
   5.58003283               1
   5.59003305               1
   5.60003328               1
   5.61003351               1
   5.62003374               1
   5.63003397               1
   5.64003420               1
   5.65003443               1
   5.66003466               1
   5.67003489               1
   5.68003511               1
   5.69003534               1
   5.70003557               1
   5.71003580               1
   5.72003603               1
   5.73003626               1
   5.74003649               1
   5.75003672               1
   5.76003695               1
   5.77003717               1
   5.78003740               1
   5.79003763               1
   5.80003786               1
   5.81003809               1
   5.82003832               0
   5.83003855               0
   5.84003878               0
   5.85003901               0
   5.86003923               0
   5.87003946               0
   5.88003969               0
   5.89003992               0
   5.90004015               0
   5.91004038               0
   5.92004061               0
   5.93004084               0
   5.94004107               0
   5.95004129               0
   5.96004152               0
   5.97004175               0
   5.98004198               0
   5.99004221               0
   6.00004244               0
   6.01004267               0
   6.02004290               0
   6.03004313               0
   6.04004335               0
   6.05004358               0
   6.06004381               0
   6.07004404               0
   6.08004427               0
   6.09004450               0
   6.10004473               0
   6.11004496               0
   6.12004519               0
   6.13004541               0
   6.14004564               0
   6.15004587               0
   6.16004610               0
   6.17004633               0
   6.18004656               0
   6.19004679               0
   6.20004702               0
   6.21004725               0
   6.22004747               0
   6.23004770               0
   6.24004793               0
   6.25004816               0
   6.26004839               0
   6.27004862               0
   6.28004885               0
   6.29004908               0
   6.30004930               0
   6.31004953               0
   6.32004976               0
   6.33004999               0
   6.34005022               0
   6.35005045               0
   6.36005068               0
   6.37005091               0
   6.38005114               0
   6.39005136               0
   6.40005159               0
   6.41005182               0
   6.42005205               0
   6.43005228               0
   6.44005251               0
   6.45005274               0
   6.46005297               0
   6.47005320               0
   6.48005342               0
   6.49005365               0
   6.50005388               0
   6.51005411               0
   6.52005434               0
   6.53005457               0
   6.54005480               0
   6.55005503               0
   6.56005526               0
   6.57005548               0
   6.58005571               0
   6.59005594               0
   6.60005617               0
   6.61005640               0
   6.62005663               0
   6.63005686               0
   6.64005709               0
   6.65005732               0
   6.66005754               0
   6.67005777               0
   6.68005800               0
   6.69005823               0
   6.70005846               0
   6.71005869               0
   6.72005892               0
   6.73005915               0
   6.74005938               0
   6.75005960               0
   6.76005983               0
   6.77006006               0
   6.78006029               0
   6.79006052               0
   6.80006075               0
   6.81006098               0
   6.82006121               0
   6.83006144               0
   6.84006166               0
   6.85006189               0
   6.86006212               0
   6.87006235               0
   6.88006258               0
   6.89006281               0
   6.90006304               0
   6.91006327               0
   6.92006350               0
   6.93006372               0
   6.94006395               0
   6.95006418               0
   6.96006441               0
   6.97006464               0
   6.98006487               0
   6.99006510               0
   7.00006533               0
   7.01006556               0
   7.02006578               0
   7.03006601               0
   7.04006624               0
   7.05006647               0
   7.06006670               0
   7.07006693               0
   7.08006716               0
   7.09006739               0
   7.10006762               0
   7.11006784               0
   7.12006807               0
   7.13006830               0
   7.14006853               0
   7.15006876               0
   7.16006899               0
   7.17006922               0
   7.18006945               0
   7.19006968               0
   7.20006990               0
   7.21007013               0
   7.22007036               0
   7.23007059               0
   7.24007082               0
   7.25007105               0
   7.26007128               0
   7.27007151               0
   7.28007174               0
   7.29007196               0
   7.30007219               0
   7.31007242               0
   7.32007265               0
   7.33007288               0
   7.34007311               0
   7.35007334               0
   7.36007357               0
   7.37007380               0
   7.38007402               0
   7.39007425               0
   7.40007448               0
   7.41007471               0
   7.42007494               0
   7.43007517               0
   7.44007540               0
   7.45007563               0
   7.46007586               0
   7.47007608               0
   7.48007631               0
   7.49007654               0
   7.50007677               0
   7.51007700               0
   7.52007723               0
   7.53007746               0
   7.54007769               0
   7.55007792               0
   7.56007814               0
   7.57007837               0
   7.58007860               0
   7.59007883               0
   7.60007906               0
   7.61007929               0
   7.62007952               0
   7.63007975               0
   7.64007998               0
   7.65008020               0
   7.66008043               0
   7.67008066               0
   7.68008089               0
   7.69008112               0
   7.70008135               0
   7.71008158               0
   7.72008181               0
   7.73008204               0
   7.74008226               0
   7.75008249               0
   7.76008272               0
   7.77008295               0
   7.78008318               0
   7.79008341               0
   7.80008364               0
   7.81008387               0
   7.82008410               0
   7.83008432               0
   7.84008455               0
   7.85008478               0
   7.86008501               0
   7.87008524               0
   7.88008547               0
   7.89008570               0
   7.90008593               0
   7.91008615               0
   7.92008638               0
   7.93008661               0
   7.94008684               0
   7.95008707               0
   7.96008730               0
   7.97008753               0
   7.98008776               0
   7.99008799               0
   8.00008774               0
