   0.00000000             990
   9.99999978E-03         984
   1.99999996E-02         981
   2.99999993E-02         971
   3.99999991E-02         963
   4.99999970E-02         958
   5.99999949E-02         948
   6.99999928E-02         939
   7.99999908E-02         931
   8.99999887E-02         921
   9.99999866E-02         903
  0.109999985             891
  0.119999982             881
  0.129999980             873
  0.139999986             865
  0.149999991             857
  0.159999996             848
  0.170000002             837
  0.180000007             829
  0.190000013             821
  0.200000018             815
  0.210000023             808
  0.220000029             801
  0.230000034             791
  0.240000039             784
  0.250000030             777
  0.260000020             769
  0.270000011             764
  0.280000001             754
  0.289999992             746
  0.299999982             742
  0.309999973             736
  0.319999963             726
  0.329999954             719
  0.339999944             711
  0.349999934             705
  0.359999925             697
  0.369999915             692
  0.379999906             686
  0.389999896             678
  0.399999887             669
  0.409999877             660
  0.419999868             654
  0.429999858             646
  0.439999849             643
  0.449999839             638
  0.459999830             636
  0.469999820             630
  0.479999810             626
  0.489999801             623
  0.499999791             615
  0.509999812             611
  0.519999802             600
  0.529999793             593
  0.539999783             583
  0.549999774             577
  0.559999764             569
  0.569999754             561
  0.579999745             557
  0.589999735             554
  0.599999726             550
  0.609999716             546
  0.619999707             538
  0.629999697             532
  0.639999688             527
  0.649999678             521
  0.659999669             521
  0.669999659             516
  0.679999650             511
  0.689999640             507
  0.699999630             502
  0.709999621             496
  0.719999611             493
  0.729999602             490
  0.739999592             484
  0.749999583             480
  0.759999573             473
  0.769999564             468
  0.779999554             462
  0.789999545             459
  0.799999535             452
  0.809999526             448
  0.819999516             445
  0.829999506             441
  0.839999497             438
  0.849999487             435
  0.859999478             428
  0.869999468             425
  0.879999459             420
  0.889999449             416
  0.899999440             411
  0.909999430             405
  0.919999421             398
  0.929999411             394
  0.939999402             392
  0.949999392             386
  0.959999382             382
  0.969999373             380
  0.979999363             375
  0.989999354             371
  0.999999344             366
   1.00999939             363
   1.01999938             359
   1.02999938             356
   1.03999937             350
   1.04999936             346
   1.05999935             344
   1.06999934             341
   1.07999933             340
   1.08999932             334
   1.09999931             327
   1.10999930             324
   1.11999929             316
   1.12999928             315
   1.13999927             311
   1.14999926             308
   1.15999925             307
   1.16999924             303
   1.17999923             301
   1.18999922             299
   1.19999921             295
   1.20999920             291
   1.21999919             288
   1.22999918             287
   1.23999918             280
   1.24999917             277
   1.25999916             274
   1.26999915             271
   1.27999914             271
   1.28999913             270
   1.29999912             268
   1.30999911             265
   1.31999910             263
   1.32999909             261
   1.33999908             255
   1.34999907             251
   1.35999906             249
   1.36999905             247
   1.37999904             246
   1.38999903             240
   1.39999902             236
   1.40999901             233
   1.41999900             231
   1.42999899             229
   1.43999898             226
   1.44999897             225
   1.45999897             220
   1.46999896             218
   1.47999895             214
   1.48999894             213
   1.49999893             210
   1.50999892             208
   1.51999891             206
   1.52999890             203
   1.53999889             202
   1.54999888             200
   1.55999887             196
   1.56999886             193
   1.57999885             192
   1.58999884             192
   1.59999883             192
   1.60999882             191
   1.61999881             190
   1.62999880             189
   1.63999879             186
   1.64999878             185
   1.65999877             184
   1.66999876             181
   1.67999876             179
   1.68999875             177
   1.69999874             177
   1.70999873             175
   1.71999872             173
   1.72999871             171
   1.73999870             170
   1.74999869             168
   1.75999868             166
   1.76999867             165
   1.77999866             163
   1.78999865             161
   1.79999864             161
   1.80999863             161
   1.81999862             158
   1.82999861             157
   1.83999860             156
   1.84999859             155
   1.85999858             154
   1.86999857             151
   1.87999856             150
   1.88999856             148
   1.89999855             146
   1.90999854             144
   1.91999853             143
   1.92999852             139
   1.93999851             137
   1.94999850             135
   1.95999849             132
   1.96999848             131
   1.97999847             131
   1.98999846             130
   1.99999845             130
   2.00999856             128
   2.01999855             126
   2.02999854             126
   2.03999853             126
   2.04999852             124
   2.05999851             124
   2.06999850             124
   2.07999849             124
   2.08999848             124
   2.09999847             124
   2.10999846             122
   2.11999846             122
   2.12999845             121
   2.13999844             119
   2.14999843             118
   2.15999842             116
   2.16999841             115
   2.17999840             114
   2.18999839             114
   2.19999838             114
   2.20999837             114
   2.21999836             114
   2.22999835             113
   2.23999834             113
   2.24999833             109
   2.25999832             108
   2.26999831             107
   2.27999830             106
   2.28999829             104
   2.29999828             100
   2.30999827              99
   2.31999826              98
   2.32999825              97
   2.33999825              94
   2.34999824              92
   2.35999823              90
   2.36999822              89
   2.37999821              89
   2.38999820              89
   2.39999819              86
   2.40999818              84
   2.41999817              83
   2.42999816              82
   2.43999815              81
   2.44999814              80
   2.45999813              80
   2.46999812              80
   2.47999811              80
   2.48999810              79
   2.49999809              78
   2.50999808              77
   2.51999807              77
   2.52999806              75
   2.53999805              73
   2.54999804              73
   2.55999804              72
   2.56999803              72
   2.57999802              72
   2.58999801              71
   2.59999800              71
   2.60999799              71
   2.61999798              71
   2.62999797              69
   2.63999796              69
   2.64999795              69
   2.65999794              69
   2.66999793              69
   2.67999792              69
   2.68999791              68
   2.69999790              68
   2.70999789              66
   2.71999788              66
   2.72999787              65
   2.73999786              65
   2.74999785              64
   2.75999784              64
   2.76999784              62
   2.77999783              61
   2.78999782              61
   2.79999781              60
   2.80999780              60
   2.81999779              57
   2.82999778              57
   2.83999777              57
   2.84999776              57
   2.85999775              56
   2.86999774              56
   2.87999773              55
   2.88999772              53
   2.89999771              52
   2.90999770              52
   2.91999769              51
   2.92999768              51
   2.93999767              50
   2.94999766              50
   2.95999765              50
   2.96999764              49
   2.97999763              47
   2.98999763              46
   2.99999762              46
   3.00999761              46
   3.01999760              46
   3.02999759              46
   3.03999758              45
   3.04999757              45
   3.05999756              45
   3.06999755              45
   3.07999754              44
   3.08999753              43
   3.09999752              42
   3.10999751              42
   3.11999750              42
   3.12999749              41
   3.13999748              40
   3.14999747              40
   3.15999746              39
   3.16999745              39
   3.17999744              39
   3.18999743              39
   3.19999743              39
   3.20999742              39
   3.21999741              39
   3.22999740              39
   3.23999739              38
   3.24999738              37
   3.25999737              37
   3.26999736              36
   3.27999735              35
   3.28999734              34
   3.29999733              34
   3.30999732              34
   3.31999731              33
   3.32999730              33
   3.33999729              33
   3.34999728              33
   3.35999727              33
   3.36999726              32
   3.37999725              32
   3.38999724              31
   3.39999723              31
   3.40999722              31
   3.41999722              31
   3.42999721              31
   3.43999720              30
   3.44999719              29
   3.45999718              29
   3.46999717              29
   3.47999716              29
   3.48999715              29
   3.49999714              29
   3.50999713              29
   3.51999712              29
   3.52999711              29
   3.53999710              29
   3.54999709              29
   3.55999708              29
   3.56999707              29
   3.57999706              28
   3.58999705              28
   3.59999704              28
   3.60999703              28
   3.61999702              28
   3.62999701              27
   3.63999701              27
   3.64999700              27
   3.65999699              27
   3.66999698              27
   3.67999697              26
   3.68999696              26
   3.69999695              25
   3.70999694              25
   3.71999693              25
   3.72999692              25
   3.73999691              25
   3.74999690              25
   3.75999689              25
   3.76999688              25
   3.77999687              25
   3.78999686              25
   3.79999685              24
   3.80999684              24
   3.81999683              24
   3.82999682              24
   3.83999681              24
   3.84999681              24
   3.85999680              24
   3.86999679              24
   3.87999678              24
   3.88999677              24
   3.89999676              23
   3.90999675              23
   3.91999674              23
   3.92999673              23
   3.93999672              23
   3.94999671              23
   3.95999670              23
   3.96999669              22
   3.97999668              20
   3.98999667              20
   3.99999666              20
   4.00999689              20
   4.01999712              19
   4.02999735              19
   4.03999758              18
   4.04999781              17
   4.05999804              16
   4.06999826              16
   4.07999849              16
   4.08999872              15
   4.09999895              15
   4.10999918              15
   4.11999941              15
   4.12999964              15
   4.13999987              15
   4.15000010              14
   4.16000032              14
   4.17000055              14
   4.18000078              13
   4.19000101              13
   4.20000124              13
   4.21000147              13
   4.22000170              13
   4.23000193              13
   4.24000216              13
   4.25000238              12
   4.26000261              12
   4.27000284              12
   4.28000307              12
   4.29000330              12
   4.30000353              12
   4.31000376              12
   4.32000399              12
   4.33000422              12
   4.34000444              12
   4.35000467              12
   4.36000490              12
   4.37000513              12
   4.38000536              12
   4.39000559              12
   4.40000582              12
   4.41000605              12
   4.42000628              12
   4.43000650              12
   4.44000673              12
   4.45000696              12
   4.46000719              12
   4.47000742              12
   4.48000765              12
   4.49000788              12
   4.50000811              11
   4.51000834              11
   4.52000856              11
   4.53000879              11
   4.54000902              11
   4.55000925              11
   4.56000948              11
   4.57000971              11
   4.58000994              11
   4.59001017              11
   4.60001040              11
   4.61001062              11
   4.62001085              10
   4.63001108              10
   4.64001131              10
   4.65001154              10
   4.66001177              10
   4.67001200              10
   4.68001223               9
   4.69001245               9
   4.70001268               8
   4.71001291               8
   4.72001314               8
   4.73001337               8
   4.74001360               8
   4.75001383               7
   4.76001406               7
   4.77001429               7
   4.78001451               7
   4.79001474               7
   4.80001497               6
   4.81001520               6
   4.82001543               6
   4.83001566               6
   4.84001589               6
   4.85001612               6
   4.86001635               6
   4.87001657               6
   4.88001680               6
   4.89001703               5
   4.90001726               5
   4.91001749               5
   4.92001772               5
   4.93001795               5
   4.94001818               5
   4.95001841               5
   4.96001863               5
   4.97001886               5
   4.98001909               5
   4.99001932               5
   5.00001955               5
   5.01001978               5
   5.02002001               5
   5.03002024               5
   5.04002047               5
   5.05002069               5
   5.06002092               5
   5.07002115               5
   5.08002138               5
   5.09002161               5
   5.10002184               5
   5.11002207               5
   5.12002230               5
   5.13002253               5
   5.14002275               5
   5.15002298               5
   5.16002321               5
   5.17002344               4
   5.18002367               4
   5.19002390               4
   5.20002413               4
   5.21002436               4
   5.22002459               4
   5.23002481               4
   5.24002504               4
   5.25002527               4
   5.26002550               4
   5.27002573               4
   5.28002596               4
   5.29002619               4
   5.30002642               4
   5.31002665               4
   5.32002687               4
   5.33002710               4
   5.34002733               4
   5.35002756               4
   5.36002779               4
   5.37002802               4
   5.38002825               4
   5.39002848               4
   5.40002871               4
   5.41002893               4
   5.42002916               4
   5.43002939               4
   5.44002962               4
   5.45002985               4
   5.46003008               4
   5.47003031               4
   5.48003054               4
   5.49003077               4
   5.50003099               4
   5.51003122               4
   5.52003145               4
   5.53003168               4
   5.54003191               4
   5.55003214               4
   5.56003237               4
   5.57003260               4
   5.58003283               3
   5.59003305               3
   5.60003328               3
   5.61003351               3
   5.62003374               3
   5.63003397               3
   5.64003420               3
   5.65003443               3
   5.66003466               3
   5.67003489               3
   5.68003511               3
   5.69003534               3
   5.70003557               3
   5.71003580               3
   5.72003603               3
   5.73003626               3
   5.74003649               3
   5.75003672               2
   5.76003695               2
   5.77003717               2
   5.78003740               2
   5.79003763               2
   5.80003786               2
   5.81003809               2
   5.82003832               2
   5.83003855               2
   5.84003878               2
   5.85003901               2
   5.86003923               2
   5.87003946               2
   5.88003969               2
   5.89003992               2
   5.90004015               2
   5.91004038               2
   5.92004061               2
   5.93004084               2
   5.94004107               2
   5.95004129               2
   5.96004152               2
   5.97004175               2
   5.98004198               2
   5.99004221               2
   6.00004244               2
   6.01004267               2
   6.02004290               2
   6.03004313               2
   6.04004335               2
   6.05004358               2
   6.06004381               2
   6.07004404               2
   6.08004427               2
   6.09004450               2
   6.10004473               2
   6.11004496               2
   6.12004519               2
   6.13004541               2
   6.14004564               2
   6.15004587               2
   6.16004610               2
   6.17004633               2
   6.18004656               2
   6.19004679               2
   6.20004702               2
   6.21004725               2
   6.22004747               2
   6.23004770               2
   6.24004793               2
   6.25004816               2
   6.26004839               2
   6.27004862               2
   6.28004885               2
   6.29004908               2
   6.30004930               2
   6.31004953               2
   6.32004976               2
   6.33004999               2
   6.34005022               2
   6.35005045               2
   6.36005068               2
   6.37005091               2
   6.38005114               2
   6.39005136               2
   6.40005159               2
   6.41005182               2
   6.42005205               2
   6.43005228               2
   6.44005251               2
   6.45005274               2
   6.46005297               2
   6.47005320               2
   6.48005342               2
   6.49005365               2
   6.50005388               2
   6.51005411               2
   6.52005434               2
   6.53005457               2
   6.54005480               2
   6.55005503               2
   6.56005526               2
   6.57005548               2
   6.58005571               2
   6.59005594               2
   6.60005617               2
   6.61005640               2
   6.62005663               2
   6.63005686               2
   6.64005709               2
   6.65005732               2
   6.66005754               2
   6.67005777               2
   6.68005800               2
   6.69005823               2
   6.70005846               2
   6.71005869               2
   6.72005892               2
   6.73005915               2
   6.74005938               2
   6.75005960               2
   6.76005983               2
   6.77006006               2
   6.78006029               2
   6.79006052               2
   6.80006075               2
   6.81006098               2
   6.82006121               2
   6.83006144               2
   6.84006166               2
   6.85006189               2
   6.86006212               2
   6.87006235               2
   6.88006258               2
   6.89006281               2
   6.90006304               2
   6.91006327               2
   6.92006350               2
   6.93006372               2
   6.94006395               2
   6.95006418               2
   6.96006441               2
   6.97006464               2
   6.98006487               2
   6.99006510               2
   7.00006533               2
   7.01006556               2
   7.02006578               2
   7.03006601               2
   7.04006624               2
   7.05006647               2
   7.06006670               2
   7.07006693               1
   7.08006716               1
   7.09006739               1
   7.10006762               1
   7.11006784               1
   7.12006807               1
   7.13006830               1
   7.14006853               1
   7.15006876               1
   7.16006899               1
   7.17006922               1
   7.18006945               1
   7.19006968               1
   7.20006990               1
   7.21007013               1
   7.22007036               1
   7.23007059               1
   7.24007082               1
   7.25007105               1
   7.26007128               1
   7.27007151               1
   7.28007174               1
   7.29007196               1
   7.30007219               1
   7.31007242               1
   7.32007265               1
   7.33007288               1
   7.34007311               1
   7.35007334               1
   7.36007357               1
   7.37007380               1
   7.38007402               1
   7.39007425               1
   7.40007448               1
   7.41007471               1
   7.42007494               0
   7.43007517               0
   7.44007540               0
   7.45007563               0
   7.46007586               0
   7.47007608               0
   7.48007631               0
   7.49007654               0
   7.50007677               0
   7.51007700               0
   7.52007723               0
   7.53007746               0
   7.54007769               0
   7.55007792               0
   7.56007814               0
   7.57007837               0
   7.58007860               0
   7.59007883               0
   7.60007906               0
   7.61007929               0
   7.62007952               0
   7.63007975               0
   7.64007998               0
   7.65008020               0
   7.66008043               0
   7.67008066               0
   7.68008089               0
   7.69008112               0
   7.70008135               0
   7.71008158               0
   7.72008181               0
   7.73008204               0
   7.74008226               0
   7.75008249               0
   7.76008272               0
   7.77008295               0
   7.78008318               0
   7.79008341               0
   7.80008364               0
   7.81008387               0
   7.82008410               0
   7.83008432               0
   7.84008455               0
   7.85008478               0
   7.86008501               0
   7.87008524               0
   7.88008547               0
   7.89008570               0
   7.90008593               0
   7.91008615               0
   7.92008638               0
   7.93008661               0
   7.94008684               0
   7.95008707               0
   7.96008730               0
   7.97008753               0
   7.98008776               0
   7.99008799               0
   8.00008774               0
