   0.00000000             991
   9.99999978E-03         977
   1.99999996E-02         968
   2.99999993E-02         964
   3.99999991E-02         954
   4.99999970E-02         945
   5.99999949E-02         934
   6.99999928E-02         923
   7.99999908E-02         909
   8.99999887E-02         900
   9.99999866E-02         884
  0.109999985             874
  0.119999982             864
  0.129999980             856
  0.139999986             848
  0.149999991             841
  0.159999996             834
  0.170000002             823
  0.180000007             818
  0.190000013             803
  0.200000018             797
  0.210000023             788
  0.220000029             781
  0.230000034             776
  0.240000039             769
  0.250000030             757
  0.260000020             755
  0.270000011             747
  0.280000001             740
  0.289999992             732
  0.299999982             726
  0.309999973             722
  0.319999963             713
  0.329999954             711
  0.339999944             705
  0.349999934             698
  0.359999925             691
  0.369999915             682
  0.379999906             674
  0.389999896             672
  0.399999887             668
  0.409999877             656
  0.419999868             649
  0.429999858             641
  0.439999849             635
  0.449999839             631
  0.459999830             626
  0.469999820             621
  0.479999810             614
  0.489999801             607
  0.499999791             603
  0.509999812             597
  0.519999802             592
  0.529999793             587
  0.539999783             582
  0.549999774             578
  0.559999764             575
  0.569999754             569
  0.579999745             565
  0.589999735             554
  0.599999726             551
  0.609999716             543
  0.619999707             537
  0.629999697             533
  0.639999688             527
  0.649999678             524
  0.659999669             522
  0.669999659             517
  0.679999650             510
  0.689999640             501
  0.699999630             498
  0.709999621             493
  0.719999611             488
  0.729999602             483
  0.739999592             480
  0.749999583             474
  0.759999573             469
  0.769999564             466
  0.779999554             464
  0.789999545             459
  0.799999535             452
  0.809999526             447
  0.819999516             445
  0.829999506             439
  0.839999497             437
  0.849999487             436
  0.859999478             434
  0.869999468             431
  0.879999459             424
  0.889999449             419
  0.899999440             413
  0.909999430             410
  0.919999421             405
  0.929999411             403
  0.939999402             400
  0.949999392             397
  0.959999382             394
  0.969999373             389
  0.979999363             387
  0.989999354             386
  0.999999344             380
   1.00999939             377
   1.01999938             371
   1.02999938             365
   1.03999937             362
   1.04999936             361
   1.05999935             357
   1.06999934             355
   1.07999933             355
   1.08999932             350
   1.09999931             347
   1.10999930             341
   1.11999929             338
   1.12999928             334
   1.13999927             332
   1.14999926             328
   1.15999925             325
   1.16999924             322
   1.17999923             321
   1.18999922             318
   1.19999921             314
   1.20999920             309
   1.21999919             306
   1.22999918             302
   1.23999918             300
   1.24999917             295
   1.25999916             291
   1.26999915             289
   1.27999914             286
   1.28999913             282
   1.29999912             280
   1.30999911             278
   1.31999910             275
   1.32999909             271
   1.33999908             265
   1.34999907             262
   1.35999906             260
   1.36999905             259
   1.37999904             255
   1.38999903             254
   1.39999902             251
   1.40999901             247
   1.41999900             243
   1.42999899             242
   1.43999898             241
   1.44999897             240
   1.45999897             237
   1.46999896             234
   1.47999895             232
   1.48999894             231
   1.49999893             227
   1.50999892             226
   1.51999891             222
   1.52999890             222
   1.53999889             216
   1.54999888             215
   1.55999887             214
   1.56999886             213
   1.57999885             211
   1.58999884             209
   1.59999883             206
   1.60999882             205
   1.61999881             203
   1.62999880             200
   1.63999879             199
   1.64999878             195
   1.65999877             191
   1.66999876             189
   1.67999876             184
   1.68999875             182
   1.69999874             179
   1.70999873             177
   1.71999872             174
   1.72999871             169
   1.73999870             168
   1.74999869             164
   1.75999868             163
   1.76999867             160
   1.77999866             157
   1.78999865             155
   1.79999864             152
   1.80999863             151
   1.81999862             150
   1.82999861             149
   1.83999860             149
   1.84999859             148
   1.85999858             147
   1.86999857             147
   1.87999856             147
   1.88999856             145
   1.89999855             145
   1.90999854             142
   1.91999853             142
   1.92999852             141
   1.93999851             140
   1.94999850             137
   1.95999849             136
   1.96999848             134
   1.97999847             132
   1.98999846             131
   1.99999845             129
   2.00999856             128
   2.01999855             126
   2.02999854             126
   2.03999853             122
   2.04999852             122
   2.05999851             121
   2.06999850             121
   2.07999849             120
   2.08999848             119
   2.09999847             118
   2.10999846             118
   2.11999846             118
   2.12999845             117
   2.13999844             116
   2.14999843             115
   2.15999842             113
   2.16999841             113
   2.17999840             113
   2.18999839             111
   2.19999838             110
   2.20999837             110
   2.21999836             110
   2.22999835             110
   2.23999834             106
   2.24999833             106
   2.25999832             105
   2.26999831             105
   2.27999830             102
   2.28999829              99
   2.29999828              99
   2.30999827              98
   2.31999826              98
   2.32999825              97
   2.33999825              95
   2.34999824              95
   2.35999823              94
   2.36999822              94
   2.37999821              92
   2.38999820              92
   2.39999819              92
   2.40999818              92
   2.41999817              92
   2.42999816              92
   2.43999815              92
   2.44999814              91
   2.45999813              89
   2.46999812              87
   2.47999811              87
   2.48999810              86
   2.49999809              86
   2.50999808              86
   2.51999807              85
   2.52999806              83
   2.53999805              82
   2.54999804              81
   2.55999804              79
   2.56999803              77
   2.57999802              76
   2.58999801              75
   2.59999800              75
   2.60999799              75
   2.61999798              75
   2.62999797              75
   2.63999796              75
   2.64999795              74
   2.65999794              74
   2.66999793              74
   2.67999792              73
   2.68999791              73
   2.69999790              72
   2.70999789              72
   2.71999788              71
   2.72999787              68
   2.73999786              68
   2.74999785              68
   2.75999784              67
   2.76999784              65
   2.77999783              63
   2.78999782              63
   2.79999781              62
   2.80999780              62
   2.81999779              62
   2.82999778              62
   2.83999777              61
   2.84999776              60
   2.85999775              60
   2.86999774              60
   2.87999773              60
   2.88999772              59
   2.89999771              59
   2.90999770              57
   2.91999769              57
   2.92999768              56
   2.93999767              55
   2.94999766              54
   2.95999765              53
   2.96999764              52
   2.97999763              52
   2.98999763              52
   2.99999762              52
   3.00999761              51
   3.01999760              51
   3.02999759              51
   3.03999758              51
   3.04999757              50
   3.05999756              50
   3.06999755              49
   3.07999754              49
   3.08999753              48
   3.09999752              47
   3.10999751              47
   3.11999750              46
   3.12999749              45
   3.13999748              45
   3.14999747              45
   3.15999746              44
   3.16999745              44
   3.17999744              44
   3.18999743              44
   3.19999743              44
   3.20999742              44
   3.21999741              44
   3.22999740              44
   3.23999739              44
   3.24999738              42
   3.25999737              42
   3.26999736              41
   3.27999735              39
   3.28999734              39
   3.29999733              39
   3.30999732              39
   3.31999731              39
   3.32999730              39
   3.33999729              39
   3.34999728              39
   3.35999727              38
   3.36999726              38
   3.37999725              37
   3.38999724              37
   3.39999723              37
   3.40999722              37
   3.41999722              37
   3.42999721              37
   3.43999720              37
   3.44999719              36
   3.45999718              36
   3.46999717              36
   3.47999716              36
   3.48999715              36
   3.49999714              35
   3.50999713              35
   3.51999712              35
   3.52999711              34
   3.53999710              34
   3.54999709              33
   3.55999708              32
   3.56999707              31
   3.57999706              31
   3.58999705              31
   3.59999704              30
   3.60999703              30
   3.61999702              30
   3.62999701              29
   3.63999701              29
   3.64999700              29
   3.65999699              28
   3.66999698              28
   3.67999697              28
   3.68999696              28
   3.69999695              28
   3.70999694              28
   3.71999693              27
   3.72999692              27
   3.73999691              26
   3.74999690              26
   3.75999689              26
   3.76999688              26
   3.77999687              25
   3.78999686              25
   3.79999685              25
   3.80999684              25
   3.81999683              25
   3.82999682              25
   3.83999681              25
   3.84999681              25
   3.85999680              25
   3.86999679              24
   3.87999678              24
   3.88999677              24
   3.89999676              24
   3.90999675              24
   3.91999674              24
   3.92999673              24
   3.93999672              24
   3.94999671              24
   3.95999670              24
   3.96999669              24
   3.97999668              24
   3.98999667              23
   3.99999666              23
   4.00999689              23
   4.01999712              23
   4.02999735              23
   4.03999758              23
   4.04999781              23
   4.05999804              23
   4.06999826              21
   4.07999849              21
   4.08999872              21
   4.09999895              21
   4.10999918              21
   4.11999941              21
   4.12999964              20
   4.13999987              20
   4.15000010              20
   4.16000032              20
   4.17000055              19
   4.18000078              19
   4.19000101              19
   4.20000124              18
   4.21000147              18
   4.22000170              17
   4.23000193              17
   4.24000216              17
   4.25000238              17
   4.26000261              17
   4.27000284              17
   4.28000307              17
   4.29000330              17
   4.30000353              17
   4.31000376              17
   4.32000399              17
   4.33000422              17
   4.34000444              17
   4.35000467              17
   4.36000490              17
   4.37000513              17
   4.38000536              17
   4.39000559              17
   4.40000582              17
   4.41000605              17
   4.42000628              17
   4.43000650              17
   4.44000673              17
   4.45000696              17
   4.46000719              16
   4.47000742              16
   4.48000765              16
   4.49000788              16
   4.50000811              16
   4.51000834              15
   4.52000856              15
   4.53000879              15
   4.54000902              15
   4.55000925              15
   4.56000948              15
   4.57000971              15
   4.58000994              15
   4.59001017              15
   4.60001040              14
   4.61001062              14
   4.62001085              14
   4.63001108              14
   4.64001131              14
   4.65001154              14
   4.66001177              14
   4.67001200              14
   4.68001223              14
   4.69001245              14
   4.70001268              14
   4.71001291              14
   4.72001314              14
   4.73001337              14
   4.74001360              14
   4.75001383              14
   4.76001406              14
   4.77001429              14
   4.78001451              14
   4.79001474              13
   4.80001497              13
   4.81001520              11
   4.82001543              11
   4.83001566              11
   4.84001589              11
   4.85001612              11
   4.86001635              11
   4.87001657              11
   4.88001680              10
   4.89001703              10
   4.90001726              10
   4.91001749              10
   4.92001772              10
   4.93001795              10
   4.94001818              10
   4.95001841              10
   4.96001863              10
   4.97001886              10
   4.98001909              10
   4.99001932               9
   5.00001955               9
   5.01001978               9
   5.02002001               9
   5.03002024               9
   5.04002047               9
   5.05002069               9
   5.06002092               9
   5.07002115               9
   5.08002138               9
   5.09002161               9
   5.10002184               9
   5.11002207               9
   5.12002230               9
   5.13002253               8
   5.14002275               8
   5.15002298               8
   5.16002321               8
   5.17002344               8
   5.18002367               8
   5.19002390               8
   5.20002413               8
   5.21002436               8
   5.22002459               8
   5.23002481               8
   5.24002504               8
   5.25002527               8
   5.26002550               8
   5.27002573               8
   5.28002596               8
   5.29002619               8
   5.30002642               8
   5.31002665               8
   5.32002687               8
   5.33002710               8
   5.34002733               8
   5.35002756               8
   5.36002779               8
   5.37002802               8
   5.38002825               8
   5.39002848               8
   5.40002871               8
   5.41002893               8
   5.42002916               8
   5.43002939               8
   5.44002962               8
   5.45002985               8
   5.46003008               8
   5.47003031               8
   5.48003054               8
   5.49003077               8
   5.50003099               8
   5.51003122               8
   5.52003145               8
   5.53003168               8
   5.54003191               8
   5.55003214               8
   5.56003237               8
   5.57003260               8
   5.58003283               8
   5.59003305               8
   5.60003328               8
   5.61003351               8
   5.62003374               7
   5.63003397               7
   5.64003420               7
   5.65003443               7
   5.66003466               7
   5.67003489               7
   5.68003511               7
   5.69003534               7
   5.70003557               7
   5.71003580               7
   5.72003603               7
   5.73003626               7
   5.74003649               7
   5.75003672               7
   5.76003695               7
   5.77003717               7
   5.78003740               7
   5.79003763               7
   5.80003786               7
   5.81003809               7
   5.82003832               7
   5.83003855               7
   5.84003878               7
   5.85003901               7
   5.86003923               7
   5.87003946               7
   5.88003969               7
   5.89003992               6
   5.90004015               6
   5.91004038               6
   5.92004061               6
   5.93004084               6
   5.94004107               6
   5.95004129               6
   5.96004152               6
   5.97004175               6
   5.98004198               6
   5.99004221               6
   6.00004244               6
   6.01004267               6
   6.02004290               6
   6.03004313               6
   6.04004335               5
   6.05004358               5
   6.06004381               5
   6.07004404               5
   6.08004427               5
   6.09004450               5
   6.10004473               5
   6.11004496               5
   6.12004519               5
   6.13004541               5
   6.14004564               5
   6.15004587               5
   6.16004610               5
   6.17004633               5
   6.18004656               5
   6.19004679               5
   6.20004702               5
   6.21004725               5
   6.22004747               5
   6.23004770               5
   6.24004793               5
   6.25004816               5
   6.26004839               4
   6.27004862               3
   6.28004885               2
   6.29004908               2
   6.30004930               2
   6.31004953               2
   6.32004976               2
   6.33004999               2
   6.34005022               2
   6.35005045               2
   6.36005068               2
   6.37005091               2
   6.38005114               2
   6.39005136               2
   6.40005159               2
   6.41005182               2
   6.42005205               2
   6.43005228               2
   6.44005251               2
   6.45005274               2
   6.46005297               2
   6.47005320               2
   6.48005342               2
   6.49005365               2
   6.50005388               2
   6.51005411               2
   6.52005434               2
   6.53005457               2
   6.54005480               2
   6.55005503               2
   6.56005526               2
   6.57005548               2
   6.58005571               2
   6.59005594               2
   6.60005617               2
   6.61005640               2
   6.62005663               2
   6.63005686               2
   6.64005709               2
   6.65005732               2
   6.66005754               2
   6.67005777               2
   6.68005800               2
   6.69005823               2
   6.70005846               2
   6.71005869               2
   6.72005892               2
   6.73005915               2
   6.74005938               2
   6.75005960               2
   6.76005983               2
   6.77006006               2
   6.78006029               2
   6.79006052               2
   6.80006075               2
   6.81006098               2
   6.82006121               2
   6.83006144               2
   6.84006166               2
   6.85006189               2
   6.86006212               2
   6.87006235               2
   6.88006258               2
   6.89006281               2
   6.90006304               2
   6.91006327               2
   6.92006350               2
   6.93006372               2
   6.94006395               1
   6.95006418               1
   6.96006441               1
   6.97006464               1
   6.98006487               1
   6.99006510               1
   7.00006533               1
   7.01006556               1
   7.02006578               1
   7.03006601               1
   7.04006624               1
   7.05006647               1
   7.06006670               1
   7.07006693               1
   7.08006716               1
   7.09006739               1
   7.10006762               1
   7.11006784               1
   7.12006807               1
   7.13006830               1
   7.14006853               1
   7.15006876               1
   7.16006899               1
   7.17006922               1
   7.18006945               1
   7.19006968               1
   7.20006990               1
   7.21007013               1
   7.22007036               1
   7.23007059               1
   7.24007082               1
   7.25007105               1
   7.26007128               1
   7.27007151               1
   7.28007174               1
   7.29007196               1
   7.30007219               1
   7.31007242               1
   7.32007265               1
   7.33007288               1
   7.34007311               1
   7.35007334               1
   7.36007357               1
   7.37007380               1
   7.38007402               1
   7.39007425               1
   7.40007448               1
   7.41007471               1
   7.42007494               1
   7.43007517               1
   7.44007540               1
   7.45007563               1
   7.46007586               1
   7.47007608               1
   7.48007631               1
   7.49007654               1
   7.50007677               1
   7.51007700               1
   7.52007723               1
   7.53007746               1
   7.54007769               1
   7.55007792               1
   7.56007814               1
   7.57007837               1
   7.58007860               1
   7.59007883               1
   7.60007906               1
   7.61007929               1
   7.62007952               1
   7.63007975               1
   7.64007998               1
   7.65008020               1
   7.66008043               1
   7.67008066               1
   7.68008089               1
   7.69008112               1
   7.70008135               1
   7.71008158               1
   7.72008181               1
   7.73008204               1
   7.74008226               1
   7.75008249               1
   7.76008272               1
   7.77008295               1
   7.78008318               1
   7.79008341               1
   7.80008364               1
   7.81008387               1
   7.82008410               1
   7.83008432               1
   7.84008455               1
   7.85008478               1
   7.86008501               1
   7.87008524               1
   7.88008547               1
   7.89008570               1
   7.90008593               1
   7.91008615               1
   7.92008638               1
   7.93008661               1
   7.94008684               1
   7.95008707               1
   7.96008730               1
   7.97008753               1
   7.98008776               1
   7.99008799               1
   8.00008774               1
