   0.00000000             991
   9.99999978E-03         985
   1.99999996E-02         974
   2.99999993E-02         962
   3.99999991E-02         951
   4.99999970E-02         942
   5.99999949E-02         934
   6.99999928E-02         924
   7.99999908E-02         918
   8.99999887E-02         903
   9.99999866E-02         890
  0.109999985             881
  0.119999982             869
  0.129999980             862
  0.139999986             860
  0.149999991             855
  0.159999996             845
  0.170000002             838
  0.180000007             834
  0.190000013             823
  0.200000018             815
  0.210000023             808
  0.220000029             803
  0.230000034             794
  0.240000039             780
  0.250000030             770
  0.260000020             759
  0.270000011             748
  0.280000001             736
  0.289999992             732
  0.299999982             729
  0.309999973             722
  0.319999963             715
  0.329999954             710
  0.339999944             698
  0.349999934             688
  0.359999925             683
  0.369999915             680
  0.379999906             677
  0.389999896             668
  0.399999887             658
  0.409999877             652
  0.419999868             645
  0.429999858             638
  0.439999849             630
  0.449999839             626
  0.459999830             620
  0.469999820             615
  0.479999810             611
  0.489999801             600
  0.499999791             593
  0.509999812             591
  0.519999802             586
  0.529999793             579
  0.539999783             578
  0.549999774             575
  0.559999764             569
  0.569999754             563
  0.579999745             555
  0.589999735             549
  0.599999726             544
  0.609999716             539
  0.619999707             536
  0.629999697             531
  0.639999688             526
  0.649999678             525
  0.659999669             522
  0.669999659             515
  0.679999650             512
  0.689999640             507
  0.699999630             503
  0.709999621             500
  0.719999611             496
  0.729999602             491
  0.739999592             486
  0.749999583             480
  0.759999573             476
  0.769999564             471
  0.779999554             469
  0.789999545             468
  0.799999535             466
  0.809999526             457
  0.819999516             453
  0.829999506             452
  0.839999497             449
  0.849999487             443
  0.859999478             440
  0.869999468             437
  0.879999459             431
  0.889999449             428
  0.899999440             426
  0.909999430             422
  0.919999421             417
  0.929999411             414
  0.939999402             409
  0.949999392             407
  0.959999382             405
  0.969999373             400
  0.979999363             394
  0.989999354             388
  0.999999344             384
   1.00999939             377
   1.01999938             373
   1.02999938             368
   1.03999937             363
   1.04999936             356
   1.05999935             356
   1.06999934             353
   1.07999933             351
   1.08999932             346
   1.09999931             339
   1.10999930             336
   1.11999929             332
   1.12999928             329
   1.13999927             323
   1.14999926             319
   1.15999925             317
   1.16999924             315
   1.17999923             311
   1.18999922             308
   1.19999921             306
   1.20999920             300
   1.21999919             299
   1.22999918             299
   1.23999918             296
   1.24999917             295
   1.25999916             292
   1.26999915             292
   1.27999914             288
   1.28999913             283
   1.29999912             280
   1.30999911             279
   1.31999910             279
   1.32999909             277
   1.33999908             273
   1.34999907             270
   1.35999906             270
   1.36999905             264
   1.37999904             262
   1.38999903             256
   1.39999902             253
   1.40999901             249
   1.41999900             249
   1.42999899             248
   1.43999898             247
   1.44999897             244
   1.45999897             242
   1.46999896             237
   1.47999895             234
   1.48999894             231
   1.49999893             228
   1.50999892             227
   1.51999891             227
   1.52999890             224
   1.53999889             222
   1.54999888             221
   1.55999887             220
   1.56999886             218
   1.57999885             218
   1.58999884             215
   1.59999883             211
   1.60999882             211
   1.61999881             209
   1.62999880             207
   1.63999879             207
   1.64999878             206
   1.65999877             202
   1.66999876             201
   1.67999876             200
   1.68999875             200
   1.69999874             198
   1.70999873             198
   1.71999872             194
   1.72999871             194
   1.73999870             192
   1.74999869             190
   1.75999868             189
   1.76999867             186
   1.77999866             186
   1.78999865             185
   1.79999864             183
   1.80999863             182
   1.81999862             179
   1.82999861             176
   1.83999860             173
   1.84999859             169
   1.85999858             167
   1.86999857             166
   1.87999856             163
   1.88999856             159
   1.89999855             158
   1.90999854             155
   1.91999853             154
   1.92999852             151
   1.93999851             150
   1.94999850             148
   1.95999849             148
   1.96999848             146
   1.97999847             144
   1.98999846             142
   1.99999845             141
   2.00999856             140
   2.01999855             139
   2.02999854             138
   2.03999853             137
   2.04999852             137
   2.05999851             137
   2.06999850             136
   2.07999849             134
   2.08999848             134
   2.09999847             134
   2.10999846             132
   2.11999846             130
   2.12999845             126
   2.13999844             124
   2.14999843             121
   2.15999842             120
   2.16999841             118
   2.17999840             117
   2.18999839             115
   2.19999838             112
   2.20999837             110
   2.21999836             107
   2.22999835             106
   2.23999834             105
   2.24999833             104
   2.25999832             104
   2.26999831             103
   2.27999830             102
   2.28999829             101
   2.29999828             101
   2.30999827             101
   2.31999826             101
   2.32999825              99
   2.33999825              98
   2.34999824              97
   2.35999823              96
   2.36999822              96
   2.37999821              96
   2.38999820              94
   2.39999819              94
   2.40999818              94
   2.41999817              94
   2.42999816              94
   2.43999815              93
   2.44999814              92
   2.45999813              92
   2.46999812              92
   2.47999811              92
   2.48999810              92
   2.49999809              90
   2.50999808              90
   2.51999807              88
   2.52999806              88
   2.53999805              86
   2.54999804              86
   2.55999804              86
   2.56999803              86
   2.57999802              85
   2.58999801              85
   2.59999800              84
   2.60999799              82
   2.61999798              82
   2.62999797              82
   2.63999796              82
   2.64999795              82
   2.65999794              80
   2.66999793              80
   2.67999792              80
   2.68999791              80
   2.69999790              78
   2.70999789              78
   2.71999788              76
   2.72999787              74
   2.73999786              73
   2.74999785              73
   2.75999784              73
   2.76999784              73
   2.77999783              73
   2.78999782              72
   2.79999781              72
   2.80999780              72
   2.81999779              72
   2.82999778              72
   2.83999777              72
   2.84999776              71
   2.85999775              71
   2.86999774              71
   2.87999773              70
   2.88999772              70
   2.89999771              70
   2.90999770              70
   2.91999769              70
   2.92999768              70
   2.93999767              69
   2.94999766              68
   2.95999765              67
   2.96999764              65
   2.97999763              64
   2.98999763              61
   2.99999762              61
   3.00999761              60
   3.01999760              57
   3.02999759              57
   3.03999758              57
   3.04999757              57
   3.05999756              56
   3.06999755              55
   3.07999754              55
   3.08999753              55
   3.09999752              51
   3.10999751              50
   3.11999750              50
   3.12999749              50
   3.13999748              50
   3.14999747              49
   3.15999746              48
   3.16999745              48
   3.17999744              48
   3.18999743              48
   3.19999743              47
   3.20999742              47
   3.21999741              47
   3.22999740              47
   3.23999739              46
   3.24999738              45
   3.25999737              45
   3.26999736              45
   3.27999735              45
   3.28999734              44
   3.29999733              44
   3.30999732              44
   3.31999731              44
   3.32999730              44
   3.33999729              42
   3.34999728              42
   3.35999727              42
   3.36999726              42
   3.37999725              42
   3.38999724              42
   3.39999723              42
   3.40999722              41
   3.41999722              41
   3.42999721              41
   3.43999720              41
   3.44999719              41
   3.45999718              40
   3.46999717              40
   3.47999716              40
   3.48999715              40
   3.49999714              40
   3.50999713              40
   3.51999712              39
   3.52999711              38
   3.53999710              38
   3.54999709              37
   3.55999708              37
   3.56999707              37
   3.57999706              36
   3.58999705              36
   3.59999704              35
   3.60999703              34
   3.61999702              33
   3.62999701              33
   3.63999701              32
   3.64999700              31
   3.65999699              31
   3.66999698              31
   3.67999697              30
   3.68999696              30
   3.69999695              29
   3.70999694              29
   3.71999693              29
   3.72999692              29
   3.73999691              28
   3.74999690              28
   3.75999689              28
   3.76999688              28
   3.77999687              28
   3.78999686              27
   3.79999685              27
   3.80999684              27
   3.81999683              26
   3.82999682              26
   3.83999681              26
   3.84999681              25
   3.85999680              25
   3.86999679              25
   3.87999678              25
   3.88999677              25
   3.89999676              25
   3.90999675              25
   3.91999674              25
   3.92999673              25
   3.93999672              25
   3.94999671              25
   3.95999670              25
   3.96999669              25
   3.97999668              25
   3.98999667              25
   3.99999666              25
   4.00999689              25
   4.01999712              24
   4.02999735              24
   4.03999758              24
   4.04999781              23
   4.05999804              23
   4.06999826              23
   4.07999849              23
   4.08999872              23
   4.09999895              22
   4.10999918              22
   4.11999941              22
   4.12999964              22
   4.13999987              22
   4.15000010              22
   4.16000032              22
   4.17000055              22
   4.18000078              22
   4.19000101              22
   4.20000124              22
   4.21000147              22
   4.22000170              22
   4.23000193              22
   4.24000216              22
   4.25000238              22
   4.26000261              21
   4.27000284              21
   4.28000307              21
   4.29000330              21
   4.30000353              21
   4.31000376              21
   4.32000399              21
   4.33000422              21
   4.34000444              20
   4.35000467              19
   4.36000490              19
   4.37000513              19
   4.38000536              19
   4.39000559              19
   4.40000582              19
   4.41000605              19
   4.42000628              19
   4.43000650              19
   4.44000673              19
   4.45000696              18
   4.46000719              18
   4.47000742              18
   4.48000765              18
   4.49000788              18
   4.50000811              18
   4.51000834              17
   4.52000856              17
   4.53000879              17
   4.54000902              17
   4.55000925              17
   4.56000948              17
   4.57000971              17
   4.58000994              17
   4.59001017              17
   4.60001040              16
   4.61001062              16
   4.62001085              15
   4.63001108              15
   4.64001131              14
   4.65001154              13
   4.66001177              13
   4.67001200              13
   4.68001223              13
   4.69001245              13
   4.70001268              13
   4.71001291              13
   4.72001314              13
   4.73001337              13
   4.74001360              13
   4.75001383              13
   4.76001406              13
   4.77001429              13
   4.78001451              12
   4.79001474              12
   4.80001497              12
   4.81001520              12
   4.82001543              12
   4.83001566              12
   4.84001589              12
   4.85001612              12
   4.86001635              12
   4.87001657              12
   4.88001680              12
   4.89001703              12
   4.90001726              12
   4.91001749              12
   4.92001772              12
   4.93001795              12
   4.94001818              12
   4.95001841              11
   4.96001863              11
   4.97001886              11
   4.98001909              11
   4.99001932              11
   5.00001955              11
   5.01001978              11
   5.02002001              10
   5.03002024              10
   5.04002047              10
   5.05002069              10
   5.06002092               9
   5.07002115               9
   5.08002138               9
   5.09002161               8
   5.10002184               8
   5.11002207               8
   5.12002230               8
   5.13002253               8
   5.14002275               8
   5.15002298               8
   5.16002321               7
   5.17002344               7
   5.18002367               7
   5.19002390               7
   5.20002413               6
   5.21002436               6
   5.22002459               6
   5.23002481               6
   5.24002504               6
   5.25002527               6
   5.26002550               5
   5.27002573               5
   5.28002596               5
   5.29002619               5
   5.30002642               5
   5.31002665               4
   5.32002687               4
   5.33002710               4
   5.34002733               4
   5.35002756               4
   5.36002779               4
   5.37002802               4
   5.38002825               4
   5.39002848               4
   5.40002871               4
   5.41002893               4
   5.42002916               4
   5.43002939               4
   5.44002962               4
   5.45002985               4
   5.46003008               4
   5.47003031               4
   5.48003054               4
   5.49003077               4
   5.50003099               4
   5.51003122               4
   5.52003145               3
   5.53003168               3
   5.54003191               3
   5.55003214               3
   5.56003237               3
   5.57003260               3
   5.58003283               3
   5.59003305               3
   5.60003328               3
   5.61003351               3
   5.62003374               3
   5.63003397               3
   5.64003420               3
   5.65003443               3
   5.66003466               3
   5.67003489               3
   5.68003511               3
   5.69003534               3
   5.70003557               3
   5.71003580               3
   5.72003603               3
   5.73003626               3
   5.74003649               3
   5.75003672               3
   5.76003695               3
   5.77003717               3
   5.78003740               3
   5.79003763               3
   5.80003786               3
   5.81003809               3
   5.82003832               3
   5.83003855               3
   5.84003878               3
   5.85003901               3
   5.86003923               3
   5.87003946               3
   5.88003969               3
   5.89003992               3
   5.90004015               3
   5.91004038               3
   5.92004061               3
   5.93004084               3
   5.94004107               3
   5.95004129               3
   5.96004152               3
   5.97004175               3
   5.98004198               3
   5.99004221               3
   6.00004244               3
   6.01004267               3
   6.02004290               3
   6.03004313               3
   6.04004335               3
   6.05004358               3
   6.06004381               3
   6.07004404               3
   6.08004427               3
   6.09004450               2
   6.10004473               2
   6.11004496               2
   6.12004519               2
   6.13004541               2
   6.14004564               2
   6.15004587               2
   6.16004610               2
   6.17004633               2
   6.18004656               2
   6.19004679               2
   6.20004702               2
   6.21004725               2
   6.22004747               2
   6.23004770               2
   6.24004793               2
   6.25004816               2
   6.26004839               2
   6.27004862               2
   6.28004885               2
   6.29004908               2
   6.30004930               2
   6.31004953               2
   6.32004976               2
   6.33004999               2
   6.34005022               2
   6.35005045               2
   6.36005068               2
   6.37005091               2
   6.38005114               2
   6.39005136               2
   6.40005159               2
   6.41005182               2
   6.42005205               2
   6.43005228               2
   6.44005251               2
   6.45005274               2
   6.46005297               2
   6.47005320               2
   6.48005342               2
   6.49005365               2
   6.50005388               2
   6.51005411               2
   6.52005434               2
   6.53005457               2
   6.54005480               2
   6.55005503               2
   6.56005526               2
   6.57005548               2
   6.58005571               2
   6.59005594               2
   6.60005617               2
   6.61005640               2
   6.62005663               2
   6.63005686               2
   6.64005709               2
   6.65005732               2
   6.66005754               2
   6.67005777               2
   6.68005800               2
   6.69005823               2
   6.70005846               2
   6.71005869               2
   6.72005892               2
   6.73005915               2
   6.74005938               2
   6.75005960               2
   6.76005983               2
   6.77006006               1
   6.78006029               1
   6.79006052               1
   6.80006075               1
   6.81006098               1
   6.82006121               1
   6.83006144               1
   6.84006166               1
   6.85006189               1
   6.86006212               1
   6.87006235               1
   6.88006258               1
   6.89006281               1
   6.90006304               1
   6.91006327               1
   6.92006350               1
   6.93006372               1
   6.94006395               1
   6.95006418               1
   6.96006441               1
   6.97006464               1
   6.98006487               1
   6.99006510               1
   7.00006533               1
   7.01006556               0
   7.02006578               0
   7.03006601               0
   7.04006624               0
   7.05006647               0
   7.06006670               0
   7.07006693               0
   7.08006716               0
   7.09006739               0
   7.10006762               0
   7.11006784               0
   7.12006807               0
   7.13006830               0
   7.14006853               0
   7.15006876               0
   7.16006899               0
   7.17006922               0
   7.18006945               0
   7.19006968               0
   7.20006990               0
   7.21007013               0
   7.22007036               0
   7.23007059               0
   7.24007082               0
   7.25007105               0
   7.26007128               0
   7.27007151               0
   7.28007174               0
   7.29007196               0
   7.30007219               0
   7.31007242               0
   7.32007265               0
   7.33007288               0
   7.34007311               0
   7.35007334               0
   7.36007357               0
   7.37007380               0
   7.38007402               0
   7.39007425               0
   7.40007448               0
   7.41007471               0
   7.42007494               0
   7.43007517               0
   7.44007540               0
   7.45007563               0
   7.46007586               0
   7.47007608               0
   7.48007631               0
   7.49007654               0
   7.50007677               0
   7.51007700               0
   7.52007723               0
   7.53007746               0
   7.54007769               0
   7.55007792               0
   7.56007814               0
   7.57007837               0
   7.58007860               0
   7.59007883               0
   7.60007906               0
   7.61007929               0
   7.62007952               0
   7.63007975               0
   7.64007998               0
   7.65008020               0
   7.66008043               0
   7.67008066               0
   7.68008089               0
   7.69008112               0
   7.70008135               0
   7.71008158               0
   7.72008181               0
   7.73008204               0
   7.74008226               0
   7.75008249               0
   7.76008272               0
   7.77008295               0
   7.78008318               0
   7.79008341               0
   7.80008364               0
   7.81008387               0
   7.82008410               0
   7.83008432               0
   7.84008455               0
   7.85008478               0
   7.86008501               0
   7.87008524               0
   7.88008547               0
   7.89008570               0
   7.90008593               0
   7.91008615               0
   7.92008638               0
   7.93008661               0
   7.94008684               0
   7.95008707               0
   7.96008730               0
   7.97008753               0
   7.98008776               0
   7.99008799               0
   8.00008774               0
