   0.00000000             992
   9.99999978E-03         983
   1.99999996E-02         963
   2.99999993E-02         946
   3.99999991E-02         939
   4.99999970E-02         930
   5.99999949E-02         922
   6.99999928E-02         919
   7.99999908E-02         904
   8.99999887E-02         898
   9.99999866E-02         885
  0.109999985             875
  0.119999982             866
  0.129999980             856
  0.139999986             848
  0.149999991             833
  0.159999996             828
  0.170000002             819
  0.180000007             809
  0.190000013             798
  0.200000018             791
  0.210000023             781
  0.220000029             772
  0.230000034             767
  0.240000039             757
  0.250000030             750
  0.260000020             739
  0.270000011             733
  0.280000001             721
  0.289999992             711
  0.299999982             706
  0.309999973             696
  0.319999963             688
  0.329999954             683
  0.339999944             674
  0.349999934             669
  0.359999925             663
  0.369999915             658
  0.379999906             653
  0.389999896             643
  0.399999887             636
  0.409999877             627
  0.419999868             622
  0.429999858             616
  0.439999849             611
  0.449999839             605
  0.459999830             600
  0.469999820             595
  0.479999810             585
  0.489999801             581
  0.499999791             571
  0.509999812             565
  0.519999802             563
  0.529999793             558
  0.539999783             554
  0.549999774             552
  0.559999764             546
  0.569999754             540
  0.579999745             535
  0.589999735             529
  0.599999726             523
  0.609999716             520
  0.619999707             517
  0.629999697             513
  0.639999688             507
  0.649999678             501
  0.659999669             498
  0.669999659             490
  0.679999650             484
  0.689999640             478
  0.699999630             472
  0.709999621             469
  0.719999611             465
  0.729999602             457
  0.739999592             452
  0.749999583             444
  0.759999573             438
  0.769999564             434
  0.779999554             432
  0.789999545             427
  0.799999535             424
  0.809999526             421
  0.819999516             419
  0.829999506             413
  0.839999497             407
  0.849999487             404
  0.859999478             403
  0.869999468             401
  0.879999459             400
  0.889999449             397
  0.899999440             392
  0.909999430             383
  0.919999421             377
  0.929999411             371
  0.939999402             369
  0.949999392             360
  0.959999382             359
  0.969999373             356
  0.979999363             351
  0.989999354             348
  0.999999344             344
   1.00999939             341
   1.01999938             340
   1.02999938             338
   1.03999937             334
   1.04999936             330
   1.05999935             321
   1.06999934             315
   1.07999933             313
   1.08999932             311
   1.09999931             311
   1.10999930             306
   1.11999929             306
   1.12999928             303
   1.13999927             300
   1.14999926             296
   1.15999925             289
   1.16999924             286
   1.17999923             283
   1.18999922             277
   1.19999921             273
   1.20999920             268
   1.21999919             267
   1.22999918             265
   1.23999918             264
   1.24999917             263
   1.25999916             262
   1.26999915             258
   1.27999914             257
   1.28999913             254
   1.29999912             253
   1.30999911             251
   1.31999910             248
   1.32999909             246
   1.33999908             243
   1.34999907             240
   1.35999906             239
   1.36999905             237
   1.37999904             237
   1.38999903             234
   1.39999902             232
   1.40999901             228
   1.41999900             225
   1.42999899             225
   1.43999898             224
   1.44999897             222
   1.45999897             220
   1.46999896             217
   1.47999895             216
   1.48999894             213
   1.49999893             213
   1.50999892             211
   1.51999891             209
   1.52999890             206
   1.53999889             203
   1.54999888             203
   1.55999887             200
   1.56999886             197
   1.57999885             196
   1.58999884             196
   1.59999883             195
   1.60999882             194
   1.61999881             193
   1.62999880             191
   1.63999879             188
   1.64999878             186
   1.65999877             185
   1.66999876             184
   1.67999876             179
   1.68999875             175
   1.69999874             174
   1.70999873             172
   1.71999872             172
   1.72999871             172
   1.73999870             171
   1.74999869             169
   1.75999868             168
   1.76999867             167
   1.77999866             167
   1.78999865             166
   1.79999864             164
   1.80999863             163
   1.81999862             162
   1.82999861             161
   1.83999860             160
   1.84999859             159
   1.85999858             159
   1.86999857             158
   1.87999856             156
   1.88999856             154
   1.89999855             154
   1.90999854             154
   1.91999853             151
   1.92999852             149
   1.93999851             147
   1.94999850             146
   1.95999849             145
   1.96999848             145
   1.97999847             143
   1.98999846             143
   1.99999845             141
   2.00999856             141
   2.01999855             141
   2.02999854             140
   2.03999853             139
   2.04999852             139
   2.05999851             138
   2.06999850             138
   2.07999849             137
   2.08999848             136
   2.09999847             134
   2.10999846             134
   2.11999846             131
   2.12999845             131
   2.13999844             129
   2.14999843             127
   2.15999842             126
   2.16999841             125
   2.17999840             123
   2.18999839             123
   2.19999838             121
   2.20999837             118
   2.21999836             118
   2.22999835             118
   2.23999834             115
   2.24999833             112
   2.25999832             109
   2.26999831             108
   2.27999830             108
   2.28999829             107
   2.29999828             106
   2.30999827             105
   2.31999826             104
   2.32999825             103
   2.33999825             101
   2.34999824              99
   2.35999823              98
   2.36999822              95
   2.37999821              93
   2.38999820              93
   2.39999819              91
   2.40999818              91
   2.41999817              89
   2.42999816              88
   2.43999815              87
   2.44999814              85
   2.45999813              84
   2.46999812              83
   2.47999811              83
   2.48999810              83
   2.49999809              82
   2.50999808              79
   2.51999807              79
   2.52999806              77
   2.53999805              76
   2.54999804              76
   2.55999804              74
   2.56999803              73
   2.57999802              72
   2.58999801              71
   2.59999800              70
   2.60999799              69
   2.61999798              69
   2.62999797              65
   2.63999796              65
   2.64999795              65
   2.65999794              64
   2.66999793              64
   2.67999792              64
   2.68999791              63
   2.69999790              63
   2.70999789              63
   2.71999788              61
   2.72999787              60
   2.73999786              58
   2.74999785              58
   2.75999784              58
   2.76999784              57
   2.77999783              57
   2.78999782              55
   2.79999781              55
   2.80999780              54
   2.81999779              53
   2.82999778              52
   2.83999777              51
   2.84999776              51
   2.85999775              51
   2.86999774              51
   2.87999773              50
   2.88999772              49
   2.89999771              49
   2.90999770              49
   2.91999769              48
   2.92999768              48
   2.93999767              46
   2.94999766              46
   2.95999765              46
   2.96999764              46
   2.97999763              46
   2.98999763              46
   2.99999762              45
   3.00999761              45
   3.01999760              45
   3.02999759              45
   3.03999758              45
   3.04999757              45
   3.05999756              45
   3.06999755              45
   3.07999754              45
   3.08999753              45
   3.09999752              45
   3.10999751              45
   3.11999750              45
   3.12999749              45
   3.13999748              45
   3.14999747              45
   3.15999746              44
   3.16999745              44
   3.17999744              44
   3.18999743              43
   3.19999743              43
   3.20999742              42
   3.21999741              42
   3.22999740              42
   3.23999739              42
   3.24999738              42
   3.25999737              40
   3.26999736              39
   3.27999735              39
   3.28999734              39
   3.29999733              39
   3.30999732              39
   3.31999731              38
   3.32999730              38
   3.33999729              37
   3.34999728              36
   3.35999727              35
   3.36999726              35
   3.37999725              35
   3.38999724              34
   3.39999723              34
   3.40999722              34
   3.41999722              34
   3.42999721              34
   3.43999720              34
   3.44999719              34
   3.45999718              34
   3.46999717              34
   3.47999716              34
   3.48999715              33
   3.49999714              32
   3.50999713              32
   3.51999712              31
   3.52999711              31
   3.53999710              31
   3.54999709              31
   3.55999708              31
   3.56999707              31
   3.57999706              31
   3.58999705              31
   3.59999704              30
   3.60999703              29
   3.61999702              29
   3.62999701              29
   3.63999701              29
   3.64999700              29
   3.65999699              29
   3.66999698              28
   3.67999697              28
   3.68999696              28
   3.69999695              27
   3.70999694              27
   3.71999693              27
   3.72999692              27
   3.73999691              27
   3.74999690              27
   3.75999689              27
   3.76999688              27
   3.77999687              26
   3.78999686              26
   3.79999685              25
   3.80999684              25
   3.81999683              25
   3.82999682              25
   3.83999681              24
   3.84999681              24
   3.85999680              24
   3.86999679              24
   3.87999678              24
   3.88999677              24
   3.89999676              24
   3.90999675              24
   3.91999674              24
   3.92999673              24
   3.93999672              24
   3.94999671              24
   3.95999670              24
   3.96999669              24
   3.97999668              24
   3.98999667              24
   3.99999666              24
   4.00999689              24
   4.01999712              23
   4.02999735              23
   4.03999758              23
   4.04999781              22
   4.05999804              22
   4.06999826              22
   4.07999849              22
   4.08999872              22
   4.09999895              22
   4.10999918              22
   4.11999941              22
   4.12999964              22
   4.13999987              22
   4.15000010              22
   4.16000032              22
   4.17000055              22
   4.18000078              22
   4.19000101              22
   4.20000124              22
   4.21000147              22
   4.22000170              22
   4.23000193              21
   4.24000216              20
   4.25000238              20
   4.26000261              20
   4.27000284              20
   4.28000307              20
   4.29000330              20
   4.30000353              20
   4.31000376              20
   4.32000399              20
   4.33000422              20
   4.34000444              20
   4.35000467              19
   4.36000490              19
   4.37000513              19
   4.38000536              19
   4.39000559              19
   4.40000582              19
   4.41000605              19
   4.42000628              19
   4.43000650              19
   4.44000673              19
   4.45000696              19
   4.46000719              19
   4.47000742              19
   4.48000765              18
   4.49000788              18
   4.50000811              18
   4.51000834              18
   4.52000856              18
   4.53000879              18
   4.54000902              18
   4.55000925              18
   4.56000948              18
   4.57000971              18
   4.58000994              17
   4.59001017              17
   4.60001040              17
   4.61001062              17
   4.62001085              17
   4.63001108              17
   4.64001131              16
   4.65001154              16
   4.66001177              16
   4.67001200              16
   4.68001223              15
   4.69001245              15
   4.70001268              15
   4.71001291              15
   4.72001314              15
   4.73001337              15
   4.74001360              15
   4.75001383              15
   4.76001406              15
   4.77001429              15
   4.78001451              15
   4.79001474              14
   4.80001497              14
   4.81001520              14
   4.82001543              14
   4.83001566              14
   4.84001589              14
   4.85001612              14
   4.86001635              14
   4.87001657              14
   4.88001680              14
   4.89001703              14
   4.90001726              14
   4.91001749              14
   4.92001772              14
   4.93001795              13
   4.94001818              12
   4.95001841              12
   4.96001863              11
   4.97001886              11
   4.98001909              11
   4.99001932              11
   5.00001955              11
   5.01001978              11
   5.02002001              11
   5.03002024              11
   5.04002047              10
   5.05002069              10
   5.06002092              10
   5.07002115              10
   5.08002138               9
   5.09002161               9
   5.10002184               9
   5.11002207               9
   5.12002230               9
   5.13002253               9
   5.14002275               9
   5.15002298               9
   5.16002321               9
   5.17002344               9
   5.18002367               9
   5.19002390               9
   5.20002413               9
   5.21002436               9
   5.22002459               9
   5.23002481               9
   5.24002504               9
   5.25002527               8
   5.26002550               8
   5.27002573               8
   5.28002596               8
   5.29002619               8
   5.30002642               8
   5.31002665               8
   5.32002687               8
   5.33002710               8
   5.34002733               8
   5.35002756               8
   5.36002779               8
   5.37002802               8
   5.38002825               8
   5.39002848               8
   5.40002871               8
   5.41002893               8
   5.42002916               8
   5.43002939               8
   5.44002962               8
   5.45002985               8
   5.46003008               8
   5.47003031               8
   5.48003054               7
   5.49003077               7
   5.50003099               7
   5.51003122               7
   5.52003145               6
   5.53003168               6
   5.54003191               6
   5.55003214               6
   5.56003237               6
   5.57003260               6
   5.58003283               6
   5.59003305               6
   5.60003328               6
   5.61003351               6
   5.62003374               6
   5.63003397               6
   5.64003420               5
   5.65003443               5
   5.66003466               5
   5.67003489               5
   5.68003511               5
   5.69003534               5
   5.70003557               5
   5.71003580               5
   5.72003603               5
   5.73003626               5
   5.74003649               5
   5.75003672               5
   5.76003695               5
   5.77003717               5
   5.78003740               5
   5.79003763               5
   5.80003786               5
   5.81003809               5
   5.82003832               5
   5.83003855               5
   5.84003878               5
   5.85003901               5
   5.86003923               5
   5.87003946               5
   5.88003969               5
   5.89003992               5
   5.90004015               5
   5.91004038               4
   5.92004061               4
   5.93004084               4
   5.94004107               4
   5.95004129               4
   5.96004152               4
   5.97004175               4
   5.98004198               4
   5.99004221               4
   6.00004244               4
   6.01004267               4
   6.02004290               4
   6.03004313               4
   6.04004335               4
   6.05004358               4
   6.06004381               4
   6.07004404               4
   6.08004427               4
   6.09004450               4
   6.10004473               4
   6.11004496               3
   6.12004519               3
   6.13004541               3
   6.14004564               3
   6.15004587               3
   6.16004610               3
   6.17004633               3
   6.18004656               3
   6.19004679               3
   6.20004702               3
   6.21004725               3
   6.22004747               3
   6.23004770               3
   6.24004793               2
   6.25004816               2
   6.26004839               2
   6.27004862               2
   6.28004885               2
   6.29004908               2
   6.30004930               2
   6.31004953               2
   6.32004976               2
   6.33004999               2
   6.34005022               2
   6.35005045               2
   6.36005068               2
   6.37005091               2
   6.38005114               2
   6.39005136               2
   6.40005159               2
   6.41005182               2
   6.42005205               2
   6.43005228               2
   6.44005251               2
   6.45005274               2
   6.46005297               2
   6.47005320               2
   6.48005342               2
   6.49005365               2
   6.50005388               2
   6.51005411               2
   6.52005434               2
   6.53005457               2
   6.54005480               2
   6.55005503               2
   6.56005526               2
   6.57005548               2
   6.58005571               2
   6.59005594               2
   6.60005617               2
   6.61005640               2
   6.62005663               2
   6.63005686               2
   6.64005709               2
   6.65005732               2
   6.66005754               2
   6.67005777               2
   6.68005800               2
   6.69005823               2
   6.70005846               2
   6.71005869               2
   6.72005892               2
   6.73005915               2
   6.74005938               2
   6.75005960               2
   6.76005983               2
   6.77006006               2
   6.78006029               2
   6.79006052               2
   6.80006075               2
   6.81006098               2
   6.82006121               2
   6.83006144               2
   6.84006166               2
   6.85006189               2
   6.86006212               2
   6.87006235               2
   6.88006258               2
   6.89006281               2
   6.90006304               2
   6.91006327               2
   6.92006350               2
   6.93006372               2
   6.94006395               2
   6.95006418               2
   6.96006441               2
   6.97006464               2
   6.98006487               2
   6.99006510               2
   7.00006533               2
   7.01006556               2
   7.02006578               2
   7.03006601               2
   7.04006624               2
   7.05006647               2
   7.06006670               2
   7.07006693               2
   7.08006716               2
   7.09006739               2
   7.10006762               2
   7.11006784               2
   7.12006807               2
   7.13006830               2
   7.14006853               2
   7.15006876               2
   7.16006899               2
   7.17006922               2
   7.18006945               2
   7.19006968               1
   7.20006990               1
   7.21007013               1
   7.22007036               1
   7.23007059               1
   7.24007082               1
   7.25007105               1
   7.26007128               1
   7.27007151               1
   7.28007174               1
   7.29007196               1
   7.30007219               1
   7.31007242               1
   7.32007265               1
   7.33007288               1
   7.34007311               1
   7.35007334               1
   7.36007357               1
   7.37007380               1
   7.38007402               1
   7.39007425               1
   7.40007448               1
   7.41007471               1
   7.42007494               1
   7.43007517               1
   7.44007540               1
   7.45007563               1
   7.46007586               1
   7.47007608               1
   7.48007631               1
   7.49007654               1
   7.50007677               1
   7.51007700               1
   7.52007723               1
   7.53007746               1
   7.54007769               1
   7.55007792               1
   7.56007814               1
   7.57007837               1
   7.58007860               1
   7.59007883               1
   7.60007906               1
   7.61007929               1
   7.62007952               1
   7.63007975               1
   7.64007998               1
   7.65008020               1
   7.66008043               1
   7.67008066               1
   7.68008089               1
   7.69008112               1
   7.70008135               1
   7.71008158               1
   7.72008181               1
   7.73008204               1
   7.74008226               1
   7.75008249               1
   7.76008272               1
   7.77008295               1
   7.78008318               1
   7.79008341               1
   7.80008364               1
   7.81008387               1
   7.82008410               1
   7.83008432               1
   7.84008455               1
   7.85008478               1
   7.86008501               1
   7.87008524               1
   7.88008547               1
   7.89008570               1
   7.90008593               1
   7.91008615               1
   7.92008638               1
   7.93008661               1
   7.94008684               1
   7.95008707               1
   7.96008730               1
   7.97008753               1
   7.98008776               1
   7.99008799               1
   8.00008774               1
