   0.00000000             995
   9.99999978E-03         985
   1.99999996E-02         971
   2.99999993E-02         963
   3.99999991E-02         955
   4.99999970E-02         943
   5.99999949E-02         934
   6.99999928E-02         926
   7.99999908E-02         915
   8.99999887E-02         906
   9.99999866E-02         903
  0.109999985             895
  0.119999982             884
  0.129999980             873
  0.139999986             865
  0.149999991             856
  0.159999996             849
  0.170000002             836
  0.180000007             826
  0.190000013             810
  0.200000018             799
  0.210000023             791
  0.220000029             786
  0.230000034             776
  0.240000039             769
  0.250000030             762
  0.260000020             758
  0.270000011             752
  0.280000001             744
  0.289999992             734
  0.299999982             727
  0.309999973             714
  0.319999963             706
  0.329999954             701
  0.339999944             693
  0.349999934             685
  0.359999925             678
  0.369999915             670
  0.379999906             664
  0.389999896             660
  0.399999887             656
  0.409999877             648
  0.419999868             640
  0.429999858             633
  0.439999849             628
  0.449999839             623
  0.459999830             618
  0.469999820             612
  0.479999810             604
  0.489999801             599
  0.499999791             588
  0.509999812             580
  0.519999802             576
  0.529999793             568
  0.539999783             557
  0.549999774             552
  0.559999764             547
  0.569999754             541
  0.579999745             534
  0.589999735             528
  0.599999726             522
  0.609999716             516
  0.619999707             512
  0.629999697             503
  0.639999688             498
  0.649999678             492
  0.659999669             485
  0.669999659             481
  0.679999650             479
  0.689999640             475
  0.699999630             471
  0.709999621             468
  0.719999611             464
  0.729999602             459
  0.739999592             455
  0.749999583             450
  0.759999573             445
  0.769999564             441
  0.779999554             432
  0.789999545             429
  0.799999535             427
  0.809999526             421
  0.819999516             418
  0.829999506             411
  0.839999497             408
  0.849999487             406
  0.859999478             397
  0.869999468             392
  0.879999459             390
  0.889999449             384
  0.899999440             382
  0.909999430             379
  0.919999421             378
  0.929999411             374
  0.939999402             366
  0.949999392             360
  0.959999382             354
  0.969999373             352
  0.979999363             350
  0.989999354             346
  0.999999344             344
   1.00999939             340
   1.01999938             338
   1.02999938             333
   1.03999937             328
   1.04999936             326
   1.05999935             325
   1.06999934             319
   1.07999933             316
   1.08999932             311
   1.09999931             309
   1.10999930             306
   1.11999929             304
   1.12999928             300
   1.13999927             298
   1.14999926             297
   1.15999925             295
   1.16999924             292
   1.17999923             289
   1.18999922             288
   1.19999921             284
   1.20999920             281
   1.21999919             281
   1.22999918             276
   1.23999918             274
   1.24999917             274
   1.25999916             273
   1.26999915             268
   1.27999914             265
   1.28999913             263
   1.29999912             261
   1.30999911             260
   1.31999910             257
   1.32999909             255
   1.33999908             254
   1.34999907             254
   1.35999906             252
   1.36999905             251
   1.37999904             248
   1.38999903             247
   1.39999902             244
   1.40999901             243
   1.41999900             242
   1.42999899             240
   1.43999898             239
   1.44999897             234
   1.45999897             230
   1.46999896             226
   1.47999895             225
   1.48999894             223
   1.49999893             222
   1.50999892             217
   1.51999891             216
   1.52999890             213
   1.53999889             211
   1.54999888             207
   1.55999887             204
   1.56999886             200
   1.57999885             196
   1.58999884             194
   1.59999883             192
   1.60999882             189
   1.61999881             185
   1.62999880             184
   1.63999879             182
   1.64999878             180
   1.65999877             178
   1.66999876             177
   1.67999876             177
   1.68999875             173
   1.69999874             168
   1.70999873             166
   1.71999872             164
   1.72999871             163
   1.73999870             162
   1.74999869             157
   1.75999868             156
   1.76999867             155
   1.77999866             153
   1.78999865             149
   1.79999864             148
   1.80999863             147
   1.81999862             147
   1.82999861             145
   1.83999860             144
   1.84999859             144
   1.85999858             141
   1.86999857             139
   1.87999856             138
   1.88999856             136
   1.89999855             134
   1.90999854             133
   1.91999853             130
   1.92999852             129
   1.93999851             129
   1.94999850             128
   1.95999849             125
   1.96999848             125
   1.97999847             122
   1.98999846             121
   1.99999845             118
   2.00999856             118
   2.01999855             118
   2.02999854             115
   2.03999853             113
   2.04999852             112
   2.05999851             111
   2.06999850             111
   2.07999849             111
   2.08999848             110
   2.09999847             110
   2.10999846             109
   2.11999846             108
   2.12999845             108
   2.13999844             108
   2.14999843             108
   2.15999842             108
   2.16999841             108
   2.17999840             107
   2.18999839             105
   2.19999838             105
   2.20999837             105
   2.21999836             103
   2.22999835             102
   2.23999834             100
   2.24999833              99
   2.25999832              98
   2.26999831              96
   2.27999830              95
   2.28999829              92
   2.29999828              92
   2.30999827              91
   2.31999826              91
   2.32999825              89
   2.33999825              89
   2.34999824              87
   2.35999823              86
   2.36999822              85
   2.37999821              84
   2.38999820              84
   2.39999819              84
   2.40999818              81
   2.41999817              79
   2.42999816              77
   2.43999815              75
   2.44999814              74
   2.45999813              73
   2.46999812              72
   2.47999811              72
   2.48999810              71
   2.49999809              70
   2.50999808              70
   2.51999807              69
   2.52999806              68
   2.53999805              68
   2.54999804              67
   2.55999804              67
   2.56999803              67
   2.57999802              64
   2.58999801              64
   2.59999800              64
   2.60999799              64
   2.61999798              63
   2.62999797              63
   2.63999796              63
   2.64999795              63
   2.65999794              61
   2.66999793              59
   2.67999792              58
   2.68999791              57
   2.69999790              56
   2.70999789              55
   2.71999788              54
   2.72999787              52
   2.73999786              51
   2.74999785              51
   2.75999784              51
   2.76999784              51
   2.77999783              51
   2.78999782              51
   2.79999781              51
   2.80999780              51
   2.81999779              51
   2.82999778              51
   2.83999777              48
   2.84999776              47
   2.85999775              46
   2.86999774              44
   2.87999773              44
   2.88999772              43
   2.89999771              42
   2.90999770              41
   2.91999769              41
   2.92999768              41
   2.93999767              41
   2.94999766              39
   2.95999765              39
   2.96999764              39
   2.97999763              39
   2.98999763              38
   2.99999762              37
   3.00999761              36
   3.01999760              36
   3.02999759              35
   3.03999758              34
   3.04999757              34
   3.05999756              34
   3.06999755              34
   3.07999754              34
   3.08999753              34
   3.09999752              34
   3.10999751              34
   3.11999750              34
   3.12999749              33
   3.13999748              33
   3.14999747              32
   3.15999746              32
   3.16999745              32
   3.17999744              32
   3.18999743              32
   3.19999743              32
   3.20999742              32
   3.21999741              32
   3.22999740              31
   3.23999739              30
   3.24999738              30
   3.25999737              30
   3.26999736              30
   3.27999735              30
   3.28999734              30
   3.29999733              29
   3.30999732              29
   3.31999731              29
   3.32999730              29
   3.33999729              29
   3.34999728              29
   3.35999727              29
   3.36999726              29
   3.37999725              29
   3.38999724              29
   3.39999723              29
   3.40999722              29
   3.41999722              28
   3.42999721              28
   3.43999720              28
   3.44999719              27
   3.45999718              26
   3.46999717              25
   3.47999716              25
   3.48999715              25
   3.49999714              25
   3.50999713              25
   3.51999712              25
   3.52999711              25
   3.53999710              23
   3.54999709              23
   3.55999708              22
   3.56999707              22
   3.57999706              22
   3.58999705              21
   3.59999704              20
   3.60999703              20
   3.61999702              20
   3.62999701              20
   3.63999701              20
   3.64999700              20
   3.65999699              19
   3.66999698              18
   3.67999697              18
   3.68999696              16
   3.69999695              16
   3.70999694              16
   3.71999693              16
   3.72999692              16
   3.73999691              16
   3.74999690              16
   3.75999689              15
   3.76999688              15
   3.77999687              15
   3.78999686              15
   3.79999685              15
   3.80999684              14
   3.81999683              14
   3.82999682              14
   3.83999681              14
   3.84999681              14
   3.85999680              14
   3.86999679              14
   3.87999678              14
   3.88999677              14
   3.89999676              13
   3.90999675              13
   3.91999674              13
   3.92999673              13
   3.93999672              13
   3.94999671              13
   3.95999670              13
   3.96999669              13
   3.97999668              13
   3.98999667              13
   3.99999666              13
   4.00999689              13
   4.01999712              13
   4.02999735              11
   4.03999758              11
   4.04999781              11
   4.05999804              11
   4.06999826              11
   4.07999849              11
   4.08999872              11
   4.09999895              11
   4.10999918              11
   4.11999941              11
   4.12999964              11
   4.13999987              11
   4.15000010              11
   4.16000032              11
   4.17000055              11
   4.18000078              11
   4.19000101              11
   4.20000124              11
   4.21000147              11
   4.22000170              11
   4.23000193              11
   4.24000216              11
   4.25000238              11
   4.26000261              11
   4.27000284              11
   4.28000307              11
   4.29000330              11
   4.30000353              11
   4.31000376              11
   4.32000399              11
   4.33000422              11
   4.34000444              11
   4.35000467              11
   4.36000490              11
   4.37000513              11
   4.38000536              11
   4.39000559              11
   4.40000582              11
   4.41000605              11
   4.42000628              11
   4.43000650              11
   4.44000673              11
   4.45000696              10
   4.46000719              10
   4.47000742              10
   4.48000765              10
   4.49000788               9
   4.50000811               9
   4.51000834               8
   4.52000856               8
   4.53000879               8
   4.54000902               8
   4.55000925               8
   4.56000948               7
   4.57000971               7
   4.58000994               7
   4.59001017               7
   4.60001040               7
   4.61001062               7
   4.62001085               6
   4.63001108               6
   4.64001131               6
   4.65001154               6
   4.66001177               6
   4.67001200               6
   4.68001223               6
   4.69001245               6
   4.70001268               6
   4.71001291               6
   4.72001314               6
   4.73001337               6
   4.74001360               6
   4.75001383               6
   4.76001406               6
   4.77001429               6
   4.78001451               6
   4.79001474               6
   4.80001497               6
   4.81001520               6
   4.82001543               6
   4.83001566               6
   4.84001589               6
   4.85001612               6
   4.86001635               6
   4.87001657               6
   4.88001680               6
   4.89001703               5
   4.90001726               5
   4.91001749               5
   4.92001772               5
   4.93001795               5
   4.94001818               5
   4.95001841               5
   4.96001863               5
   4.97001886               5
   4.98001909               5
   4.99001932               5
   5.00001955               5
   5.01001978               5
   5.02002001               5
   5.03002024               5
   5.04002047               5
   5.05002069               5
   5.06002092               5
   5.07002115               5
   5.08002138               5
   5.09002161               5
   5.10002184               5
   5.11002207               5
   5.12002230               5
   5.13002253               5
   5.14002275               5
   5.15002298               5
   5.16002321               5
   5.17002344               5
   5.18002367               5
   5.19002390               5
   5.20002413               5
   5.21002436               5
   5.22002459               5
   5.23002481               5
   5.24002504               4
   5.25002527               4
   5.26002550               4
   5.27002573               4
   5.28002596               4
   5.29002619               4
   5.30002642               4
   5.31002665               4
   5.32002687               3
   5.33002710               3
   5.34002733               3
   5.35002756               3
   5.36002779               3
   5.37002802               3
   5.38002825               3
   5.39002848               3
   5.40002871               3
   5.41002893               3
   5.42002916               3
   5.43002939               3
   5.44002962               3
   5.45002985               3
   5.46003008               3
   5.47003031               3
   5.48003054               3
   5.49003077               3
   5.50003099               3
   5.51003122               3
   5.52003145               3
   5.53003168               3
   5.54003191               3
   5.55003214               3
   5.56003237               3
   5.57003260               3
   5.58003283               3
   5.59003305               3
   5.60003328               3
   5.61003351               3
   5.62003374               3
   5.63003397               3
   5.64003420               3
   5.65003443               3
   5.66003466               3
   5.67003489               2
   5.68003511               2
   5.69003534               2
   5.70003557               2
   5.71003580               2
   5.72003603               2
   5.73003626               2
   5.74003649               2
   5.75003672               2
   5.76003695               2
   5.77003717               2
   5.78003740               2
   5.79003763               2
   5.80003786               2
   5.81003809               2
   5.82003832               2
   5.83003855               2
   5.84003878               2
   5.85003901               2
   5.86003923               2
   5.87003946               2
   5.88003969               2
   5.89003992               2
   5.90004015               2
   5.91004038               2
   5.92004061               2
   5.93004084               2
   5.94004107               2
   5.95004129               2
   5.96004152               2
   5.97004175               2
   5.98004198               2
   5.99004221               2
   6.00004244               2
   6.01004267               2
   6.02004290               2
   6.03004313               2
   6.04004335               2
   6.05004358               2
   6.06004381               2
   6.07004404               2
   6.08004427               2
   6.09004450               2
   6.10004473               2
   6.11004496               2
   6.12004519               2
   6.13004541               2
   6.14004564               2
   6.15004587               2
   6.16004610               2
   6.17004633               2
   6.18004656               2
   6.19004679               2
   6.20004702               2
   6.21004725               2
   6.22004747               2
   6.23004770               2
   6.24004793               2
   6.25004816               2
   6.26004839               2
   6.27004862               2
   6.28004885               2
   6.29004908               2
   6.30004930               2
   6.31004953               2
   6.32004976               2
   6.33004999               2
   6.34005022               2
   6.35005045               2
   6.36005068               2
   6.37005091               2
   6.38005114               2
   6.39005136               2
   6.40005159               2
   6.41005182               2
   6.42005205               2
   6.43005228               2
   6.44005251               2
   6.45005274               2
   6.46005297               2
   6.47005320               2
   6.48005342               2
   6.49005365               2
   6.50005388               2
   6.51005411               2
   6.52005434               2
   6.53005457               2
   6.54005480               2
   6.55005503               2
   6.56005526               2
   6.57005548               2
   6.58005571               2
   6.59005594               2
   6.60005617               2
   6.61005640               2
   6.62005663               2
   6.63005686               2
   6.64005709               2
   6.65005732               2
   6.66005754               2
   6.67005777               2
   6.68005800               2
   6.69005823               2
   6.70005846               2
   6.71005869               2
   6.72005892               2
   6.73005915               2
   6.74005938               2
   6.75005960               2
   6.76005983               2
   6.77006006               2
   6.78006029               2
   6.79006052               2
   6.80006075               2
   6.81006098               2
   6.82006121               2
   6.83006144               2
   6.84006166               2
   6.85006189               2
   6.86006212               2
   6.87006235               2
   6.88006258               2
   6.89006281               2
   6.90006304               2
   6.91006327               2
   6.92006350               2
   6.93006372               2
   6.94006395               2
   6.95006418               2
   6.96006441               2
   6.97006464               2
   6.98006487               2
   6.99006510               2
   7.00006533               2
   7.01006556               2
   7.02006578               2
   7.03006601               2
   7.04006624               2
   7.05006647               2
   7.06006670               2
   7.07006693               2
   7.08006716               2
   7.09006739               2
   7.10006762               1
   7.11006784               1
   7.12006807               1
   7.13006830               1
   7.14006853               1
   7.15006876               1
   7.16006899               1
   7.17006922               1
   7.18006945               1
   7.19006968               1
   7.20006990               1
   7.21007013               1
   7.22007036               1
   7.23007059               1
   7.24007082               1
   7.25007105               1
   7.26007128               1
   7.27007151               1
   7.28007174               1
   7.29007196               1
   7.30007219               1
   7.31007242               1
   7.32007265               1
   7.33007288               1
   7.34007311               1
   7.35007334               1
   7.36007357               1
   7.37007380               1
   7.38007402               1
   7.39007425               1
   7.40007448               1
   7.41007471               1
   7.42007494               1
   7.43007517               1
   7.44007540               1
   7.45007563               1
   7.46007586               1
   7.47007608               1
   7.48007631               1
   7.49007654               1
   7.50007677               1
   7.51007700               1
   7.52007723               1
   7.53007746               1
   7.54007769               1
   7.55007792               1
   7.56007814               1
   7.57007837               1
   7.58007860               1
   7.59007883               1
   7.60007906               1
   7.61007929               1
   7.62007952               1
   7.63007975               1
   7.64007998               1
   7.65008020               1
   7.66008043               1
   7.67008066               1
   7.68008089               1
   7.69008112               1
   7.70008135               1
   7.71008158               1
   7.72008181               1
   7.73008204               1
   7.74008226               1
   7.75008249               1
   7.76008272               1
   7.77008295               1
   7.78008318               1
   7.79008341               1
   7.80008364               1
   7.81008387               1
   7.82008410               1
   7.83008432               1
   7.84008455               1
   7.85008478               1
   7.86008501               1
   7.87008524               1
   7.88008547               1
   7.89008570               1
   7.90008593               1
   7.91008615               1
   7.92008638               1
   7.93008661               1
   7.94008684               1
   7.95008707               1
   7.96008730               1
   7.97008753               1
   7.98008776               1
   7.99008799               1
   8.00008774               1
