   0.00000000             995
   9.99999978E-03         972
   1.99999996E-02         966
   2.99999993E-02         955
   3.99999991E-02         950
   4.99999970E-02         944
   5.99999949E-02         933
   6.99999928E-02         923
   7.99999908E-02         915
   8.99999887E-02         908
   9.99999866E-02         903
  0.109999985             889
  0.119999982             877
  0.129999980             867
  0.139999986             854
  0.149999991             843
  0.159999996             837
  0.170000002             829
  0.180000007             811
  0.190000013             806
  0.200000018             799
  0.210000023             794
  0.220000029             786
  0.230000034             780
  0.240000039             772
  0.250000030             769
  0.260000020             757
  0.270000011             746
  0.280000001             739
  0.289999992             736
  0.299999982             731
  0.309999973             724
  0.319999963             712
  0.329999954             705
  0.339999944             694
  0.349999934             688
  0.359999925             681
  0.369999915             670
  0.379999906             665
  0.389999896             660
  0.399999887             657
  0.409999877             651
  0.419999868             644
  0.429999858             637
  0.439999849             632
  0.449999839             617
  0.459999830             611
  0.469999820             608
  0.479999810             603
  0.489999801             602
  0.499999791             600
  0.509999812             596
  0.519999802             587
  0.529999793             582
  0.539999783             576
  0.549999774             573
  0.559999764             567
  0.569999754             562
  0.579999745             555
  0.589999735             553
  0.599999726             543
  0.609999716             537
  0.619999707             530
  0.629999697             523
  0.639999688             520
  0.649999678             517
  0.659999669             509
  0.669999659             508
  0.679999650             504
  0.689999640             501
  0.699999630             497
  0.709999621             493
  0.719999611             486
  0.729999602             483
  0.739999592             479
  0.749999583             475
  0.759999573             471
  0.769999564             467
  0.779999554             462
  0.789999545             453
  0.799999535             452
  0.809999526             449
  0.819999516             447
  0.829999506             446
  0.839999497             444
  0.849999487             440
  0.859999478             436
  0.869999468             430
  0.879999459             428
  0.889999449             424
  0.899999440             419
  0.909999430             411
  0.919999421             408
  0.929999411             407
  0.939999402             399
  0.949999392             396
  0.959999382             387
  0.969999373             386
  0.979999363             386
  0.989999354             384
  0.999999344             383
   1.00999939             378
   1.01999938             373
   1.02999938             370
   1.03999937             368
   1.04999936             365
   1.05999935             359
   1.06999934             356
   1.07999933             351
   1.08999932             347
   1.09999931             343
   1.10999930             341
   1.11999929             336
   1.12999928             336
   1.13999927             334
   1.14999926             329
   1.15999925             326
   1.16999924             324
   1.17999923             321
   1.18999922             315
   1.19999921             314
   1.20999920             314
   1.21999919             312
   1.22999918             310
   1.23999918             305
   1.24999917             298
   1.25999916             295
   1.26999915             294
   1.27999914             292
   1.28999913             289
   1.29999912             284
   1.30999911             279
   1.31999910             276
   1.32999909             270
   1.33999908             269
   1.34999907             268
   1.35999906             267
   1.36999905             265
   1.37999904             263
   1.38999903             259
   1.39999902             255
   1.40999901             255
   1.41999900             255
   1.42999899             254
   1.43999898             254
   1.44999897             252
   1.45999897             249
   1.46999896             247
   1.47999895             246
   1.48999894             244
   1.49999893             240
   1.50999892             239
   1.51999891             237
   1.52999890             237
   1.53999889             236
   1.54999888             233
   1.55999887             229
   1.56999886             225
   1.57999885             221
   1.58999884             219
   1.59999883             215
   1.60999882             215
   1.61999881             213
   1.62999880             212
   1.63999879             210
   1.64999878             207
   1.65999877             206
   1.66999876             203
   1.67999876             199
   1.68999875             195
   1.69999874             192
   1.70999873             190
   1.71999872             189
   1.72999871             187
   1.73999870             187
   1.74999869             186
   1.75999868             184
   1.76999867             183
   1.77999866             181
   1.78999865             178
   1.79999864             176
   1.80999863             175
   1.81999862             174
   1.82999861             172
   1.83999860             171
   1.84999859             169
   1.85999858             167
   1.86999857             166
   1.87999856             162
   1.88999856             158
   1.89999855             156
   1.90999854             154
   1.91999853             149
   1.92999852             148
   1.93999851             146
   1.94999850             145
   1.95999849             144
   1.96999848             142
   1.97999847             140
   1.98999846             138
   1.99999845             138
   2.00999856             137
   2.01999855             136
   2.02999854             136
   2.03999853             135
   2.04999852             134
   2.05999851             131
   2.06999850             130
   2.07999849             129
   2.08999848             124
   2.09999847             124
   2.10999846             122
   2.11999846             122
   2.12999845             121
   2.13999844             119
   2.14999843             116
   2.15999842             116
   2.16999841             113
   2.17999840             113
   2.18999839             112
   2.19999838             112
   2.20999837             112
   2.21999836             112
   2.22999835             111
   2.23999834             111
   2.24999833             111
   2.25999832             110
   2.26999831             109
   2.27999830             108
   2.28999829             108
   2.29999828             108
   2.30999827             107
   2.31999826             107
   2.32999825             107
   2.33999825             105
   2.34999824             104
   2.35999823             104
   2.36999822             103
   2.37999821             102
   2.38999820             100
   2.39999819              99
   2.40999818              98
   2.41999817              98
   2.42999816              97
   2.43999815              96
   2.44999814              95
   2.45999813              95
   2.46999812              95
   2.47999811              95
   2.48999810              94
   2.49999809              92
   2.50999808              91
   2.51999807              89
   2.52999806              89
   2.53999805              86
   2.54999804              86
   2.55999804              84
   2.56999803              84
   2.57999802              82
   2.58999801              82
   2.59999800              82
   2.60999799              81
   2.61999798              81
   2.62999797              80
   2.63999796              79
   2.64999795              79
   2.65999794              78
   2.66999793              77
   2.67999792              77
   2.68999791              76
   2.69999790              76
   2.70999789              76
   2.71999788              74
   2.72999787              74
   2.73999786              74
   2.74999785              73
   2.75999784              72
   2.76999784              72
   2.77999783              72
   2.78999782              72
   2.79999781              71
   2.80999780              71
   2.81999779              70
   2.82999778              70
   2.83999777              70
   2.84999776              68
   2.85999775              67
   2.86999774              66
   2.87999773              64
   2.88999772              63
   2.89999771              63
   2.90999770              62
   2.91999769              62
   2.92999768              61
   2.93999767              59
   2.94999766              58
   2.95999765              58
   2.96999764              58
   2.97999763              57
   2.98999763              57
   2.99999762              57
   3.00999761              57
   3.01999760              57
   3.02999759              57
   3.03999758              56
   3.04999757              56
   3.05999756              56
   3.06999755              56
   3.07999754              56
   3.08999753              56
   3.09999752              54
   3.10999751              54
   3.11999750              54
   3.12999749              54
   3.13999748              53
   3.14999747              53
   3.15999746              53
   3.16999745              53
   3.17999744              53
   3.18999743              53
   3.19999743              53
   3.20999742              51
   3.21999741              51
   3.22999740              50
   3.23999739              50
   3.24999738              49
   3.25999737              49
   3.26999736              49
   3.27999735              49
   3.28999734              49
   3.29999733              49
   3.30999732              49
   3.31999731              49
   3.32999730              47
   3.33999729              46
   3.34999728              46
   3.35999727              45
   3.36999726              45
   3.37999725              45
   3.38999724              44
   3.39999723              44
   3.40999722              44
   3.41999722              44
   3.42999721              44
   3.43999720              44
   3.44999719              42
   3.45999718              41
   3.46999717              41
   3.47999716              41
   3.48999715              41
   3.49999714              41
   3.50999713              40
   3.51999712              40
   3.52999711              39
   3.53999710              39
   3.54999709              39
   3.55999708              39
   3.56999707              38
   3.57999706              37
   3.58999705              37
   3.59999704              35
   3.60999703              35
   3.61999702              35
   3.62999701              34
   3.63999701              34
   3.64999700              34
   3.65999699              34
   3.66999698              33
   3.67999697              33
   3.68999696              33
   3.69999695              33
   3.70999694              33
   3.71999693              32
   3.72999692              32
   3.73999691              31
   3.74999690              31
   3.75999689              30
   3.76999688              29
   3.77999687              29
   3.78999686              28
   3.79999685              27
   3.80999684              27
   3.81999683              27
   3.82999682              26
   3.83999681              26
   3.84999681              26
   3.85999680              26
   3.86999679              25
   3.87999678              25
   3.88999677              25
   3.89999676              25
   3.90999675              25
   3.91999674              25
   3.92999673              25
   3.93999672              25
   3.94999671              25
   3.95999670              24
   3.96999669              24
   3.97999668              24
   3.98999667              24
   3.99999666              24
   4.00999689              23
   4.01999712              22
   4.02999735              21
   4.03999758              20
   4.04999781              19
   4.05999804              19
   4.06999826              19
   4.07999849              19
   4.08999872              18
   4.09999895              18
   4.10999918              18
   4.11999941              18
   4.12999964              18
   4.13999987              18
   4.15000010              18
   4.16000032              18
   4.17000055              18
   4.18000078              18
   4.19000101              17
   4.20000124              17
   4.21000147              17
   4.22000170              17
   4.23000193              17
   4.24000216              17
   4.25000238              17
   4.26000261              17
   4.27000284              17
   4.28000307              17
   4.29000330              17
   4.30000353              17
   4.31000376              16
   4.32000399              16
   4.33000422              16
   4.34000444              16
   4.35000467              16
   4.36000490              16
   4.37000513              16
   4.38000536              16
   4.39000559              16
   4.40000582              16
   4.41000605              15
   4.42000628              14
   4.43000650              14
   4.44000673              14
   4.45000696              13
   4.46000719              13
   4.47000742              12
   4.48000765              12
   4.49000788              12
   4.50000811              12
   4.51000834              12
   4.52000856              12
   4.53000879              12
   4.54000902              12
   4.55000925              12
   4.56000948              12
   4.57000971              12
   4.58000994              11
   4.59001017              11
   4.60001040              11
   4.61001062              11
   4.62001085              11
   4.63001108              11
   4.64001131              11
   4.65001154              11
   4.66001177              11
   4.67001200              11
   4.68001223              11
   4.69001245              11
   4.70001268              10
   4.71001291              10
   4.72001314              10
   4.73001337              10
   4.74001360              10
   4.75001383              10
   4.76001406              10
   4.77001429              10
   4.78001451              10
   4.79001474               9
   4.80001497               9
   4.81001520               9
   4.82001543               9
   4.83001566               9
   4.84001589               9
   4.85001612               9
   4.86001635               8
   4.87001657               8
   4.88001680               8
   4.89001703               7
   4.90001726               7
   4.91001749               7
   4.92001772               7
   4.93001795               7
   4.94001818               7
   4.95001841               7
   4.96001863               7
   4.97001886               7
   4.98001909               7
   4.99001932               7
   5.00001955               7
   5.01001978               7
   5.02002001               7
   5.03002024               7
   5.04002047               7
   5.05002069               7
   5.06002092               7
   5.07002115               7
   5.08002138               7
   5.09002161               7
   5.10002184               7
   5.11002207               7
   5.12002230               7
   5.13002253               7
   5.14002275               7
   5.15002298               7
   5.16002321               7
   5.17002344               7
   5.18002367               7
   5.19002390               7
   5.20002413               7
   5.21002436               7
   5.22002459               7
   5.23002481               7
   5.24002504               7
   5.25002527               7
   5.26002550               7
   5.27002573               7
   5.28002596               7
   5.29002619               7
   5.30002642               7
   5.31002665               5
   5.32002687               5
   5.33002710               5
   5.34002733               5
   5.35002756               5
   5.36002779               5
   5.37002802               5
   5.38002825               5
   5.39002848               5
   5.40002871               5
   5.41002893               5
   5.42002916               5
   5.43002939               5
   5.44002962               5
   5.45002985               5
   5.46003008               5
   5.47003031               5
   5.48003054               5
   5.49003077               5
   5.50003099               5
   5.51003122               5
   5.52003145               5
   5.53003168               5
   5.54003191               5
   5.55003214               5
   5.56003237               5
   5.57003260               5
   5.58003283               4
   5.59003305               4
   5.60003328               4
   5.61003351               4
   5.62003374               4
   5.63003397               4
   5.64003420               4
   5.65003443               4
   5.66003466               4
   5.67003489               4
   5.68003511               4
   5.69003534               4
   5.70003557               4
   5.71003580               4
   5.72003603               4
   5.73003626               4
   5.74003649               4
   5.75003672               4
   5.76003695               4
   5.77003717               4
   5.78003740               4
   5.79003763               4
   5.80003786               4
   5.81003809               4
   5.82003832               4
   5.83003855               4
   5.84003878               4
   5.85003901               4
   5.86003923               4
   5.87003946               4
   5.88003969               4
   5.89003992               4
   5.90004015               4
   5.91004038               4
   5.92004061               4
   5.93004084               4
   5.94004107               4
   5.95004129               4
   5.96004152               4
   5.97004175               4
   5.98004198               4
   5.99004221               4
   6.00004244               4
   6.01004267               4
   6.02004290               4
   6.03004313               4
   6.04004335               4
   6.05004358               4
   6.06004381               4
   6.07004404               4
   6.08004427               4
   6.09004450               4
   6.10004473               4
   6.11004496               4
   6.12004519               4
   6.13004541               4
   6.14004564               4
   6.15004587               4
   6.16004610               4
   6.17004633               4
   6.18004656               4
   6.19004679               4
   6.20004702               4
   6.21004725               4
   6.22004747               3
   6.23004770               3
   6.24004793               3
   6.25004816               3
   6.26004839               3
   6.27004862               3
   6.28004885               3
   6.29004908               3
   6.30004930               3
   6.31004953               3
   6.32004976               3
   6.33004999               3
   6.34005022               3
   6.35005045               3
   6.36005068               3
   6.37005091               3
   6.38005114               3
   6.39005136               3
   6.40005159               3
   6.41005182               3
   6.42005205               3
   6.43005228               3
   6.44005251               3
   6.45005274               3
   6.46005297               3
   6.47005320               3
   6.48005342               3
   6.49005365               3
   6.50005388               3
   6.51005411               3
   6.52005434               3
   6.53005457               3
   6.54005480               3
   6.55005503               3
   6.56005526               3
   6.57005548               3
   6.58005571               3
   6.59005594               3
   6.60005617               3
   6.61005640               2
   6.62005663               2
   6.63005686               2
   6.64005709               2
   6.65005732               2
   6.66005754               2
   6.67005777               2
   6.68005800               2
   6.69005823               2
   6.70005846               2
   6.71005869               2
   6.72005892               2
   6.73005915               2
   6.74005938               2
   6.75005960               2
   6.76005983               2
   6.77006006               2
   6.78006029               2
   6.79006052               2
   6.80006075               2
   6.81006098               2
   6.82006121               2
   6.83006144               2
   6.84006166               2
   6.85006189               2
   6.86006212               2
   6.87006235               2
   6.88006258               2
   6.89006281               2
   6.90006304               2
   6.91006327               2
   6.92006350               2
   6.93006372               2
   6.94006395               2
   6.95006418               2
   6.96006441               2
   6.97006464               2
   6.98006487               2
   6.99006510               2
   7.00006533               2
   7.01006556               2
   7.02006578               2
   7.03006601               2
   7.04006624               2
   7.05006647               2
   7.06006670               2
   7.07006693               1
   7.08006716               1
   7.09006739               1
   7.10006762               1
   7.11006784               1
   7.12006807               1
   7.13006830               1
   7.14006853               1
   7.15006876               1
   7.16006899               1
   7.17006922               1
   7.18006945               1
   7.19006968               1
   7.20006990               1
   7.21007013               1
   7.22007036               1
   7.23007059               0
   7.24007082               0
   7.25007105               0
   7.26007128               0
   7.27007151               0
   7.28007174               0
   7.29007196               0
   7.30007219               0
   7.31007242               0
   7.32007265               0
   7.33007288               0
   7.34007311               0
   7.35007334               0
   7.36007357               0
   7.37007380               0
   7.38007402               0
   7.39007425               0
   7.40007448               0
   7.41007471               0
   7.42007494               0
   7.43007517               0
   7.44007540               0
   7.45007563               0
   7.46007586               0
   7.47007608               0
   7.48007631               0
   7.49007654               0
   7.50007677               0
   7.51007700               0
   7.52007723               0
   7.53007746               0
   7.54007769               0
   7.55007792               0
   7.56007814               0
   7.57007837               0
   7.58007860               0
   7.59007883               0
   7.60007906               0
   7.61007929               0
   7.62007952               0
   7.63007975               0
   7.64007998               0
   7.65008020               0
   7.66008043               0
   7.67008066               0
   7.68008089               0
   7.69008112               0
   7.70008135               0
   7.71008158               0
   7.72008181               0
   7.73008204               0
   7.74008226               0
   7.75008249               0
   7.76008272               0
   7.77008295               0
   7.78008318               0
   7.79008341               0
   7.80008364               0
   7.81008387               0
   7.82008410               0
   7.83008432               0
   7.84008455               0
   7.85008478               0
   7.86008501               0
   7.87008524               0
   7.88008547               0
   7.89008570               0
   7.90008593               0
   7.91008615               0
   7.92008638               0
   7.93008661               0
   7.94008684               0
   7.95008707               0
   7.96008730               0
   7.97008753               0
   7.98008776               0
   7.99008799               0
   8.00008774               0
