   0.00000000             992
   9.99999978E-03         980
   1.99999996E-02         974
   2.99999993E-02         965
   3.99999991E-02         955
   4.99999970E-02         947
   5.99999949E-02         940
   6.99999928E-02         933
   7.99999908E-02         923
   8.99999887E-02         915
   9.99999866E-02         909
  0.109999985             898
  0.119999982             892
  0.129999980             887
  0.139999986             878
  0.149999991             870
  0.159999996             865
  0.170000002             854
  0.180000007             846
  0.190000013             837
  0.200000018             829
  0.210000023             820
  0.220000029             814
  0.230000034             798
  0.240000039             787
  0.250000030             781
  0.260000020             774
  0.270000011             771
  0.280000001             765
  0.289999992             757
  0.299999982             752
  0.309999973             747
  0.319999963             741
  0.329999954             730
  0.339999944             720
  0.349999934             715
  0.359999925             705
  0.369999915             696
  0.379999906             693
  0.389999896             684
  0.399999887             680
  0.409999877             669
  0.419999868             669
  0.429999858             663
  0.439999849             658
  0.449999839             651
  0.459999830             642
  0.469999820             634
  0.479999810             626
  0.489999801             622
  0.499999791             617
  0.509999812             612
  0.519999802             608
  0.529999793             601
  0.539999783             595
  0.549999774             588
  0.559999764             583
  0.569999754             582
  0.579999745             575
  0.589999735             571
  0.599999726             562
  0.609999716             560
  0.619999707             554
  0.629999697             549
  0.639999688             542
  0.649999678             534
  0.659999669             527
  0.669999659             519
  0.679999650             511
  0.689999640             504
  0.699999630             497
  0.709999621             491
  0.719999611             483
  0.729999602             477
  0.739999592             468
  0.749999583             464
  0.759999573             457
  0.769999564             450
  0.779999554             446
  0.789999545             438
  0.799999535             436
  0.809999526             434
  0.819999516             432
  0.829999506             427
  0.839999497             423
  0.849999487             419
  0.859999478             416
  0.869999468             412
  0.879999459             409
  0.889999449             403
  0.899999440             401
  0.909999430             394
  0.919999421             391
  0.929999411             387
  0.939999402             383
  0.949999392             381
  0.959999382             375
  0.969999373             371
  0.979999363             369
  0.989999354             365
  0.999999344             360
   1.00999939             356
   1.01999938             353
   1.02999938             350
   1.03999937             340
   1.04999936             337
   1.05999935             334
   1.06999934             329
   1.07999933             324
   1.08999932             319
   1.09999931             315
   1.10999930             313
   1.11999929             312
   1.12999928             309
   1.13999927             306
   1.14999926             302
   1.15999925             299
   1.16999924             296
   1.17999923             296
   1.18999922             291
   1.19999921             289
   1.20999920             286
   1.21999919             285
   1.22999918             282
   1.23999918             279
   1.24999917             277
   1.25999916             276
   1.26999915             274
   1.27999914             268
   1.28999913             266
   1.29999912             263
   1.30999911             257
   1.31999910             253
   1.32999909             250
   1.33999908             249
   1.34999907             248
   1.35999906             246
   1.36999905             245
   1.37999904             243
   1.38999903             239
   1.39999902             235
   1.40999901             234
   1.41999900             233
   1.42999899             231
   1.43999898             229
   1.44999897             227
   1.45999897             227
   1.46999896             225
   1.47999895             223
   1.48999894             221
   1.49999893             220
   1.50999892             217
   1.51999891             215
   1.52999890             213
   1.53999889             209
   1.54999888             206
   1.55999887             205
   1.56999886             203
   1.57999885             203
   1.58999884             198
   1.59999883             196
   1.60999882             194
   1.61999881             193
   1.62999880             191
   1.63999879             190
   1.64999878             190
   1.65999877             184
   1.66999876             181
   1.67999876             177
   1.68999875             176
   1.69999874             176
   1.70999873             175
   1.71999872             173
   1.72999871             171
   1.73999870             171
   1.74999869             168
   1.75999868             166
   1.76999867             166
   1.77999866             166
   1.78999865             164
   1.79999864             164
   1.80999863             161
   1.81999862             159
   1.82999861             158
   1.83999860             156
   1.84999859             156
   1.85999858             156
   1.86999857             156
   1.87999856             155
   1.88999856             154
   1.89999855             153
   1.90999854             152
   1.91999853             151
   1.92999852             150
   1.93999851             149
   1.94999850             145
   1.95999849             144
   1.96999848             143
   1.97999847             143
   1.98999846             141
   1.99999845             139
   2.00999856             139
   2.01999855             138
   2.02999854             137
   2.03999853             136
   2.04999852             136
   2.05999851             133
   2.06999850             131
   2.07999849             130
   2.08999848             129
   2.09999847             127
   2.10999846             127
   2.11999846             126
   2.12999845             123
   2.13999844             123
   2.14999843             122
   2.15999842             120
   2.16999841             119
   2.17999840             115
   2.18999839             115
   2.19999838             113
   2.20999837             113
   2.21999836             110
   2.22999835             109
   2.23999834             109
   2.24999833             106
   2.25999832             106
   2.26999831             104
   2.27999830             103
   2.28999829             101
   2.29999828              99
   2.30999827              99
   2.31999826              97
   2.32999825              96
   2.33999825              96
   2.34999824              93
   2.35999823              93
   2.36999822              93
   2.37999821              93
   2.38999820              91
   2.39999819              90
   2.40999818              88
   2.41999817              85
   2.42999816              85
   2.43999815              84
   2.44999814              83
   2.45999813              81
   2.46999812              80
   2.47999811              78
   2.48999810              77
   2.49999809              77
   2.50999808              77
   2.51999807              77
   2.52999806              76
   2.53999805              73
   2.54999804              73
   2.55999804              72
   2.56999803              72
   2.57999802              71
   2.58999801              70
   2.59999800              69
   2.60999799              68
   2.61999798              68
   2.62999797              67
   2.63999796              66
   2.64999795              66
   2.65999794              63
   2.66999793              62
   2.67999792              62
   2.68999791              61
   2.69999790              60
   2.70999789              60
   2.71999788              59
   2.72999787              58
   2.73999786              56
   2.74999785              56
   2.75999784              55
   2.76999784              55
   2.77999783              54
   2.78999782              53
   2.79999781              52
   2.80999780              51
   2.81999779              51
   2.82999778              49
   2.83999777              49
   2.84999776              48
   2.85999775              47
   2.86999774              47
   2.87999773              46
   2.88999772              46
   2.89999771              46
   2.90999770              44
   2.91999769              44
   2.92999768              44
   2.93999767              44
   2.94999766              43
   2.95999765              43
   2.96999764              43
   2.97999763              42
   2.98999763              42
   2.99999762              42
   3.00999761              41
   3.01999760              41
   3.02999759              41
   3.03999758              41
   3.04999757              40
   3.05999756              40
   3.06999755              40
   3.07999754              39
   3.08999753              39
   3.09999752              38
   3.10999751              38
   3.11999750              38
   3.12999749              37
   3.13999748              36
   3.14999747              36
   3.15999746              35
   3.16999745              35
   3.17999744              35
   3.18999743              35
   3.19999743              34
   3.20999742              34
   3.21999741              34
   3.22999740              34
   3.23999739              34
   3.24999738              34
   3.25999737              34
   3.26999736              34
   3.27999735              32
   3.28999734              32
   3.29999733              32
   3.30999732              32
   3.31999731              32
   3.32999730              32
   3.33999729              32
   3.34999728              32
   3.35999727              32
   3.36999726              31
   3.37999725              31
   3.38999724              31
   3.39999723              31
   3.40999722              31
   3.41999722              31
   3.42999721              30
   3.43999720              29
   3.44999719              28
   3.45999718              28
   3.46999717              27
   3.47999716              27
   3.48999715              27
   3.49999714              25
   3.50999713              25
   3.51999712              25
   3.52999711              25
   3.53999710              25
   3.54999709              25
   3.55999708              25
   3.56999707              25
   3.57999706              25
   3.58999705              25
   3.59999704              25
   3.60999703              25
   3.61999702              25
   3.62999701              25
   3.63999701              25
   3.64999700              25
   3.65999699              24
   3.66999698              24
   3.67999697              24
   3.68999696              24
   3.69999695              24
   3.70999694              23
   3.71999693              23
   3.72999692              22
   3.73999691              22
   3.74999690              22
   3.75999689              21
   3.76999688              20
   3.77999687              19
   3.78999686              19
   3.79999685              17
   3.80999684              17
   3.81999683              17
   3.82999682              17
   3.83999681              17
   3.84999681              17
   3.85999680              17
   3.86999679              17
   3.87999678              17
   3.88999677              16
   3.89999676              16
   3.90999675              16
   3.91999674              16
   3.92999673              15
   3.93999672              15
   3.94999671              15
   3.95999670              14
   3.96999669              14
   3.97999668              14
   3.98999667              14
   3.99999666              14
   4.00999689              14
   4.01999712              14
   4.02999735              14
   4.03999758              14
   4.04999781              14
   4.05999804              14
   4.06999826              14
   4.07999849              14
   4.08999872              14
   4.09999895              14
   4.10999918              14
   4.11999941              14
   4.12999964              14
   4.13999987              14
   4.15000010              14
   4.16000032              14
   4.17000055              14
   4.18000078              13
   4.19000101              13
   4.20000124              13
   4.21000147              13
   4.22000170              12
   4.23000193              12
   4.24000216              12
   4.25000238              12
   4.26000261              12
   4.27000284              12
   4.28000307              11
   4.29000330              11
   4.30000353              11
   4.31000376              11
   4.32000399              11
   4.33000422              11
   4.34000444              11
   4.35000467              11
   4.36000490              10
   4.37000513              10
   4.38000536               9
   4.39000559               9
   4.40000582               9
   4.41000605               9
   4.42000628               9
   4.43000650               9
   4.44000673               9
   4.45000696               9
   4.46000719               9
   4.47000742               9
   4.48000765               9
   4.49000788               9
   4.50000811               9
   4.51000834               9
   4.52000856               9
   4.53000879               9
   4.54000902               9
   4.55000925               8
   4.56000948               8
   4.57000971               8
   4.58000994               8
   4.59001017               8
   4.60001040               8
   4.61001062               8
   4.62001085               8
   4.63001108               8
   4.64001131               8
   4.65001154               7
   4.66001177               7
   4.67001200               7
   4.68001223               7
   4.69001245               7
   4.70001268               7
   4.71001291               7
   4.72001314               7
   4.73001337               7
   4.74001360               7
   4.75001383               7
   4.76001406               7
   4.77001429               7
   4.78001451               7
   4.79001474               7
   4.80001497               7
   4.81001520               7
   4.82001543               7
   4.83001566               7
   4.84001589               7
   4.85001612               7
   4.86001635               7
   4.87001657               7
   4.88001680               7
   4.89001703               7
   4.90001726               7
   4.91001749               7
   4.92001772               7
   4.93001795               7
   4.94001818               7
   4.95001841               7
   4.96001863               7
   4.97001886               7
   4.98001909               7
   4.99001932               7
   5.00001955               7
   5.01001978               7
   5.02002001               6
   5.03002024               6
   5.04002047               6
   5.05002069               6
   5.06002092               6
   5.07002115               6
   5.08002138               6
   5.09002161               5
   5.10002184               5
   5.11002207               5
   5.12002230               5
   5.13002253               5
   5.14002275               5
   5.15002298               5
   5.16002321               5
   5.17002344               5
   5.18002367               5
   5.19002390               5
   5.20002413               5
   5.21002436               5
   5.22002459               5
   5.23002481               5
   5.24002504               5
   5.25002527               5
   5.26002550               5
   5.27002573               5
   5.28002596               5
   5.29002619               5
   5.30002642               4
   5.31002665               4
   5.32002687               4
   5.33002710               4
   5.34002733               4
   5.35002756               3
   5.36002779               3
   5.37002802               3
   5.38002825               3
   5.39002848               3
   5.40002871               2
   5.41002893               2
   5.42002916               2
   5.43002939               2
   5.44002962               2
   5.45002985               2
   5.46003008               2
   5.47003031               2
   5.48003054               2
   5.49003077               2
   5.50003099               2
   5.51003122               2
   5.52003145               2
   5.53003168               2
   5.54003191               2
   5.55003214               2
   5.56003237               2
   5.57003260               2
   5.58003283               2
   5.59003305               2
   5.60003328               2
   5.61003351               2
   5.62003374               2
   5.63003397               2
   5.64003420               2
   5.65003443               2
   5.66003466               2
   5.67003489               2
   5.68003511               2
   5.69003534               1
   5.70003557               1
   5.71003580               1
   5.72003603               1
   5.73003626               1
   5.74003649               1
   5.75003672               1
   5.76003695               1
   5.77003717               1
   5.78003740               1
   5.79003763               1
   5.80003786               1
   5.81003809               1
   5.82003832               1
   5.83003855               1
   5.84003878               1
   5.85003901               1
   5.86003923               1
   5.87003946               1
   5.88003969               1
   5.89003992               1
   5.90004015               1
   5.91004038               1
   5.92004061               1
   5.93004084               1
   5.94004107               1
   5.95004129               1
   5.96004152               1
   5.97004175               1
   5.98004198               1
   5.99004221               1
   6.00004244               1
   6.01004267               1
   6.02004290               1
   6.03004313               1
   6.04004335               1
   6.05004358               1
   6.06004381               1
   6.07004404               1
   6.08004427               1
   6.09004450               1
   6.10004473               1
   6.11004496               1
   6.12004519               1
   6.13004541               1
   6.14004564               1
   6.15004587               1
   6.16004610               1
   6.17004633               1
   6.18004656               1
   6.19004679               1
   6.20004702               1
   6.21004725               1
   6.22004747               1
   6.23004770               1
   6.24004793               1
   6.25004816               1
   6.26004839               1
   6.27004862               1
   6.28004885               1
   6.29004908               1
   6.30004930               1
   6.31004953               1
   6.32004976               1
   6.33004999               1
   6.34005022               1
   6.35005045               1
   6.36005068               1
   6.37005091               1
   6.38005114               1
   6.39005136               1
   6.40005159               1
   6.41005182               1
   6.42005205               1
   6.43005228               1
   6.44005251               1
   6.45005274               1
   6.46005297               1
   6.47005320               1
   6.48005342               1
   6.49005365               1
   6.50005388               1
   6.51005411               1
   6.52005434               1
   6.53005457               1
   6.54005480               1
   6.55005503               1
   6.56005526               1
   6.57005548               1
   6.58005571               1
   6.59005594               1
   6.60005617               1
   6.61005640               1
   6.62005663               1
   6.63005686               1
   6.64005709               1
   6.65005732               1
   6.66005754               1
   6.67005777               1
   6.68005800               1
   6.69005823               1
   6.70005846               1
   6.71005869               1
   6.72005892               1
   6.73005915               1
   6.74005938               1
   6.75005960               1
   6.76005983               1
   6.77006006               1
   6.78006029               1
   6.79006052               1
   6.80006075               1
   6.81006098               1
   6.82006121               1
   6.83006144               1
   6.84006166               1
   6.85006189               1
   6.86006212               1
   6.87006235               1
   6.88006258               1
   6.89006281               1
   6.90006304               1
   6.91006327               1
   6.92006350               1
   6.93006372               1
   6.94006395               1
   6.95006418               1
   6.96006441               1
   6.97006464               1
   6.98006487               1
   6.99006510               1
   7.00006533               1
   7.01006556               1
   7.02006578               1
   7.03006601               1
   7.04006624               1
   7.05006647               1
   7.06006670               1
   7.07006693               1
   7.08006716               1
   7.09006739               1
   7.10006762               1
   7.11006784               1
   7.12006807               1
   7.13006830               1
   7.14006853               1
   7.15006876               1
   7.16006899               1
   7.17006922               1
   7.18006945               1
   7.19006968               1
   7.20006990               1
   7.21007013               1
   7.22007036               1
   7.23007059               1
   7.24007082               1
   7.25007105               1
   7.26007128               1
   7.27007151               1
   7.28007174               1
   7.29007196               1
   7.30007219               1
   7.31007242               1
   7.32007265               1
   7.33007288               1
   7.34007311               1
   7.35007334               1
   7.36007357               1
   7.37007380               1
   7.38007402               1
   7.39007425               1
   7.40007448               1
   7.41007471               1
   7.42007494               1
   7.43007517               1
   7.44007540               1
   7.45007563               1
   7.46007586               1
   7.47007608               1
   7.48007631               1
   7.49007654               1
   7.50007677               1
   7.51007700               1
   7.52007723               1
   7.53007746               1
   7.54007769               1
   7.55007792               1
   7.56007814               1
   7.57007837               1
   7.58007860               1
   7.59007883               1
   7.60007906               1
   7.61007929               1
   7.62007952               1
   7.63007975               1
   7.64007998               1
   7.65008020               1
   7.66008043               1
   7.67008066               1
   7.68008089               1
   7.69008112               1
   7.70008135               1
   7.71008158               1
   7.72008181               1
   7.73008204               1
   7.74008226               1
   7.75008249               1
   7.76008272               1
   7.77008295               1
   7.78008318               1
   7.79008341               1
   7.80008364               1
   7.81008387               1
   7.82008410               1
   7.83008432               1
   7.84008455               1
   7.85008478               1
   7.86008501               1
   7.87008524               1
   7.88008547               1
   7.89008570               1
   7.90008593               1
   7.91008615               1
   7.92008638               1
   7.93008661               1
   7.94008684               1
   7.95008707               1
   7.96008730               1
   7.97008753               1
   7.98008776               1
   7.99008799               1
   8.00008774               1
