   0.00000000             995
   9.99999978E-03         984
   1.99999996E-02         975
   2.99999993E-02         971
   3.99999991E-02         961
   4.99999970E-02         949
   5.99999949E-02         939
   6.99999928E-02         930
   7.99999908E-02         922
   8.99999887E-02         915
   9.99999866E-02         906
  0.109999985             895
  0.119999982             890
  0.129999980             881
  0.139999986             873
  0.149999991             867
  0.159999996             857
  0.170000002             848
  0.180000007             840
  0.190000013             832
  0.200000018             822
  0.210000023             818
  0.220000029             807
  0.230000034             801
  0.240000039             791
  0.250000030             787
  0.260000020             784
  0.270000011             771
  0.280000001             766
  0.289999992             755
  0.299999982             745
  0.309999973             737
  0.319999963             730
  0.329999954             720
  0.339999944             715
  0.349999934             707
  0.359999925             704
  0.369999915             702
  0.379999906             694
  0.389999896             682
  0.399999887             673
  0.409999877             668
  0.419999868             663
  0.429999858             659
  0.439999849             654
  0.449999839             650
  0.459999830             639
  0.469999820             634
  0.479999810             625
  0.489999801             614
  0.499999791             609
  0.509999812             601
  0.519999802             594
  0.529999793             591
  0.539999783             588
  0.549999774             580
  0.559999764             575
  0.569999754             571
  0.579999745             567
  0.589999735             559
  0.599999726             555
  0.609999716             551
  0.619999707             547
  0.629999697             543
  0.639999688             534
  0.649999678             526
  0.659999669             521
  0.669999659             516
  0.679999650             514
  0.689999640             512
  0.699999630             510
  0.709999621             503
  0.719999611             494
  0.729999602             492
  0.739999592             489
  0.749999583             488
  0.759999573             483
  0.769999564             478
  0.779999554             474
  0.789999545             470
  0.799999535             464
  0.809999526             461
  0.819999516             456
  0.829999506             451
  0.839999497             447
  0.849999487             443
  0.859999478             440
  0.869999468             438
  0.879999459             435
  0.889999449             431
  0.899999440             427
  0.909999430             422
  0.919999421             418
  0.929999411             412
  0.939999402             408
  0.949999392             404
  0.959999382             398
  0.969999373             397
  0.979999363             397
  0.989999354             394
  0.999999344             389
   1.00999939             383
   1.01999938             378
   1.02999938             376
   1.03999937             374
   1.04999936             370
   1.05999935             363
   1.06999934             362
   1.07999933             357
   1.08999932             353
   1.09999931             350
   1.10999930             347
   1.11999929             343
   1.12999928             337
   1.13999927             337
   1.14999926             334
   1.15999925             330
   1.16999924             327
   1.17999923             320
   1.18999922             316
   1.19999921             313
   1.20999920             308
   1.21999919             305
   1.22999918             301
   1.23999918             297
   1.24999917             294
   1.25999916             292
   1.26999915             290
   1.27999914             287
   1.28999913             282
   1.29999912             280
   1.30999911             275
   1.31999910             272
   1.32999909             270
   1.33999908             266
   1.34999907             264
   1.35999906             263
   1.36999905             261
   1.37999904             259
   1.38999903             259
   1.39999902             259
   1.40999901             257
   1.41999900             254
   1.42999899             252
   1.43999898             250
   1.44999897             247
   1.45999897             245
   1.46999896             244
   1.47999895             242
   1.48999894             236
   1.49999893             231
   1.50999892             230
   1.51999891             229
   1.52999890             227
   1.53999889             225
   1.54999888             222
   1.55999887             219
   1.56999886             216
   1.57999885             214
   1.58999884             213
   1.59999883             209
   1.60999882             207
   1.61999881             205
   1.62999880             204
   1.63999879             202
   1.64999878             201
   1.65999877             201
   1.66999876             199
   1.67999876             197
   1.68999875             192
   1.69999874             190
   1.70999873             188
   1.71999872             186
   1.72999871             183
   1.73999870             178
   1.74999869             176
   1.75999868             176
   1.76999867             172
   1.77999866             171
   1.78999865             171
   1.79999864             171
   1.80999863             171
   1.81999862             167
   1.82999861             164
   1.83999860             162
   1.84999859             158
   1.85999858             157
   1.86999857             157
   1.87999856             157
   1.88999856             156
   1.89999855             156
   1.90999854             155
   1.91999853             153
   1.92999852             151
   1.93999851             149
   1.94999850             149
   1.95999849             149
   1.96999848             149
   1.97999847             147
   1.98999846             146
   1.99999845             143
   2.00999856             142
   2.01999855             141
   2.02999854             139
   2.03999853             137
   2.04999852             137
   2.05999851             136
   2.06999850             133
   2.07999849             133
   2.08999848             131
   2.09999847             130
   2.10999846             129
   2.11999846             125
   2.12999845             125
   2.13999844             125
   2.14999843             121
   2.15999842             119
   2.16999841             118
   2.17999840             118
   2.18999839             115
   2.19999838             114
   2.20999837             111
   2.21999836             108
   2.22999835             108
   2.23999834             106
   2.24999833             106
   2.25999832             106
   2.26999831             106
   2.27999830             106
   2.28999829             105
   2.29999828             102
   2.30999827             102
   2.31999826             101
   2.32999825             100
   2.33999825              96
   2.34999824              95
   2.35999823              93
   2.36999822              92
   2.37999821              91
   2.38999820              91
   2.39999819              90
   2.40999818              90
   2.41999817              89
   2.42999816              87
   2.43999815              85
   2.44999814              80
   2.45999813              80
   2.46999812              78
   2.47999811              77
   2.48999810              76
   2.49999809              76
   2.50999808              75
   2.51999807              75
   2.52999806              73
   2.53999805              72
   2.54999804              71
   2.55999804              71
   2.56999803              71
   2.57999802              71
   2.58999801              69
   2.59999800              69
   2.60999799              69
   2.61999798              69
   2.62999797              69
   2.63999796              69
   2.64999795              68
   2.65999794              68
   2.66999793              68
   2.67999792              67
   2.68999791              67
   2.69999790              66
   2.70999789              64
   2.71999788              64
   2.72999787              63
   2.73999786              63
   2.74999785              60
   2.75999784              60
   2.76999784              60
   2.77999783              59
   2.78999782              59
   2.79999781              59
   2.80999780              59
   2.81999779              58
   2.82999778              57
   2.83999777              57
   2.84999776              57
   2.85999775              57
   2.86999774              57
   2.87999773              56
   2.88999772              56
   2.89999771              55
   2.90999770              55
   2.91999769              54
   2.92999768              53
   2.93999767              52
   2.94999766              52
   2.95999765              52
   2.96999764              52
   2.97999763              51
   2.98999763              51
   2.99999762              50
   3.00999761              50
   3.01999760              50
   3.02999759              49
   3.03999758              49
   3.04999757              48
   3.05999756              48
   3.06999755              48
   3.07999754              47
   3.08999753              45
   3.09999752              45
   3.10999751              45
   3.11999750              45
   3.12999749              45
   3.13999748              45
   3.14999747              44
   3.15999746              42
   3.16999745              42
   3.17999744              42
   3.18999743              42
   3.19999743              41
   3.20999742              39
   3.21999741              39
   3.22999740              39
   3.23999739              38
   3.24999738              37
   3.25999737              36
   3.26999736              35
   3.27999735              35
   3.28999734              35
   3.29999733              35
   3.30999732              34
   3.31999731              33
   3.32999730              33
   3.33999729              33
   3.34999728              33
   3.35999727              32
   3.36999726              32
   3.37999725              32
   3.38999724              32
   3.39999723              32
   3.40999722              32
   3.41999722              31
   3.42999721              30
   3.43999720              29
   3.44999719              28
   3.45999718              27
   3.46999717              26
   3.47999716              26
   3.48999715              26
   3.49999714              26
   3.50999713              26
   3.51999712              25
   3.52999711              25
   3.53999710              25
   3.54999709              25
   3.55999708              25
   3.56999707              25
   3.57999706              25
   3.58999705              24
   3.59999704              24
   3.60999703              24
   3.61999702              24
   3.62999701              24
   3.63999701              24
   3.64999700              24
   3.65999699              22
   3.66999698              22
   3.67999697              22
   3.68999696              22
   3.69999695              22
   3.70999694              21
   3.71999693              20
   3.72999692              20
   3.73999691              19
   3.74999690              19
   3.75999689              19
   3.76999688              18
   3.77999687              17
   3.78999686              17
   3.79999685              17
   3.80999684              17
   3.81999683              16
   3.82999682              16
   3.83999681              15
   3.84999681              15
   3.85999680              15
   3.86999679              15
   3.87999678              15
   3.88999677              15
   3.89999676              15
   3.90999675              15
   3.91999674              15
   3.92999673              15
   3.93999672              15
   3.94999671              15
   3.95999670              15
   3.96999669              14
   3.97999668              14
   3.98999667              14
   3.99999666              14
   4.00999689              14
   4.01999712              14
   4.02999735              14
   4.03999758              13
   4.04999781              13
   4.05999804              13
   4.06999826              13
   4.07999849              13
   4.08999872              13
   4.09999895              13
   4.10999918              13
   4.11999941              13
   4.12999964              13
   4.13999987              13
   4.15000010              13
   4.16000032              13
   4.17000055              13
   4.18000078              13
   4.19000101              12
   4.20000124              12
   4.21000147              12
   4.22000170              11
   4.23000193              10
   4.24000216              10
   4.25000238              10
   4.26000261              10
   4.27000284              10
   4.28000307              10
   4.29000330              10
   4.30000353              10
   4.31000376              10
   4.32000399              10
   4.33000422              10
   4.34000444              10
   4.35000467              10
   4.36000490              10
   4.37000513              10
   4.38000536              10
   4.39000559              10
   4.40000582              10
   4.41000605              10
   4.42000628               9
   4.43000650               9
   4.44000673               9
   4.45000696               9
   4.46000719               9
   4.47000742               9
   4.48000765               9
   4.49000788               9
   4.50000811               9
   4.51000834               9
   4.52000856               9
   4.53000879               9
   4.54000902               9
   4.55000925               9
   4.56000948               9
   4.57000971               9
   4.58000994               9
   4.59001017               8
   4.60001040               8
   4.61001062               8
   4.62001085               8
   4.63001108               8
   4.64001131               8
   4.65001154               7
   4.66001177               7
   4.67001200               7
   4.68001223               7
   4.69001245               7
   4.70001268               7
   4.71001291               6
   4.72001314               6
   4.73001337               6
   4.74001360               5
   4.75001383               5
   4.76001406               5
   4.77001429               5
   4.78001451               5
   4.79001474               5
   4.80001497               5
   4.81001520               5
   4.82001543               5
   4.83001566               5
   4.84001589               5
   4.85001612               5
   4.86001635               5
   4.87001657               4
   4.88001680               4
   4.89001703               4
   4.90001726               4
   4.91001749               4
   4.92001772               4
   4.93001795               3
   4.94001818               3
   4.95001841               3
   4.96001863               3
   4.97001886               3
   4.98001909               3
   4.99001932               3
   5.00001955               3
   5.01001978               3
   5.02002001               3
   5.03002024               3
   5.04002047               3
   5.05002069               3
   5.06002092               3
   5.07002115               3
   5.08002138               3
   5.09002161               3
   5.10002184               3
   5.11002207               3
   5.12002230               3
   5.13002253               3
   5.14002275               3
   5.15002298               3
   5.16002321               3
   5.17002344               3
   5.18002367               3
   5.19002390               3
   5.20002413               3
   5.21002436               3
   5.22002459               3
   5.23002481               3
   5.24002504               3
   5.25002527               3
   5.26002550               3
   5.27002573               3
   5.28002596               3
   5.29002619               3
   5.30002642               3
   5.31002665               3
   5.32002687               3
   5.33002710               3
   5.34002733               3
   5.35002756               3
   5.36002779               3
   5.37002802               3
   5.38002825               3
   5.39002848               3
   5.40002871               3
   5.41002893               3
   5.42002916               3
   5.43002939               3
   5.44002962               3
   5.45002985               3
   5.46003008               3
   5.47003031               3
   5.48003054               3
   5.49003077               3
   5.50003099               3
   5.51003122               3
   5.52003145               3
   5.53003168               3
   5.54003191               3
   5.55003214               3
   5.56003237               3
   5.57003260               3
   5.58003283               3
   5.59003305               3
   5.60003328               3
   5.61003351               3
   5.62003374               3
   5.63003397               3
   5.64003420               3
   5.65003443               3
   5.66003466               3
   5.67003489               3
   5.68003511               3
   5.69003534               3
   5.70003557               3
   5.71003580               3
   5.72003603               3
   5.73003626               3
   5.74003649               3
   5.75003672               3
   5.76003695               3
   5.77003717               3
   5.78003740               3
   5.79003763               3
   5.80003786               3
   5.81003809               3
   5.82003832               3
   5.83003855               3
   5.84003878               3
   5.85003901               3
   5.86003923               3
   5.87003946               3
   5.88003969               3
   5.89003992               3
   5.90004015               3
   5.91004038               3
   5.92004061               3
   5.93004084               3
   5.94004107               3
   5.95004129               3
   5.96004152               3
   5.97004175               3
   5.98004198               3
   5.99004221               3
   6.00004244               3
   6.01004267               3
   6.02004290               3
   6.03004313               3
   6.04004335               3
   6.05004358               3
   6.06004381               3
   6.07004404               3
   6.08004427               3
   6.09004450               3
   6.10004473               2
   6.11004496               2
   6.12004519               2
   6.13004541               2
   6.14004564               2
   6.15004587               1
   6.16004610               1
   6.17004633               1
   6.18004656               1
   6.19004679               1
   6.20004702               1
   6.21004725               1
   6.22004747               1
   6.23004770               1
   6.24004793               1
   6.25004816               1
   6.26004839               1
   6.27004862               1
   6.28004885               1
   6.29004908               1
   6.30004930               1
   6.31004953               1
   6.32004976               1
   6.33004999               1
   6.34005022               1
   6.35005045               1
   6.36005068               1
   6.37005091               1
   6.38005114               1
   6.39005136               1
   6.40005159               1
   6.41005182               1
   6.42005205               1
   6.43005228               1
   6.44005251               1
   6.45005274               1
   6.46005297               1
   6.47005320               1
   6.48005342               1
   6.49005365               1
   6.50005388               1
   6.51005411               1
   6.52005434               1
   6.53005457               1
   6.54005480               1
   6.55005503               1
   6.56005526               1
   6.57005548               1
   6.58005571               1
   6.59005594               1
   6.60005617               1
   6.61005640               1
   6.62005663               1
   6.63005686               1
   6.64005709               1
   6.65005732               1
   6.66005754               1
   6.67005777               1
   6.68005800               1
   6.69005823               1
   6.70005846               1
   6.71005869               1
   6.72005892               1
   6.73005915               1
   6.74005938               1
   6.75005960               1
   6.76005983               1
   6.77006006               1
   6.78006029               1
   6.79006052               1
   6.80006075               1
   6.81006098               1
   6.82006121               1
   6.83006144               1
   6.84006166               1
   6.85006189               1
   6.86006212               1
   6.87006235               1
   6.88006258               1
   6.89006281               1
   6.90006304               1
   6.91006327               1
   6.92006350               1
   6.93006372               1
   6.94006395               1
   6.95006418               1
   6.96006441               1
   6.97006464               1
   6.98006487               1
   6.99006510               1
   7.00006533               1
   7.01006556               1
   7.02006578               1
   7.03006601               1
   7.04006624               1
   7.05006647               1
   7.06006670               1
   7.07006693               1
   7.08006716               1
   7.09006739               1
   7.10006762               1
   7.11006784               1
   7.12006807               1
   7.13006830               1
   7.14006853               1
   7.15006876               1
   7.16006899               1
   7.17006922               1
   7.18006945               1
   7.19006968               1
   7.20006990               1
   7.21007013               1
   7.22007036               1
   7.23007059               1
   7.24007082               1
   7.25007105               1
   7.26007128               1
   7.27007151               1
   7.28007174               1
   7.29007196               1
   7.30007219               1
   7.31007242               1
   7.32007265               1
   7.33007288               1
   7.34007311               1
   7.35007334               1
   7.36007357               1
   7.37007380               1
   7.38007402               1
   7.39007425               1
   7.40007448               1
   7.41007471               1
   7.42007494               1
   7.43007517               1
   7.44007540               1
   7.45007563               1
   7.46007586               1
   7.47007608               1
   7.48007631               1
   7.49007654               1
   7.50007677               1
   7.51007700               1
   7.52007723               1
   7.53007746               1
   7.54007769               1
   7.55007792               1
   7.56007814               0
   7.57007837               0
   7.58007860               0
   7.59007883               0
   7.60007906               0
   7.61007929               0
   7.62007952               0
   7.63007975               0
   7.64007998               0
   7.65008020               0
   7.66008043               0
   7.67008066               0
   7.68008089               0
   7.69008112               0
   7.70008135               0
   7.71008158               0
   7.72008181               0
   7.73008204               0
   7.74008226               0
   7.75008249               0
   7.76008272               0
   7.77008295               0
   7.78008318               0
   7.79008341               0
   7.80008364               0
   7.81008387               0
   7.82008410               0
   7.83008432               0
   7.84008455               0
   7.85008478               0
   7.86008501               0
   7.87008524               0
   7.88008547               0
   7.89008570               0
   7.90008593               0
   7.91008615               0
   7.92008638               0
   7.93008661               0
   7.94008684               0
   7.95008707               0
   7.96008730               0
   7.97008753               0
   7.98008776               0
   7.99008799               0
   8.00008774               0
