   0.00000000             992
   9.99999978E-03         976
   1.99999996E-02         966
   2.99999993E-02         956
   3.99999991E-02         945
   4.99999970E-02         939
   5.99999949E-02         929
   6.99999928E-02         917
   7.99999908E-02         913
   8.99999887E-02         904
   9.99999866E-02         898
  0.109999985             887
  0.119999982             882
  0.129999980             876
  0.139999986             867
  0.149999991             858
  0.159999996             851
  0.170000002             842
  0.180000007             831
  0.190000013             820
  0.200000018             812
  0.210000023             806
  0.220000029             800
  0.230000034             791
  0.240000039             778
  0.250000030             769
  0.260000020             760
  0.270000011             750
  0.280000001             745
  0.289999992             740
  0.299999982             732
  0.309999973             727
  0.319999963             718
  0.329999954             710
  0.339999944             708
  0.349999934             702
  0.359999925             691
  0.369999915             686
  0.379999906             680
  0.389999896             673
  0.399999887             667
  0.409999877             656
  0.419999868             651
  0.429999858             640
  0.439999849             632
  0.449999839             632
  0.459999830             624
  0.469999820             617
  0.479999810             610
  0.489999801             601
  0.499999791             597
  0.509999812             594
  0.519999802             589
  0.529999793             583
  0.539999783             573
  0.549999774             568
  0.559999764             564
  0.569999754             563
  0.579999745             558
  0.589999735             551
  0.599999726             545
  0.609999716             538
  0.619999707             533
  0.629999697             529
  0.639999688             519
  0.649999678             513
  0.659999669             507
  0.669999659             504
  0.679999650             502
  0.689999640             494
  0.699999630             490
  0.709999621             489
  0.719999611             482
  0.729999602             478
  0.739999592             473
  0.749999583             469
  0.759999573             462
  0.769999564             456
  0.779999554             450
  0.789999545             445
  0.799999535             442
  0.809999526             434
  0.819999516             428
  0.829999506             421
  0.839999497             419
  0.849999487             410
  0.859999478             402
  0.869999468             399
  0.879999459             396
  0.889999449             393
  0.899999440             391
  0.909999430             389
  0.919999421             386
  0.929999411             384
  0.939999402             380
  0.949999392             380
  0.959999382             377
  0.969999373             372
  0.979999363             367
  0.989999354             364
  0.999999344             363
   1.00999939             360
   1.01999938             357
   1.02999938             349
   1.03999937             346
   1.04999936             341
   1.05999935             338
   1.06999934             334
   1.07999933             329
   1.08999932             328
   1.09999931             325
   1.10999930             321
   1.11999929             319
   1.12999928             312
   1.13999927             308
   1.14999926             304
   1.15999925             301
   1.16999924             300
   1.17999923             297
   1.18999922             295
   1.19999921             293
   1.20999920             292
   1.21999919             288
   1.22999918             288
   1.23999918             285
   1.24999917             285
   1.25999916             284
   1.26999915             283
   1.27999914             281
   1.28999913             277
   1.29999912             273
   1.30999911             270
   1.31999910             263
   1.32999909             260
   1.33999908             258
   1.34999907             256
   1.35999906             253
   1.36999905             250
   1.37999904             248
   1.38999903             245
   1.39999902             239
   1.40999901             236
   1.41999900             234
   1.42999899             232
   1.43999898             231
   1.44999897             228
   1.45999897             224
   1.46999896             223
   1.47999895             222
   1.48999894             222
   1.49999893             221
   1.50999892             218
   1.51999891             217
   1.52999890             215
   1.53999889             212
   1.54999888             209
   1.55999887             208
   1.56999886             206
   1.57999885             205
   1.58999884             201
   1.59999883             195
   1.60999882             195
   1.61999881             191
   1.62999880             191
   1.63999879             190
   1.64999878             189
   1.65999877             188
   1.66999876             185
   1.67999876             180
   1.68999875             178
   1.69999874             177
   1.70999873             176
   1.71999872             175
   1.72999871             174
   1.73999870             171
   1.74999869             171
   1.75999868             170
   1.76999867             169
   1.77999866             168
   1.78999865             168
   1.79999864             167
   1.80999863             166
   1.81999862             163
   1.82999861             162
   1.83999860             157
   1.84999859             155
   1.85999858             154
   1.86999857             152
   1.87999856             151
   1.88999856             150
   1.89999855             150
   1.90999854             147
   1.91999853             145
   1.92999852             142
   1.93999851             141
   1.94999850             141
   1.95999849             136
   1.96999848             135
   1.97999847             134
   1.98999846             132
   1.99999845             130
   2.00999856             129
   2.01999855             127
   2.02999854             127
   2.03999853             125
   2.04999852             124
   2.05999851             123
   2.06999850             118
   2.07999849             118
   2.08999848             118
   2.09999847             118
   2.10999846             118
   2.11999846             118
   2.12999845             118
   2.13999844             117
   2.14999843             117
   2.15999842             116
   2.16999841             115
   2.17999840             113
   2.18999839             112
   2.19999838             111
   2.20999837             110
   2.21999836             108
   2.22999835             108
   2.23999834             108
   2.24999833             108
   2.25999832             104
   2.26999831             102
   2.27999830              99
   2.28999829              97
   2.29999828              97
   2.30999827              95
   2.31999826              92
   2.32999825              91
   2.33999825              89
   2.34999824              87
   2.35999823              86
   2.36999822              84
   2.37999821              83
   2.38999820              83
   2.39999819              83
   2.40999818              82
   2.41999817              82
   2.42999816              82
   2.43999815              81
   2.44999814              78
   2.45999813              78
   2.46999812              78
   2.47999811              76
   2.48999810              76
   2.49999809              75
   2.50999808              75
   2.51999807              75
   2.52999806              74
   2.53999805              74
   2.54999804              73
   2.55999804              73
   2.56999803              73
   2.57999802              73
   2.58999801              72
   2.59999800              71
   2.60999799              70
   2.61999798              69
   2.62999797              69
   2.63999796              68
   2.64999795              66
   2.65999794              65
   2.66999793              65
   2.67999792              65
   2.68999791              63
   2.69999790              62
   2.70999789              62
   2.71999788              62
   2.72999787              61
   2.73999786              60
   2.74999785              58
   2.75999784              58
   2.76999784              57
   2.77999783              57
   2.78999782              57
   2.79999781              57
   2.80999780              55
   2.81999779              55
   2.82999778              55
   2.83999777              54
   2.84999776              54
   2.85999775              53
   2.86999774              52
   2.87999773              52
   2.88999772              51
   2.89999771              50
   2.90999770              50
   2.91999769              50
   2.92999768              50
   2.93999767              50
   2.94999766              49
   2.95999765              47
   2.96999764              46
   2.97999763              46
   2.98999763              45
   2.99999762              45
   3.00999761              43
   3.01999760              43
   3.02999759              40
   3.03999758              40
   3.04999757              39
   3.05999756              39
   3.06999755              37
   3.07999754              37
   3.08999753              37
   3.09999752              37
   3.10999751              36
   3.11999750              36
   3.12999749              35
   3.13999748              35
   3.14999747              34
   3.15999746              34
   3.16999745              34
   3.17999744              34
   3.18999743              33
   3.19999743              32
   3.20999742              32
   3.21999741              31
   3.22999740              31
   3.23999739              31
   3.24999738              31
   3.25999737              31
   3.26999736              31
   3.27999735              31
   3.28999734              29
   3.29999733              29
   3.30999732              29
   3.31999731              29
   3.32999730              29
   3.33999729              28
   3.34999728              26
   3.35999727              26
   3.36999726              25
   3.37999725              25
   3.38999724              25
   3.39999723              25
   3.40999722              24
   3.41999722              24
   3.42999721              23
   3.43999720              23
   3.44999719              23
   3.45999718              23
   3.46999717              23
   3.47999716              23
   3.48999715              23
   3.49999714              23
   3.50999713              23
   3.51999712              22
   3.52999711              22
   3.53999710              22
   3.54999709              22
   3.55999708              22
   3.56999707              22
   3.57999706              22
   3.58999705              22
   3.59999704              22
   3.60999703              21
   3.61999702              21
   3.62999701              21
   3.63999701              21
   3.64999700              20
   3.65999699              19
   3.66999698              18
   3.67999697              18
   3.68999696              18
   3.69999695              18
   3.70999694              18
   3.71999693              18
   3.72999692              17
   3.73999691              17
   3.74999690              17
   3.75999689              17
   3.76999688              17
   3.77999687              17
   3.78999686              17
   3.79999685              17
   3.80999684              17
   3.81999683              17
   3.82999682              16
   3.83999681              15
   3.84999681              15
   3.85999680              15
   3.86999679              15
   3.87999678              15
   3.88999677              15
   3.89999676              15
   3.90999675              15
   3.91999674              14
   3.92999673              14
   3.93999672              14
   3.94999671              13
   3.95999670              13
   3.96999669              13
   3.97999668              13
   3.98999667              12
   3.99999666              12
   4.00999689              12
   4.01999712              12
   4.02999735              12
   4.03999758              12
   4.04999781              12
   4.05999804              12
   4.06999826              12
   4.07999849              12
   4.08999872              12
   4.09999895              12
   4.10999918              12
   4.11999941              11
   4.12999964              11
   4.13999987              10
   4.15000010              10
   4.16000032              10
   4.17000055              10
   4.18000078              10
   4.19000101              10
   4.20000124              10
   4.21000147              10
   4.22000170              10
   4.23000193              10
   4.24000216              10
   4.25000238              10
   4.26000261              10
   4.27000284              10
   4.28000307              10
   4.29000330              10
   4.30000353              10
   4.31000376              10
   4.32000399              10
   4.33000422              10
   4.34000444              10
   4.35000467              10
   4.36000490              10
   4.37000513              10
   4.38000536              10
   4.39000559              10
   4.40000582               9
   4.41000605               9
   4.42000628               9
   4.43000650               9
   4.44000673               8
   4.45000696               8
   4.46000719               8
   4.47000742               8
   4.48000765               8
   4.49000788               8
   4.50000811               8
   4.51000834               8
   4.52000856               8
   4.53000879               8
   4.54000902               8
   4.55000925               8
   4.56000948               8
   4.57000971               8
   4.58000994               8
   4.59001017               8
   4.60001040               8
   4.61001062               7
   4.62001085               7
   4.63001108               7
   4.64001131               7
   4.65001154               7
   4.66001177               7
   4.67001200               7
   4.68001223               7
   4.69001245               7
   4.70001268               7
   4.71001291               7
   4.72001314               7
   4.73001337               7
   4.74001360               7
   4.75001383               7
   4.76001406               7
   4.77001429               7
   4.78001451               7
   4.79001474               7
   4.80001497               7
   4.81001520               7
   4.82001543               7
   4.83001566               7
   4.84001589               6
   4.85001612               6
   4.86001635               6
   4.87001657               5
   4.88001680               5
   4.89001703               5
   4.90001726               5
   4.91001749               5
   4.92001772               5
   4.93001795               5
   4.94001818               5
   4.95001841               5
   4.96001863               5
   4.97001886               5
   4.98001909               5
   4.99001932               5
   5.00001955               5
   5.01001978               5
   5.02002001               5
   5.03002024               5
   5.04002047               5
   5.05002069               5
   5.06002092               5
   5.07002115               5
   5.08002138               5
   5.09002161               5
   5.10002184               5
   5.11002207               5
   5.12002230               5
   5.13002253               5
   5.14002275               5
   5.15002298               5
   5.16002321               5
   5.17002344               5
   5.18002367               5
   5.19002390               5
   5.20002413               5
   5.21002436               5
   5.22002459               5
   5.23002481               5
   5.24002504               5
   5.25002527               5
   5.26002550               5
   5.27002573               5
   5.28002596               5
   5.29002619               3
   5.30002642               3
   5.31002665               3
   5.32002687               3
   5.33002710               3
   5.34002733               3
   5.35002756               3
   5.36002779               3
   5.37002802               3
   5.38002825               3
   5.39002848               3
   5.40002871               3
   5.41002893               3
   5.42002916               3
   5.43002939               3
   5.44002962               3
   5.45002985               3
   5.46003008               3
   5.47003031               3
   5.48003054               3
   5.49003077               3
   5.50003099               3
   5.51003122               3
   5.52003145               3
   5.53003168               3
   5.54003191               3
   5.55003214               3
   5.56003237               3
   5.57003260               3
   5.58003283               3
   5.59003305               3
   5.60003328               3
   5.61003351               3
   5.62003374               3
   5.63003397               3
   5.64003420               3
   5.65003443               3
   5.66003466               3
   5.67003489               3
   5.68003511               3
   5.69003534               3
   5.70003557               3
   5.71003580               3
   5.72003603               3
   5.73003626               3
   5.74003649               3
   5.75003672               3
   5.76003695               3
   5.77003717               3
   5.78003740               3
   5.79003763               3
   5.80003786               3
   5.81003809               3
   5.82003832               3
   5.83003855               3
   5.84003878               3
   5.85003901               3
   5.86003923               3
   5.87003946               3
   5.88003969               3
   5.89003992               3
   5.90004015               3
   5.91004038               3
   5.92004061               3
   5.93004084               3
   5.94004107               3
   5.95004129               3
   5.96004152               3
   5.97004175               3
   5.98004198               3
   5.99004221               3
   6.00004244               3
   6.01004267               3
   6.02004290               3
   6.03004313               3
   6.04004335               3
   6.05004358               3
   6.06004381               3
   6.07004404               3
   6.08004427               3
   6.09004450               3
   6.10004473               3
   6.11004496               3
   6.12004519               3
   6.13004541               3
   6.14004564               3
   6.15004587               3
   6.16004610               3
   6.17004633               3
   6.18004656               3
   6.19004679               3
   6.20004702               3
   6.21004725               2
   6.22004747               2
   6.23004770               2
   6.24004793               2
   6.25004816               2
   6.26004839               2
   6.27004862               1
   6.28004885               1
   6.29004908               1
   6.30004930               1
   6.31004953               1
   6.32004976               1
   6.33004999               1
   6.34005022               1
   6.35005045               1
   6.36005068               1
   6.37005091               1
   6.38005114               1
   6.39005136               1
   6.40005159               1
   6.41005182               1
   6.42005205               1
   6.43005228               1
   6.44005251               1
   6.45005274               1
   6.46005297               1
   6.47005320               1
   6.48005342               1
   6.49005365               1
   6.50005388               1
   6.51005411               1
   6.52005434               1
   6.53005457               1
   6.54005480               1
   6.55005503               1
   6.56005526               1
   6.57005548               1
   6.58005571               1
   6.59005594               1
   6.60005617               1
   6.61005640               1
   6.62005663               1
   6.63005686               1
   6.64005709               1
   6.65005732               1
   6.66005754               1
   6.67005777               1
   6.68005800               1
   6.69005823               1
   6.70005846               1
   6.71005869               1
   6.72005892               1
   6.73005915               1
   6.74005938               1
   6.75005960               1
   6.76005983               1
   6.77006006               1
   6.78006029               1
   6.79006052               1
   6.80006075               1
   6.81006098               1
   6.82006121               1
   6.83006144               1
   6.84006166               1
   6.85006189               1
   6.86006212               1
   6.87006235               1
   6.88006258               1
   6.89006281               1
   6.90006304               1
   6.91006327               0
   6.92006350               0
   6.93006372               0
   6.94006395               0
   6.95006418               0
   6.96006441               0
   6.97006464               0
   6.98006487               0
   6.99006510               0
   7.00006533               0
   7.01006556               0
   7.02006578               0
   7.03006601               0
   7.04006624               0
   7.05006647               0
   7.06006670               0
   7.07006693               0
   7.08006716               0
   7.09006739               0
   7.10006762               0
   7.11006784               0
   7.12006807               0
   7.13006830               0
   7.14006853               0
   7.15006876               0
   7.16006899               0
   7.17006922               0
   7.18006945               0
   7.19006968               0
   7.20006990               0
   7.21007013               0
   7.22007036               0
   7.23007059               0
   7.24007082               0
   7.25007105               0
   7.26007128               0
   7.27007151               0
   7.28007174               0
   7.29007196               0
   7.30007219               0
   7.31007242               0
   7.32007265               0
   7.33007288               0
   7.34007311               0
   7.35007334               0
   7.36007357               0
   7.37007380               0
   7.38007402               0
   7.39007425               0
   7.40007448               0
   7.41007471               0
   7.42007494               0
   7.43007517               0
   7.44007540               0
   7.45007563               0
   7.46007586               0
   7.47007608               0
   7.48007631               0
   7.49007654               0
   7.50007677               0
   7.51007700               0
   7.52007723               0
   7.53007746               0
   7.54007769               0
   7.55007792               0
   7.56007814               0
   7.57007837               0
   7.58007860               0
   7.59007883               0
   7.60007906               0
   7.61007929               0
   7.62007952               0
   7.63007975               0
   7.64007998               0
   7.65008020               0
   7.66008043               0
   7.67008066               0
   7.68008089               0
   7.69008112               0
   7.70008135               0
   7.71008158               0
   7.72008181               0
   7.73008204               0
   7.74008226               0
   7.75008249               0
   7.76008272               0
   7.77008295               0
   7.78008318               0
   7.79008341               0
   7.80008364               0
   7.81008387               0
   7.82008410               0
   7.83008432               0
   7.84008455               0
   7.85008478               0
   7.86008501               0
   7.87008524               0
   7.88008547               0
   7.89008570               0
   7.90008593               0
   7.91008615               0
   7.92008638               0
   7.93008661               0
   7.94008684               0
   7.95008707               0
   7.96008730               0
   7.97008753               0
   7.98008776               0
   7.99008799               0
   8.00008774               0
