   0.00000000             989
   9.99999978E-03         986
   1.99999996E-02         972
   2.99999993E-02         962
   3.99999991E-02         954
   4.99999970E-02         939
   5.99999949E-02         934
   6.99999928E-02         921
   7.99999908E-02         906
   8.99999887E-02         896
   9.99999866E-02         883
  0.109999985             873
  0.119999982             867
  0.129999980             862
  0.139999986             854
  0.149999991             844
  0.159999996             839
  0.170000002             830
  0.180000007             825
  0.190000013             814
  0.200000018             803
  0.210000023             796
  0.220000029             786
  0.230000034             774
  0.240000039             766
  0.250000030             761
  0.260000020             753
  0.270000011             746
  0.280000001             739
  0.289999992             734
  0.299999982             723
  0.309999973             717
  0.319999963             705
  0.329999954             702
  0.339999944             693
  0.349999934             681
  0.359999925             676
  0.369999915             673
  0.379999906             665
  0.389999896             661
  0.399999887             658
  0.409999877             652
  0.419999868             645
  0.429999858             639
  0.439999849             632
  0.449999839             627
  0.459999830             624
  0.469999820             617
  0.479999810             612
  0.489999801             609
  0.499999791             605
  0.509999812             602
  0.519999802             599
  0.529999793             592
  0.539999783             590
  0.549999774             584
  0.559999764             580
  0.569999754             572
  0.579999745             566
  0.589999735             560
  0.599999726             556
  0.609999716             551
  0.619999707             544
  0.629999697             541
  0.639999688             533
  0.649999678             523
  0.659999669             514
  0.669999659             507
  0.679999650             504
  0.689999640             500
  0.699999630             496
  0.709999621             489
  0.719999611             484
  0.729999602             477
  0.739999592             475
  0.749999583             473
  0.759999573             471
  0.769999564             463
  0.779999554             458
  0.789999545             448
  0.799999535             441
  0.809999526             439
  0.819999516             433
  0.829999506             428
  0.839999497             421
  0.849999487             416
  0.859999478             409
  0.869999468             404
  0.879999459             400
  0.889999449             398
  0.899999440             394
  0.909999430             392
  0.919999421             386
  0.929999411             383
  0.939999402             381
  0.949999392             376
  0.959999382             373
  0.969999373             367
  0.979999363             364
  0.989999354             362
  0.999999344             359
   1.00999939             359
   1.01999938             357
   1.02999938             353
   1.03999937             348
   1.04999936             345
   1.05999935             340
   1.06999934             332
   1.07999933             330
   1.08999932             325
   1.09999931             321
   1.10999930             317
   1.11999929             315
   1.12999928             310
   1.13999927             303
   1.14999926             302
   1.15999925             301
   1.16999924             298
   1.17999923             296
   1.18999922             292
   1.19999921             288
   1.20999920             283
   1.21999919             281
   1.22999918             276
   1.23999918             275
   1.24999917             270
   1.25999916             267
   1.26999915             265
   1.27999914             261
   1.28999913             256
   1.29999912             253
   1.30999911             253
   1.31999910             250
   1.32999909             249
   1.33999908             248
   1.34999907             246
   1.35999906             245
   1.36999905             241
   1.37999904             238
   1.38999903             238
   1.39999902             236
   1.40999901             234
   1.41999900             230
   1.42999899             228
   1.43999898             225
   1.44999897             224
   1.45999897             221
   1.46999896             220
   1.47999895             217
   1.48999894             212
   1.49999893             210
   1.50999892             209
   1.51999891             204
   1.52999890             200
   1.53999889             198
   1.54999888             196
   1.55999887             196
   1.56999886             191
   1.57999885             187
   1.58999884             185
   1.59999883             184
   1.60999882             183
   1.61999881             181
   1.62999880             178
   1.63999879             175
   1.64999878             175
   1.65999877             175
   1.66999876             174
   1.67999876             170
   1.68999875             167
   1.69999874             165
   1.70999873             164
   1.71999872             160
   1.72999871             159
   1.73999870             157
   1.74999869             157
   1.75999868             155
   1.76999867             154
   1.77999866             151
   1.78999865             148
   1.79999864             147
   1.80999863             147
   1.81999862             147
   1.82999861             146
   1.83999860             141
   1.84999859             138
   1.85999858             137
   1.86999857             133
   1.87999856             133
   1.88999856             133
   1.89999855             133
   1.90999854             132
   1.91999853             132
   1.92999852             126
   1.93999851             125
   1.94999850             122
   1.95999849             121
   1.96999848             118
   1.97999847             115
   1.98999846             114
   1.99999845             112
   2.00999856             111
   2.01999855             109
   2.02999854             109
   2.03999853             107
   2.04999852             104
   2.05999851             104
   2.06999850             103
   2.07999849             102
   2.08999848             102
   2.09999847             101
   2.10999846             101
   2.11999846             101
   2.12999845              98
   2.13999844              97
   2.14999843              97
   2.15999842              97
   2.16999841              97
   2.17999840              97
   2.18999839              96
   2.19999838              95
   2.20999837              92
   2.21999836              91
   2.22999835              90
   2.23999834              90
   2.24999833              88
   2.25999832              87
   2.26999831              87
   2.27999830              87
   2.28999829              87
   2.29999828              87
   2.30999827              87
   2.31999826              86
   2.32999825              86
   2.33999825              85
   2.34999824              85
   2.35999823              84
   2.36999822              84
   2.37999821              84
   2.38999820              84
   2.39999819              84
   2.40999818              82
   2.41999817              82
   2.42999816              80
   2.43999815              78
   2.44999814              77
   2.45999813              77
   2.46999812              77
   2.47999811              77
   2.48999810              77
   2.49999809              77
   2.50999808              77
   2.51999807              77
   2.52999806              76
   2.53999805              76
   2.54999804              75
   2.55999804              74
   2.56999803              73
   2.57999802              69
   2.58999801              67
   2.59999800              64
   2.60999799              61
   2.61999798              60
   2.62999797              59
   2.63999796              59
   2.64999795              58
   2.65999794              58
   2.66999793              58
   2.67999792              58
   2.68999791              58
   2.69999790              57
   2.70999789              56
   2.71999788              56
   2.72999787              56
   2.73999786              56
   2.74999785              56
   2.75999784              55
   2.76999784              55
   2.77999783              55
   2.78999782              55
   2.79999781              55
   2.80999780              55
   2.81999779              55
   2.82999778              54
   2.83999777              52
   2.84999776              51
   2.85999775              50
   2.86999774              49
   2.87999773              48
   2.88999772              46
   2.89999771              46
   2.90999770              46
   2.91999769              46
   2.92999768              46
   2.93999767              44
   2.94999766              44
   2.95999765              44
   2.96999764              43
   2.97999763              43
   2.98999763              43
   2.99999762              43
   3.00999761              43
   3.01999760              43
   3.02999759              43
   3.03999758              42
   3.04999757              41
   3.05999756              41
   3.06999755              40
   3.07999754              38
   3.08999753              38
   3.09999752              38
   3.10999751              38
   3.11999750              38
   3.12999749              38
   3.13999748              36
   3.14999747              36
   3.15999746              36
   3.16999745              36
   3.17999744              35
   3.18999743              35
   3.19999743              35
   3.20999742              34
   3.21999741              34
   3.22999740              33
   3.23999739              33
   3.24999738              33
   3.25999737              33
   3.26999736              33
   3.27999735              32
   3.28999734              32
   3.29999733              32
   3.30999732              32
   3.31999731              32
   3.32999730              32
   3.33999729              32
   3.34999728              31
   3.35999727              31
   3.36999726              31
   3.37999725              31
   3.38999724              30
   3.39999723              30
   3.40999722              30
   3.41999722              29
   3.42999721              28
   3.43999720              28
   3.44999719              28
   3.45999718              27
   3.46999717              27
   3.47999716              27
   3.48999715              26
   3.49999714              26
   3.50999713              26
   3.51999712              26
   3.52999711              26
   3.53999710              25
   3.54999709              25
   3.55999708              25
   3.56999707              25
   3.57999706              24
   3.58999705              24
   3.59999704              24
   3.60999703              23
   3.61999702              23
   3.62999701              23
   3.63999701              22
   3.64999700              22
   3.65999699              22
   3.66999698              22
   3.67999697              22
   3.68999696              22
   3.69999695              22
   3.70999694              22
   3.71999693              22
   3.72999692              22
   3.73999691              22
   3.74999690              22
   3.75999689              22
   3.76999688              22
   3.77999687              22
   3.78999686              21
   3.79999685              20
   3.80999684              20
   3.81999683              20
   3.82999682              20
   3.83999681              18
   3.84999681              18
   3.85999680              18
   3.86999679              18
   3.87999678              18
   3.88999677              18
   3.89999676              18
   3.90999675              18
   3.91999674              18
   3.92999673              17
   3.93999672              16
   3.94999671              16
   3.95999670              16
   3.96999669              16
   3.97999668              16
   3.98999667              16
   3.99999666              16
   4.00999689              16
   4.01999712              16
   4.02999735              16
   4.03999758              16
   4.04999781              16
   4.05999804              16
   4.06999826              16
   4.07999849              16
   4.08999872              16
   4.09999895              16
   4.10999918              15
   4.11999941              14
   4.12999964              14
   4.13999987              13
   4.15000010              13
   4.16000032              13
   4.17000055              13
   4.18000078              13
   4.19000101              13
   4.20000124              13
   4.21000147              13
   4.22000170              13
   4.23000193              13
   4.24000216              13
   4.25000238              13
   4.26000261              13
   4.27000284              13
   4.28000307              13
   4.29000330              13
   4.30000353              12
   4.31000376              12
   4.32000399              12
   4.33000422              12
   4.34000444              12
   4.35000467              12
   4.36000490              12
   4.37000513              12
   4.38000536              12
   4.39000559              12
   4.40000582              12
   4.41000605              12
   4.42000628              11
   4.43000650              11
   4.44000673              10
   4.45000696              10
   4.46000719              10
   4.47000742               9
   4.48000765               9
   4.49000788               9
   4.50000811               9
   4.51000834               9
   4.52000856               9
   4.53000879               9
   4.54000902               9
   4.55000925               9
   4.56000948               9
   4.57000971               9
   4.58000994               9
   4.59001017               9
   4.60001040               9
   4.61001062               9
   4.62001085               9
   4.63001108               9
   4.64001131               9
   4.65001154               9
   4.66001177               8
   4.67001200               8
   4.68001223               8
   4.69001245               8
   4.70001268               8
   4.71001291               8
   4.72001314               8
   4.73001337               8
   4.74001360               8
   4.75001383               8
   4.76001406               8
   4.77001429               8
   4.78001451               8
   4.79001474               8
   4.80001497               8
   4.81001520               8
   4.82001543               8
   4.83001566               8
   4.84001589               8
   4.85001612               8
   4.86001635               8
   4.87001657               7
   4.88001680               7
   4.89001703               6
   4.90001726               6
   4.91001749               6
   4.92001772               6
   4.93001795               6
   4.94001818               6
   4.95001841               6
   4.96001863               6
   4.97001886               6
   4.98001909               6
   4.99001932               6
   5.00001955               6
   5.01001978               6
   5.02002001               5
   5.03002024               5
   5.04002047               5
   5.05002069               5
   5.06002092               5
   5.07002115               5
   5.08002138               5
   5.09002161               5
   5.10002184               5
   5.11002207               5
   5.12002230               5
   5.13002253               5
   5.14002275               5
   5.15002298               5
   5.16002321               5
   5.17002344               5
   5.18002367               5
   5.19002390               4
   5.20002413               4
   5.21002436               4
   5.22002459               4
   5.23002481               4
   5.24002504               4
   5.25002527               3
   5.26002550               3
   5.27002573               3
   5.28002596               3
   5.29002619               3
   5.30002642               3
   5.31002665               3
   5.32002687               3
   5.33002710               2
   5.34002733               2
   5.35002756               2
   5.36002779               2
   5.37002802               2
   5.38002825               2
   5.39002848               2
   5.40002871               2
   5.41002893               2
   5.42002916               2
   5.43002939               2
   5.44002962               2
   5.45002985               2
   5.46003008               2
   5.47003031               2
   5.48003054               2
   5.49003077               2
   5.50003099               2
   5.51003122               2
   5.52003145               2
   5.53003168               2
   5.54003191               2
   5.55003214               2
   5.56003237               2
   5.57003260               2
   5.58003283               2
   5.59003305               2
   5.60003328               2
   5.61003351               2
   5.62003374               2
   5.63003397               2
   5.64003420               2
   5.65003443               2
   5.66003466               2
   5.67003489               2
   5.68003511               2
   5.69003534               2
   5.70003557               2
   5.71003580               2
   5.72003603               2
   5.73003626               2
   5.74003649               2
   5.75003672               2
   5.76003695               2
   5.77003717               2
   5.78003740               2
   5.79003763               2
   5.80003786               2
   5.81003809               2
   5.82003832               2
   5.83003855               2
   5.84003878               2
   5.85003901               2
   5.86003923               2
   5.87003946               2
   5.88003969               2
   5.89003992               2
   5.90004015               2
   5.91004038               2
   5.92004061               2
   5.93004084               2
   5.94004107               2
   5.95004129               2
   5.96004152               2
   5.97004175               2
   5.98004198               2
   5.99004221               2
   6.00004244               2
   6.01004267               2
   6.02004290               2
   6.03004313               2
   6.04004335               2
   6.05004358               2
   6.06004381               2
   6.07004404               2
   6.08004427               2
   6.09004450               2
   6.10004473               2
   6.11004496               2
   6.12004519               2
   6.13004541               2
   6.14004564               2
   6.15004587               2
   6.16004610               2
   6.17004633               2
   6.18004656               2
   6.19004679               2
   6.20004702               2
   6.21004725               2
   6.22004747               2
   6.23004770               2
   6.24004793               2
   6.25004816               2
   6.26004839               2
   6.27004862               2
   6.28004885               2
   6.29004908               2
   6.30004930               2
   6.31004953               2
   6.32004976               2
   6.33004999               2
   6.34005022               2
   6.35005045               2
   6.36005068               2
   6.37005091               2
   6.38005114               2
   6.39005136               2
   6.40005159               2
   6.41005182               2
   6.42005205               2
   6.43005228               2
   6.44005251               2
   6.45005274               2
   6.46005297               2
   6.47005320               2
   6.48005342               2
   6.49005365               2
   6.50005388               2
   6.51005411               2
   6.52005434               2
   6.53005457               2
   6.54005480               2
   6.55005503               2
   6.56005526               2
   6.57005548               2
   6.58005571               2
   6.59005594               2
   6.60005617               2
   6.61005640               2
   6.62005663               2
   6.63005686               2
   6.64005709               2
   6.65005732               2
   6.66005754               2
   6.67005777               2
   6.68005800               2
   6.69005823               2
   6.70005846               2
   6.71005869               2
   6.72005892               2
   6.73005915               2
   6.74005938               2
   6.75005960               2
   6.76005983               2
   6.77006006               2
   6.78006029               2
   6.79006052               2
   6.80006075               2
   6.81006098               2
   6.82006121               2
   6.83006144               2
   6.84006166               2
   6.85006189               2
   6.86006212               1
   6.87006235               1
   6.88006258               1
   6.89006281               1
   6.90006304               1
   6.91006327               1
   6.92006350               1
   6.93006372               1
   6.94006395               1
   6.95006418               1
   6.96006441               1
   6.97006464               1
   6.98006487               1
   6.99006510               1
   7.00006533               1
   7.01006556               1
   7.02006578               1
   7.03006601               1
   7.04006624               1
   7.05006647               1
   7.06006670               1
   7.07006693               1
   7.08006716               1
   7.09006739               1
   7.10006762               1
   7.11006784               1
   7.12006807               1
   7.13006830               1
   7.14006853               1
   7.15006876               1
   7.16006899               1
   7.17006922               1
   7.18006945               1
   7.19006968               1
   7.20006990               1
   7.21007013               1
   7.22007036               1
   7.23007059               1
   7.24007082               1
   7.25007105               1
   7.26007128               1
   7.27007151               1
   7.28007174               1
   7.29007196               1
   7.30007219               1
   7.31007242               1
   7.32007265               1
   7.33007288               1
   7.34007311               1
   7.35007334               1
   7.36007357               1
   7.37007380               1
   7.38007402               1
   7.39007425               1
   7.40007448               1
   7.41007471               0
   7.42007494               0
   7.43007517               0
   7.44007540               0
   7.45007563               0
   7.46007586               0
   7.47007608               0
   7.48007631               0
   7.49007654               0
   7.50007677               0
   7.51007700               0
   7.52007723               0
   7.53007746               0
   7.54007769               0
   7.55007792               0
   7.56007814               0
   7.57007837               0
   7.58007860               0
   7.59007883               0
   7.60007906               0
   7.61007929               0
   7.62007952               0
   7.63007975               0
   7.64007998               0
   7.65008020               0
   7.66008043               0
   7.67008066               0
   7.68008089               0
   7.69008112               0
   7.70008135               0
   7.71008158               0
   7.72008181               0
   7.73008204               0
   7.74008226               0
   7.75008249               0
   7.76008272               0
   7.77008295               0
   7.78008318               0
   7.79008341               0
   7.80008364               0
   7.81008387               0
   7.82008410               0
   7.83008432               0
   7.84008455               0
   7.85008478               0
   7.86008501               0
   7.87008524               0
   7.88008547               0
   7.89008570               0
   7.90008593               0
   7.91008615               0
   7.92008638               0
   7.93008661               0
   7.94008684               0
   7.95008707               0
   7.96008730               0
   7.97008753               0
   7.98008776               0
   7.99008799               0
   8.00008774               0
