   0.00000000             996
   9.99999978E-03         989
   1.99999996E-02         979
   2.99999993E-02         973
   3.99999991E-02         965
   4.99999970E-02         959
   5.99999949E-02         952
   6.99999928E-02         943
   7.99999908E-02         937
   8.99999887E-02         923
   9.99999866E-02         917
  0.109999985             910
  0.119999982             898
  0.129999980             893
  0.139999986             883
  0.149999991             874
  0.159999996             866
  0.170000002             852
  0.180000007             843
  0.190000013             828
  0.200000018             818
  0.210000023             814
  0.220000029             805
  0.230000034             796
  0.240000039             786
  0.250000030             778
  0.260000020             774
  0.270000011             764
  0.280000001             761
  0.289999992             751
  0.299999982             737
  0.309999973             731
  0.319999963             726
  0.329999954             718
  0.339999944             712
  0.349999934             704
  0.359999925             702
  0.369999915             686
  0.379999906             683
  0.389999896             679
  0.399999887             673
  0.409999877             666
  0.419999868             661
  0.429999858             656
  0.439999849             649
  0.449999839             641
  0.459999830             634
  0.469999820             633
  0.479999810             625
  0.489999801             620
  0.499999791             614
  0.509999812             608
  0.519999802             603
  0.529999793             594
  0.539999783             590
  0.549999774             584
  0.559999764             581
  0.569999754             575
  0.579999745             571
  0.589999735             564
  0.599999726             555
  0.609999716             551
  0.619999707             542
  0.629999697             537
  0.639999688             529
  0.649999678             521
  0.659999669             517
  0.669999659             516
  0.679999650             511
  0.689999640             506
  0.699999630             498
  0.709999621             494
  0.719999611             489
  0.729999602             482
  0.739999592             481
  0.749999583             476
  0.759999573             472
  0.769999564             470
  0.779999554             467
  0.789999545             461
  0.799999535             455
  0.809999526             452
  0.819999516             448
  0.829999506             443
  0.839999497             440
  0.849999487             436
  0.859999478             429
  0.869999468             426
  0.879999459             422
  0.889999449             417
  0.899999440             416
  0.909999430             408
  0.919999421             404
  0.929999411             400
  0.939999402             397
  0.949999392             395
  0.959999382             390
  0.969999373             387
  0.979999363             381
  0.989999354             376
  0.999999344             369
   1.00999939             367
   1.01999938             365
   1.02999938             355
   1.03999937             352
   1.04999936             347
   1.05999935             342
   1.06999934             338
   1.07999933             335
   1.08999932             333
   1.09999931             331
   1.10999930             327
   1.11999929             324
   1.12999928             320
   1.13999927             315
   1.14999926             311
   1.15999925             303
   1.16999924             302
   1.17999923             296
   1.18999922             294
   1.19999921             292
   1.20999920             289
   1.21999919             287
   1.22999918             285
   1.23999918             283
   1.24999917             281
   1.25999916             275
   1.26999915             271
   1.27999914             269
   1.28999913             264
   1.29999912             262
   1.30999911             260
   1.31999910             258
   1.32999909             252
   1.33999908             249
   1.34999907             247
   1.35999906             242
   1.36999905             241
   1.37999904             238
   1.38999903             237
   1.39999902             232
   1.40999901             232
   1.41999900             232
   1.42999899             229
   1.43999898             227
   1.44999897             223
   1.45999897             218
   1.46999896             215
   1.47999895             213
   1.48999894             210
   1.49999893             210
   1.50999892             208
   1.51999891             206
   1.52999890             202
   1.53999889             201
   1.54999888             198
   1.55999887             196
   1.56999886             195
   1.57999885             194
   1.58999884             187
   1.59999883             186
   1.60999882             185
   1.61999881             182
   1.62999880             181
   1.63999879             179
   1.64999878             176
   1.65999877             174
   1.66999876             172
   1.67999876             170
   1.68999875             169
   1.69999874             169
   1.70999873             168
   1.71999872             167
   1.72999871             167
   1.73999870             163
   1.74999869             162
   1.75999868             160
   1.76999867             157
   1.77999866             155
   1.78999865             152
   1.79999864             152
   1.80999863             150
   1.81999862             149
   1.82999861             147
   1.83999860             146
   1.84999859             143
   1.85999858             143
   1.86999857             141
   1.87999856             140
   1.88999856             138
   1.89999855             135
   1.90999854             132
   1.91999853             132
   1.92999852             129
   1.93999851             128
   1.94999850             128
   1.95999849             127
   1.96999848             126
   1.97999847             125
   1.98999846             124
   1.99999845             123
   2.00999856             122
   2.01999855             120
   2.02999854             120
   2.03999853             118
   2.04999852             118
   2.05999851             117
   2.06999850             116
   2.07999849             113
   2.08999848             112
   2.09999847             109
   2.10999846             109
   2.11999846             107
   2.12999845             105
   2.13999844             103
   2.14999843             103
   2.15999842             103
   2.16999841             103
   2.17999840             102
   2.18999839             102
   2.19999838             102
   2.20999837             100
   2.21999836             100
   2.22999835              98
   2.23999834              97
   2.24999833              94
   2.25999832              92
   2.26999831              91
   2.27999830              90
   2.28999829              90
   2.29999828              89
   2.30999827              89
   2.31999826              86
   2.32999825              85
   2.33999825              83
   2.34999824              82
   2.35999823              81
   2.36999822              80
   2.37999821              79
   2.38999820              77
   2.39999819              75
   2.40999818              75
   2.41999817              75
   2.42999816              73
   2.43999815              72
   2.44999814              71
   2.45999813              70
   2.46999812              69
   2.47999811              69
   2.48999810              69
   2.49999809              67
   2.50999808              67
   2.51999807              66
   2.52999806              66
   2.53999805              66
   2.54999804              65
   2.55999804              63
   2.56999803              62
   2.57999802              59
   2.58999801              59
   2.59999800              59
   2.60999799              57
   2.61999798              57
   2.62999797              57
   2.63999796              56
   2.64999795              56
   2.65999794              55
   2.66999793              55
   2.67999792              55
   2.68999791              53
   2.69999790              53
   2.70999789              52
   2.71999788              52
   2.72999787              51
   2.73999786              51
   2.74999785              50
   2.75999784              50
   2.76999784              50
   2.77999783              49
   2.78999782              49
   2.79999781              48
   2.80999780              46
   2.81999779              46
   2.82999778              46
   2.83999777              46
   2.84999776              46
   2.85999775              46
   2.86999774              45
   2.87999773              45
   2.88999772              45
   2.89999771              45
   2.90999770              45
   2.91999769              45
   2.92999768              44
   2.93999767              42
   2.94999766              41
   2.95999765              41
   2.96999764              38
   2.97999763              38
   2.98999763              38
   2.99999762              38
   3.00999761              38
   3.01999760              38
   3.02999759              38
   3.03999758              38
   3.04999757              38
   3.05999756              38
   3.06999755              38
   3.07999754              37
   3.08999753              37
   3.09999752              36
   3.10999751              36
   3.11999750              36
   3.12999749              35
   3.13999748              35
   3.14999747              35
   3.15999746              35
   3.16999745              35
   3.17999744              35
   3.18999743              35
   3.19999743              34
   3.20999742              34
   3.21999741              33
   3.22999740              33
   3.23999739              33
   3.24999738              33
   3.25999737              33
   3.26999736              33
   3.27999735              33
   3.28999734              33
   3.29999733              33
   3.30999732              31
   3.31999731              31
   3.32999730              29
   3.33999729              28
   3.34999728              28
   3.35999727              27
   3.36999726              26
   3.37999725              24
   3.38999724              24
   3.39999723              24
   3.40999722              24
   3.41999722              24
   3.42999721              24
   3.43999720              24
   3.44999719              24
   3.45999718              23
   3.46999717              23
   3.47999716              23
   3.48999715              23
   3.49999714              23
   3.50999713              23
   3.51999712              23
   3.52999711              23
   3.53999710              23
   3.54999709              21
   3.55999708              21
   3.56999707              20
   3.57999706              20
   3.58999705              20
   3.59999704              20
   3.60999703              20
   3.61999702              19
   3.62999701              19
   3.63999701              19
   3.64999700              18
   3.65999699              17
   3.66999698              17
   3.67999697              17
   3.68999696              17
   3.69999695              17
   3.70999694              17
   3.71999693              17
   3.72999692              17
   3.73999691              17
   3.74999690              17
   3.75999689              17
   3.76999688              16
   3.77999687              15
   3.78999686              15
   3.79999685              15
   3.80999684              15
   3.81999683              15
   3.82999682              15
   3.83999681              15
   3.84999681              14
   3.85999680              14
   3.86999679              14
   3.87999678              14
   3.88999677              13
   3.89999676              13
   3.90999675              13
   3.91999674              13
   3.92999673              13
   3.93999672              13
   3.94999671              12
   3.95999670              12
   3.96999669              12
   3.97999668              12
   3.98999667              11
   3.99999666              11
   4.00999689              11
   4.01999712              11
   4.02999735              11
   4.03999758              11
   4.04999781              11
   4.05999804              11
   4.06999826              11
   4.07999849              11
   4.08999872              11
   4.09999895              11
   4.10999918              11
   4.11999941              11
   4.12999964              11
   4.13999987              10
   4.15000010              10
   4.16000032              10
   4.17000055              10
   4.18000078              10
   4.19000101              10
   4.20000124              10
   4.21000147              10
   4.22000170              10
   4.23000193              10
   4.24000216              10
   4.25000238               9
   4.26000261               9
   4.27000284               9
   4.28000307               9
   4.29000330               9
   4.30000353               9
   4.31000376               9
   4.32000399               9
   4.33000422               9
   4.34000444               9
   4.35000467               9
   4.36000490               9
   4.37000513               9
   4.38000536               9
   4.39000559               9
   4.40000582               9
   4.41000605               9
   4.42000628               9
   4.43000650               9
   4.44000673               9
   4.45000696               9
   4.46000719               9
   4.47000742               9
   4.48000765               9
   4.49000788               9
   4.50000811               9
   4.51000834               9
   4.52000856               9
   4.53000879               9
   4.54000902               9
   4.55000925               9
   4.56000948               9
   4.57000971               9
   4.58000994               9
   4.59001017               9
   4.60001040               9
   4.61001062               9
   4.62001085               9
   4.63001108               9
   4.64001131               9
   4.65001154               9
   4.66001177               9
   4.67001200               9
   4.68001223               9
   4.69001245               9
   4.70001268               9
   4.71001291               9
   4.72001314               9
   4.73001337               9
   4.74001360               9
   4.75001383               9
   4.76001406               9
   4.77001429               9
   4.78001451               9
   4.79001474               9
   4.80001497               9
   4.81001520               9
   4.82001543               9
   4.83001566               9
   4.84001589               9
   4.85001612               9
   4.86001635               9
   4.87001657               9
   4.88001680               9
   4.89001703               9
   4.90001726               9
   4.91001749               9
   4.92001772               9
   4.93001795               9
   4.94001818               9
   4.95001841               8
   4.96001863               8
   4.97001886               8
   4.98001909               8
   4.99001932               8
   5.00001955               8
   5.01001978               8
   5.02002001               8
   5.03002024               8
   5.04002047               8
   5.05002069               8
   5.06002092               7
   5.07002115               7
   5.08002138               7
   5.09002161               7
   5.10002184               7
   5.11002207               7
   5.12002230               7
   5.13002253               7
   5.14002275               7
   5.15002298               7
   5.16002321               6
   5.17002344               6
   5.18002367               6
   5.19002390               6
   5.20002413               6
   5.21002436               6
   5.22002459               6
   5.23002481               6
   5.24002504               6
   5.25002527               6
   5.26002550               6
   5.27002573               6
   5.28002596               6
   5.29002619               6
   5.30002642               6
   5.31002665               6
   5.32002687               6
   5.33002710               6
   5.34002733               5
   5.35002756               5
   5.36002779               5
   5.37002802               5
   5.38002825               5
   5.39002848               5
   5.40002871               5
   5.41002893               5
   5.42002916               5
   5.43002939               5
   5.44002962               4
   5.45002985               4
   5.46003008               4
   5.47003031               4
   5.48003054               4
   5.49003077               4
   5.50003099               4
   5.51003122               4
   5.52003145               4
   5.53003168               4
   5.54003191               4
   5.55003214               4
   5.56003237               4
   5.57003260               4
   5.58003283               4
   5.59003305               4
   5.60003328               4
   5.61003351               4
   5.62003374               4
   5.63003397               4
   5.64003420               4
   5.65003443               4
   5.66003466               4
   5.67003489               4
   5.68003511               4
   5.69003534               4
   5.70003557               4
   5.71003580               4
   5.72003603               4
   5.73003626               4
   5.74003649               4
   5.75003672               4
   5.76003695               4
   5.77003717               4
   5.78003740               4
   5.79003763               4
   5.80003786               4
   5.81003809               4
   5.82003832               4
   5.83003855               4
   5.84003878               4
   5.85003901               4
   5.86003923               4
   5.87003946               4
   5.88003969               4
   5.89003992               4
   5.90004015               4
   5.91004038               4
   5.92004061               3
   5.93004084               3
   5.94004107               3
   5.95004129               3
   5.96004152               3
   5.97004175               3
   5.98004198               3
   5.99004221               3
   6.00004244               3
   6.01004267               3
   6.02004290               3
   6.03004313               3
   6.04004335               3
   6.05004358               3
   6.06004381               3
   6.07004404               3
   6.08004427               3
   6.09004450               3
   6.10004473               3
   6.11004496               3
   6.12004519               3
   6.13004541               3
   6.14004564               3
   6.15004587               3
   6.16004610               3
   6.17004633               3
   6.18004656               3
   6.19004679               3
   6.20004702               3
   6.21004725               3
   6.22004747               3
   6.23004770               3
   6.24004793               3
   6.25004816               3
   6.26004839               3
   6.27004862               3
   6.28004885               3
   6.29004908               3
   6.30004930               3
   6.31004953               3
   6.32004976               3
   6.33004999               3
   6.34005022               3
   6.35005045               3
   6.36005068               3
   6.37005091               2
   6.38005114               2
   6.39005136               2
   6.40005159               2
   6.41005182               2
   6.42005205               2
   6.43005228               2
   6.44005251               2
   6.45005274               2
   6.46005297               2
   6.47005320               2
   6.48005342               2
   6.49005365               2
   6.50005388               2
   6.51005411               2
   6.52005434               2
   6.53005457               2
   6.54005480               2
   6.55005503               2
   6.56005526               2
   6.57005548               2
   6.58005571               2
   6.59005594               2
   6.60005617               2
   6.61005640               2
   6.62005663               2
   6.63005686               2
   6.64005709               2
   6.65005732               2
   6.66005754               2
   6.67005777               2
   6.68005800               2
   6.69005823               2
   6.70005846               2
   6.71005869               2
   6.72005892               2
   6.73005915               2
   6.74005938               2
   6.75005960               2
   6.76005983               2
   6.77006006               2
   6.78006029               2
   6.79006052               2
   6.80006075               2
   6.81006098               2
   6.82006121               2
   6.83006144               2
   6.84006166               2
   6.85006189               2
   6.86006212               2
   6.87006235               2
   6.88006258               2
   6.89006281               2
   6.90006304               2
   6.91006327               2
   6.92006350               2
   6.93006372               2
   6.94006395               2
   6.95006418               2
   6.96006441               2
   6.97006464               2
   6.98006487               2
   6.99006510               2
   7.00006533               2
   7.01006556               2
   7.02006578               2
   7.03006601               2
   7.04006624               2
   7.05006647               2
   7.06006670               2
   7.07006693               2
   7.08006716               2
   7.09006739               2
   7.10006762               2
   7.11006784               2
   7.12006807               2
   7.13006830               2
   7.14006853               2
   7.15006876               2
   7.16006899               2
   7.17006922               2
   7.18006945               2
   7.19006968               2
   7.20006990               1
   7.21007013               1
   7.22007036               1
   7.23007059               1
   7.24007082               1
   7.25007105               1
   7.26007128               1
   7.27007151               1
   7.28007174               1
   7.29007196               1
   7.30007219               1
   7.31007242               1
   7.32007265               1
   7.33007288               1
   7.34007311               1
   7.35007334               1
   7.36007357               1
   7.37007380               1
   7.38007402               1
   7.39007425               1
   7.40007448               1
   7.41007471               1
   7.42007494               1
   7.43007517               1
   7.44007540               1
   7.45007563               1
   7.46007586               1
   7.47007608               1
   7.48007631               1
   7.49007654               1
   7.50007677               1
   7.51007700               1
   7.52007723               1
   7.53007746               1
   7.54007769               1
   7.55007792               1
   7.56007814               1
   7.57007837               1
   7.58007860               1
   7.59007883               1
   7.60007906               1
   7.61007929               1
   7.62007952               1
   7.63007975               1
   7.64007998               1
   7.65008020               1
   7.66008043               1
   7.67008066               1
   7.68008089               1
   7.69008112               1
   7.70008135               1
   7.71008158               1
   7.72008181               1
   7.73008204               1
   7.74008226               1
   7.75008249               1
   7.76008272               1
   7.77008295               1
   7.78008318               1
   7.79008341               1
   7.80008364               1
   7.81008387               1
   7.82008410               1
   7.83008432               1
   7.84008455               1
   7.85008478               1
   7.86008501               1
   7.87008524               1
   7.88008547               1
   7.89008570               1
   7.90008593               1
   7.91008615               1
   7.92008638               1
   7.93008661               1
   7.94008684               1
   7.95008707               1
   7.96008730               1
   7.97008753               1
   7.98008776               1
   7.99008799               0
   8.00008774               0
