   0.00000000             995
   9.99999978E-03         989
   1.99999996E-02         978
   2.99999993E-02         963
   3.99999991E-02         950
   4.99999970E-02         940
   5.99999949E-02         930
   6.99999928E-02         914
   7.99999908E-02         898
   8.99999887E-02         888
   9.99999866E-02         881
  0.109999985             872
  0.119999982             862
  0.129999980             849
  0.139999986             838
  0.149999991             833
  0.159999996             826
  0.170000002             813
  0.180000007             805
  0.190000013             797
  0.200000018             788
  0.210000023             776
  0.220000029             768
  0.230000034             762
  0.240000039             754
  0.250000030             746
  0.260000020             738
  0.270000011             730
  0.280000001             728
  0.289999992             721
  0.299999982             714
  0.309999973             706
  0.319999963             699
  0.329999954             694
  0.339999944             685
  0.349999934             676
  0.359999925             663
  0.369999915             655
  0.379999906             645
  0.389999896             637
  0.399999887             628
  0.409999877             622
  0.419999868             615
  0.429999858             611
  0.439999849             605
  0.449999839             594
  0.459999830             590
  0.469999820             587
  0.479999810             579
  0.489999801             573
  0.499999791             569
  0.509999812             563
  0.519999802             557
  0.529999793             553
  0.539999783             548
  0.549999774             541
  0.559999764             532
  0.569999754             529
  0.579999745             521
  0.589999735             513
  0.599999726             510
  0.609999716             508
  0.619999707             504
  0.629999697             502
  0.639999688             498
  0.649999678             494
  0.659999669             488
  0.669999659             488
  0.679999650             484
  0.689999640             476
  0.699999630             471
  0.709999621             466
  0.719999611             461
  0.729999602             457
  0.739999592             451
  0.749999583             444
  0.759999573             440
  0.769999564             435
  0.779999554             431
  0.789999545             424
  0.799999535             421
  0.809999526             411
  0.819999516             406
  0.829999506             404
  0.839999497             398
  0.849999487             393
  0.859999478             391
  0.869999468             389
  0.879999459             385
  0.889999449             382
  0.899999440             377
  0.909999430             374
  0.919999421             371
  0.929999411             366
  0.939999402             363
  0.949999392             361
  0.959999382             358
  0.969999373             353
  0.979999363             351
  0.989999354             346
  0.999999344             343
   1.00999939             339
   1.01999938             334
   1.02999938             329
   1.03999937             324
   1.04999936             321
   1.05999935             320
   1.06999934             318
   1.07999933             317
   1.08999932             315
   1.09999931             312
   1.10999930             308
   1.11999929             308
   1.12999928             304
   1.13999927             303
   1.14999926             301
   1.15999925             301
   1.16999924             300
   1.17999923             296
   1.18999922             293
   1.19999921             291
   1.20999920             285
   1.21999919             281
   1.22999918             280
   1.23999918             277
   1.24999917             272
   1.25999916             268
   1.26999915             264
   1.27999914             259
   1.28999913             255
   1.29999912             252
   1.30999911             249
   1.31999910             249
   1.32999909             247
   1.33999908             241
   1.34999907             240
   1.35999906             234
   1.36999905             231
   1.37999904             227
   1.38999903             226
   1.39999902             222
   1.40999901             219
   1.41999900             216
   1.42999899             216
   1.43999898             216
   1.44999897             215
   1.45999897             214
   1.46999896             211
   1.47999895             210
   1.48999894             209
   1.49999893             208
   1.50999892             206
   1.51999891             205
   1.52999890             202
   1.53999889             200
   1.54999888             197
   1.55999887             196
   1.56999886             196
   1.57999885             196
   1.58999884             195
   1.59999883             191
   1.60999882             191
   1.61999881             187
   1.62999880             186
   1.63999879             183
   1.64999878             182
   1.65999877             182
   1.66999876             179
   1.67999876             178
   1.68999875             176
   1.69999874             170
   1.70999873             166
   1.71999872             164
   1.72999871             164
   1.73999870             163
   1.74999869             162
   1.75999868             162
   1.76999867             158
   1.77999866             158
   1.78999865             156
   1.79999864             156
   1.80999863             156
   1.81999862             154
   1.82999861             154
   1.83999860             154
   1.84999859             153
   1.85999858             152
   1.86999857             152
   1.87999856             148
   1.88999856             148
   1.89999855             144
   1.90999854             144
   1.91999853             143
   1.92999852             141
   1.93999851             140
   1.94999850             139
   1.95999849             139
   1.96999848             137
   1.97999847             137
   1.98999846             136
   1.99999845             135
   2.00999856             134
   2.01999855             132
   2.02999854             131
   2.03999853             130
   2.04999852             130
   2.05999851             128
   2.06999850             127
   2.07999849             126
   2.08999848             126
   2.09999847             125
   2.10999846             124
   2.11999846             122
   2.12999845             119
   2.13999844             119
   2.14999843             119
   2.15999842             117
   2.16999841             117
   2.17999840             116
   2.18999839             115
   2.19999838             113
   2.20999837             112
   2.21999836             110
   2.22999835             108
   2.23999834             107
   2.24999833             106
   2.25999832             104
   2.26999831             103
   2.27999830             102
   2.28999829             102
   2.29999828             101
   2.30999827             101
   2.31999826             101
   2.32999825             100
   2.33999825             100
   2.34999824              99
   2.35999823              99
   2.36999822              98
   2.37999821              98
   2.38999820              98
   2.39999819              95
   2.40999818              94
   2.41999817              94
   2.42999816              93
   2.43999815              93
   2.44999814              93
   2.45999813              92
   2.46999812              90
   2.47999811              89
   2.48999810              89
   2.49999809              87
   2.50999808              86
   2.51999807              85
   2.52999806              83
   2.53999805              83
   2.54999804              81
   2.55999804              80
   2.56999803              80
   2.57999802              76
   2.58999801              75
   2.59999800              75
   2.60999799              75
   2.61999798              75
   2.62999797              75
   2.63999796              74
   2.64999795              74
   2.65999794              74
   2.66999793              74
   2.67999792              73
   2.68999791              72
   2.69999790              71
   2.70999789              69
   2.71999788              68
   2.72999787              67
   2.73999786              66
   2.74999785              66
   2.75999784              66
   2.76999784              64
   2.77999783              64
   2.78999782              64
   2.79999781              64
   2.80999780              64
   2.81999779              64
   2.82999778              63
   2.83999777              63
   2.84999776              63
   2.85999775              63
   2.86999774              61
   2.87999773              60
   2.88999772              59
   2.89999771              59
   2.90999770              58
   2.91999769              58
   2.92999768              58
   2.93999767              57
   2.94999766              55
   2.95999765              55
   2.96999764              55
   2.97999763              54
   2.98999763              53
   2.99999762              53
   3.00999761              51
   3.01999760              50
   3.02999759              49
   3.03999758              47
   3.04999757              46
   3.05999756              46
   3.06999755              46
   3.07999754              46
   3.08999753              46
   3.09999752              46
   3.10999751              46
   3.11999750              46
   3.12999749              46
   3.13999748              45
   3.14999747              45
   3.15999746              45
   3.16999745              45
   3.17999744              45
   3.18999743              45
   3.19999743              44
   3.20999742              44
   3.21999741              44
   3.22999740              44
   3.23999739              43
   3.24999738              43
   3.25999737              43
   3.26999736              42
   3.27999735              42
   3.28999734              42
   3.29999733              41
   3.30999732              41
   3.31999731              41
   3.32999730              41
   3.33999729              41
   3.34999728              41
   3.35999727              41
   3.36999726              41
   3.37999725              40
   3.38999724              40
   3.39999723              40
   3.40999722              39
   3.41999722              39
   3.42999721              39
   3.43999720              39
   3.44999719              39
   3.45999718              39
   3.46999717              39
   3.47999716              39
   3.48999715              38
   3.49999714              38
   3.50999713              38
   3.51999712              36
   3.52999711              35
   3.53999710              35
   3.54999709              35
   3.55999708              35
   3.56999707              35
   3.57999706              34
   3.58999705              34
   3.59999704              34
   3.60999703              34
   3.61999702              34
   3.62999701              34
   3.63999701              33
   3.64999700              32
   3.65999699              32
   3.66999698              32
   3.67999697              32
   3.68999696              32
   3.69999695              30
   3.70999694              30
   3.71999693              29
   3.72999692              29
   3.73999691              29
   3.74999690              29
   3.75999689              29
   3.76999688              27
   3.77999687              27
   3.78999686              26
   3.79999685              25
   3.80999684              24
   3.81999683              24
   3.82999682              24
   3.83999681              24
   3.84999681              24
   3.85999680              23
   3.86999679              23
   3.87999678              23
   3.88999677              23
   3.89999676              23
   3.90999675              23
   3.91999674              23
   3.92999673              23
   3.93999672              23
   3.94999671              23
   3.95999670              23
   3.96999669              23
   3.97999668              23
   3.98999667              22
   3.99999666              22
   4.00999689              22
   4.01999712              22
   4.02999735              22
   4.03999758              21
   4.04999781              21
   4.05999804              21
   4.06999826              20
   4.07999849              19
   4.08999872              19
   4.09999895              19
   4.10999918              19
   4.11999941              19
   4.12999964              17
   4.13999987              17
   4.15000010              17
   4.16000032              17
   4.17000055              17
   4.18000078              17
   4.19000101              16
   4.20000124              16
   4.21000147              16
   4.22000170              16
   4.23000193              16
   4.24000216              15
   4.25000238              15
   4.26000261              15
   4.27000284              15
   4.28000307              15
   4.29000330              15
   4.30000353              15
   4.31000376              14
   4.32000399              14
   4.33000422              14
   4.34000444              14
   4.35000467              14
   4.36000490              14
   4.37000513              13
   4.38000536              13
   4.39000559              13
   4.40000582              13
   4.41000605              13
   4.42000628              13
   4.43000650              13
   4.44000673              13
   4.45000696              12
   4.46000719              12
   4.47000742              12
   4.48000765              12
   4.49000788              12
   4.50000811              11
   4.51000834              11
   4.52000856              11
   4.53000879              11
   4.54000902              11
   4.55000925              11
   4.56000948              11
   4.57000971              11
   4.58000994              11
   4.59001017              11
   4.60001040              10
   4.61001062              10
   4.62001085              10
   4.63001108              10
   4.64001131              10
   4.65001154              10
   4.66001177              10
   4.67001200              10
   4.68001223              10
   4.69001245              10
   4.70001268              10
   4.71001291              10
   4.72001314              10
   4.73001337              10
   4.74001360              10
   4.75001383              10
   4.76001406              10
   4.77001429              10
   4.78001451              10
   4.79001474              10
   4.80001497              10
   4.81001520              10
   4.82001543              10
   4.83001566              10
   4.84001589              10
   4.85001612              10
   4.86001635              10
   4.87001657              10
   4.88001680              10
   4.89001703              10
   4.90001726              10
   4.91001749              10
   4.92001772              10
   4.93001795              10
   4.94001818              10
   4.95001841              10
   4.96001863              10
   4.97001886              10
   4.98001909              10
   4.99001932              10
   5.00001955              10
   5.01001978              10
   5.02002001              10
   5.03002024               9
   5.04002047               9
   5.05002069               9
   5.06002092               9
   5.07002115               8
   5.08002138               8
   5.09002161               8
   5.10002184               8
   5.11002207               8
   5.12002230               8
   5.13002253               7
   5.14002275               7
   5.15002298               7
   5.16002321               7
   5.17002344               7
   5.18002367               7
   5.19002390               7
   5.20002413               7
   5.21002436               7
   5.22002459               7
   5.23002481               7
   5.24002504               7
   5.25002527               7
   5.26002550               7
   5.27002573               7
   5.28002596               7
   5.29002619               7
   5.30002642               7
   5.31002665               7
   5.32002687               7
   5.33002710               7
   5.34002733               7
   5.35002756               7
   5.36002779               7
   5.37002802               7
   5.38002825               7
   5.39002848               6
   5.40002871               6
   5.41002893               6
   5.42002916               6
   5.43002939               6
   5.44002962               6
   5.45002985               6
   5.46003008               6
   5.47003031               6
   5.48003054               6
   5.49003077               6
   5.50003099               6
   5.51003122               6
   5.52003145               6
   5.53003168               6
   5.54003191               6
   5.55003214               6
   5.56003237               6
   5.57003260               6
   5.58003283               6
   5.59003305               6
   5.60003328               6
   5.61003351               6
   5.62003374               6
   5.63003397               6
   5.64003420               6
   5.65003443               6
   5.66003466               6
   5.67003489               6
   5.68003511               6
   5.69003534               6
   5.70003557               6
   5.71003580               6
   5.72003603               6
   5.73003626               6
   5.74003649               6
   5.75003672               6
   5.76003695               6
   5.77003717               6
   5.78003740               6
   5.79003763               6
   5.80003786               6
   5.81003809               6
   5.82003832               5
   5.83003855               5
   5.84003878               5
   5.85003901               5
   5.86003923               5
   5.87003946               5
   5.88003969               5
   5.89003992               5
   5.90004015               5
   5.91004038               5
   5.92004061               5
   5.93004084               4
   5.94004107               4
   5.95004129               4
   5.96004152               3
   5.97004175               3
   5.98004198               3
   5.99004221               3
   6.00004244               3
   6.01004267               3
   6.02004290               3
   6.03004313               3
   6.04004335               3
   6.05004358               3
   6.06004381               3
   6.07004404               3
   6.08004427               3
   6.09004450               3
   6.10004473               3
   6.11004496               3
   6.12004519               3
   6.13004541               3
   6.14004564               3
   6.15004587               3
   6.16004610               3
   6.17004633               3
   6.18004656               3
   6.19004679               2
   6.20004702               2
   6.21004725               2
   6.22004747               2
   6.23004770               2
   6.24004793               2
   6.25004816               2
   6.26004839               2
   6.27004862               2
   6.28004885               2
   6.29004908               2
   6.30004930               2
   6.31004953               2
   6.32004976               2
   6.33004999               2
   6.34005022               2
   6.35005045               2
   6.36005068               2
   6.37005091               2
   6.38005114               2
   6.39005136               2
   6.40005159               2
   6.41005182               2
   6.42005205               2
   6.43005228               2
   6.44005251               2
   6.45005274               2
   6.46005297               2
   6.47005320               2
   6.48005342               2
   6.49005365               2
   6.50005388               2
   6.51005411               2
   6.52005434               2
   6.53005457               2
   6.54005480               2
   6.55005503               2
   6.56005526               2
   6.57005548               2
   6.58005571               2
   6.59005594               2
   6.60005617               2
   6.61005640               2
   6.62005663               2
   6.63005686               2
   6.64005709               2
   6.65005732               2
   6.66005754               2
   6.67005777               2
   6.68005800               2
   6.69005823               2
   6.70005846               2
   6.71005869               2
   6.72005892               2
   6.73005915               2
   6.74005938               2
   6.75005960               2
   6.76005983               2
   6.77006006               2
   6.78006029               2
   6.79006052               2
   6.80006075               2
   6.81006098               2
   6.82006121               2
   6.83006144               2
   6.84006166               2
   6.85006189               2
   6.86006212               2
   6.87006235               2
   6.88006258               2
   6.89006281               2
   6.90006304               2
   6.91006327               2
   6.92006350               1
   6.93006372               1
   6.94006395               1
   6.95006418               1
   6.96006441               1
   6.97006464               1
   6.98006487               1
   6.99006510               1
   7.00006533               1
   7.01006556               1
   7.02006578               1
   7.03006601               1
   7.04006624               1
   7.05006647               1
   7.06006670               1
   7.07006693               1
   7.08006716               1
   7.09006739               1
   7.10006762               1
   7.11006784               1
   7.12006807               1
   7.13006830               1
   7.14006853               1
   7.15006876               1
   7.16006899               1
   7.17006922               1
   7.18006945               1
   7.19006968               1
   7.20006990               1
   7.21007013               1
   7.22007036               1
   7.23007059               1
   7.24007082               1
   7.25007105               1
   7.26007128               1
   7.27007151               1
   7.28007174               1
   7.29007196               1
   7.30007219               1
   7.31007242               1
   7.32007265               1
   7.33007288               1
   7.34007311               1
   7.35007334               1
   7.36007357               1
   7.37007380               1
   7.38007402               1
   7.39007425               1
   7.40007448               1
   7.41007471               1
   7.42007494               1
   7.43007517               1
   7.44007540               1
   7.45007563               1
   7.46007586               1
   7.47007608               1
   7.48007631               1
   7.49007654               1
   7.50007677               1
   7.51007700               1
   7.52007723               1
   7.53007746               1
   7.54007769               1
   7.55007792               1
   7.56007814               1
   7.57007837               1
   7.58007860               1
   7.59007883               1
   7.60007906               1
   7.61007929               1
   7.62007952               1
   7.63007975               1
   7.64007998               1
   7.65008020               1
   7.66008043               1
   7.67008066               1
   7.68008089               1
   7.69008112               1
   7.70008135               1
   7.71008158               1
   7.72008181               1
   7.73008204               1
   7.74008226               1
   7.75008249               1
   7.76008272               1
   7.77008295               1
   7.78008318               1
   7.79008341               1
   7.80008364               1
   7.81008387               1
   7.82008410               1
   7.83008432               1
   7.84008455               1
   7.85008478               1
   7.86008501               1
   7.87008524               1
   7.88008547               1
   7.89008570               1
   7.90008593               1
   7.91008615               1
   7.92008638               1
   7.93008661               1
   7.94008684               1
   7.95008707               1
   7.96008730               1
   7.97008753               1
   7.98008776               1
   7.99008799               1
   8.00008774               0
