   0.00000000             992
   9.99999978E-03         983
   1.99999996E-02         974
   2.99999993E-02         959
   3.99999991E-02         956
   4.99999970E-02         949
   5.99999949E-02         942
   6.99999928E-02         936
   7.99999908E-02         929
   8.99999887E-02         921
   9.99999866E-02         915
  0.109999985             908
  0.119999982             900
  0.129999980             887
  0.139999986             883
  0.149999991             873
  0.159999996             866
  0.170000002             859
  0.180000007             848
  0.190000013             841
  0.200000018             833
  0.210000023             819
  0.220000029             806
  0.230000034             791
  0.240000039             781
  0.250000030             778
  0.260000020             773
  0.270000011             764
  0.280000001             754
  0.289999992             749
  0.299999982             743
  0.309999973             738
  0.319999963             734
  0.329999954             726
  0.339999944             719
  0.349999934             710
  0.359999925             705
  0.369999915             700
  0.379999906             692
  0.389999896             689
  0.399999887             682
  0.409999877             674
  0.419999868             670
  0.429999858             663
  0.439999849             655
  0.449999839             649
  0.459999830             642
  0.469999820             632
  0.479999810             628
  0.489999801             618
  0.499999791             609
  0.509999812             604
  0.519999802             598
  0.529999793             593
  0.539999783             585
  0.549999774             582
  0.559999764             575
  0.569999754             568
  0.579999745             559
  0.589999735             555
  0.599999726             552
  0.609999716             541
  0.619999707             537
  0.629999697             530
  0.639999688             522
  0.649999678             521
  0.659999669             516
  0.669999659             506
  0.679999650             500
  0.689999640             495
  0.699999630             492
  0.709999621             486
  0.719999611             481
  0.729999602             479
  0.739999592             474
  0.749999583             468
  0.759999573             464
  0.769999564             456
  0.779999554             450
  0.789999545             447
  0.799999535             440
  0.809999526             435
  0.819999516             430
  0.829999506             425
  0.839999497             422
  0.849999487             421
  0.859999478             416
  0.869999468             413
  0.879999459             408
  0.889999449             405
  0.899999440             396
  0.909999430             393
  0.919999421             389
  0.929999411             385
  0.939999402             380
  0.949999392             379
  0.959999382             376
  0.969999373             374
  0.979999363             373
  0.989999354             371
  0.999999344             369
   1.00999939             364
   1.01999938             360
   1.02999938             359
   1.03999937             356
   1.04999936             354
   1.05999935             350
   1.06999934             345
   1.07999933             342
   1.08999932             340
   1.09999931             335
   1.10999930             333
   1.11999929             329
   1.12999928             327
   1.13999927             321
   1.14999926             319
   1.15999925             317
   1.16999924             315
   1.17999923             313
   1.18999922             311
   1.19999921             309
   1.20999920             304
   1.21999919             304
   1.22999918             299
   1.23999918             295
   1.24999917             294
   1.25999916             292
   1.26999915             290
   1.27999914             286
   1.28999913             282
   1.29999912             281
   1.30999911             277
   1.31999910             276
   1.32999909             275
   1.33999908             275
   1.34999907             273
   1.35999906             267
   1.36999905             265
   1.37999904             263
   1.38999903             263
   1.39999902             261
   1.40999901             253
   1.41999900             251
   1.42999899             249
   1.43999898             243
   1.44999897             240
   1.45999897             239
   1.46999896             236
   1.47999895             231
   1.48999894             229
   1.49999893             226
   1.50999892             226
   1.51999891             221
   1.52999890             219
   1.53999889             217
   1.54999888             214
   1.55999887             214
   1.56999886             214
   1.57999885             211
   1.58999884             211
   1.59999883             209
   1.60999882             205
   1.61999881             202
   1.62999880             200
   1.63999879             196
   1.64999878             196
   1.65999877             193
   1.66999876             188
   1.67999876             188
   1.68999875             186
   1.69999874             184
   1.70999873             181
   1.71999872             181
   1.72999871             180
   1.73999870             178
   1.74999869             177
   1.75999868             174
   1.76999867             173
   1.77999866             172
   1.78999865             171
   1.79999864             170
   1.80999863             169
   1.81999862             165
   1.82999861             162
   1.83999860             160
   1.84999859             159
   1.85999858             158
   1.86999857             158
   1.87999856             156
   1.88999856             155
   1.89999855             155
   1.90999854             154
   1.91999853             153
   1.92999852             151
   1.93999851             150
   1.94999850             147
   1.95999849             144
   1.96999848             143
   1.97999847             141
   1.98999846             140
   1.99999845             140
   2.00999856             140
   2.01999855             139
   2.02999854             138
   2.03999853             136
   2.04999852             135
   2.05999851             133
   2.06999850             131
   2.07999849             129
   2.08999848             127
   2.09999847             124
   2.10999846             122
   2.11999846             121
   2.12999845             120
   2.13999844             117
   2.14999843             116
   2.15999842             116
   2.16999841             115
   2.17999840             114
   2.18999839             113
   2.19999838             111
   2.20999837             110
   2.21999836             109
   2.22999835             108
   2.23999834             108
   2.24999833             108
   2.25999832             107
   2.26999831             103
   2.27999830             102
   2.28999829             102
   2.29999828             102
   2.30999827             101
   2.31999826             100
   2.32999825              98
   2.33999825              98
   2.34999824              98
   2.35999823              97
   2.36999822              96
   2.37999821              95
   2.38999820              95
   2.39999819              95
   2.40999818              94
   2.41999817              92
   2.42999816              91
   2.43999815              88
   2.44999814              86
   2.45999813              86
   2.46999812              86
   2.47999811              86
   2.48999810              83
   2.49999809              82
   2.50999808              81
   2.51999807              80
   2.52999806              79
   2.53999805              79
   2.54999804              79
   2.55999804              78
   2.56999803              78
   2.57999802              77
   2.58999801              76
   2.59999800              75
   2.60999799              75
   2.61999798              74
   2.62999797              72
   2.63999796              72
   2.64999795              72
   2.65999794              72
   2.66999793              71
   2.67999792              70
   2.68999791              68
   2.69999790              68
   2.70999789              67
   2.71999788              67
   2.72999787              67
   2.73999786              67
   2.74999785              67
   2.75999784              67
   2.76999784              65
   2.77999783              64
   2.78999782              63
   2.79999781              63
   2.80999780              63
   2.81999779              62
   2.82999778              61
   2.83999777              60
   2.84999776              60
   2.85999775              59
   2.86999774              58
   2.87999773              58
   2.88999772              57
   2.89999771              57
   2.90999770              57
   2.91999769              57
   2.92999768              57
   2.93999767              57
   2.94999766              56
   2.95999765              54
   2.96999764              53
   2.97999763              52
   2.98999763              51
   2.99999762              50
   3.00999761              49
   3.01999760              48
   3.02999759              45
   3.03999758              45
   3.04999757              45
   3.05999756              45
   3.06999755              45
   3.07999754              45
   3.08999753              43
   3.09999752              43
   3.10999751              42
   3.11999750              42
   3.12999749              42
   3.13999748              41
   3.14999747              41
   3.15999746              40
   3.16999745              40
   3.17999744              40
   3.18999743              40
   3.19999743              40
   3.20999742              39
   3.21999741              38
   3.22999740              38
   3.23999739              36
   3.24999738              36
   3.25999737              36
   3.26999736              36
   3.27999735              36
   3.28999734              35
   3.29999733              35
   3.30999732              34
   3.31999731              34
   3.32999730              34
   3.33999729              34
   3.34999728              33
   3.35999727              33
   3.36999726              33
   3.37999725              33
   3.38999724              32
   3.39999723              32
   3.40999722              32
   3.41999722              32
   3.42999721              31
   3.43999720              31
   3.44999719              31
   3.45999718              30
   3.46999717              29
   3.47999716              29
   3.48999715              29
   3.49999714              29
   3.50999713              29
   3.51999712              29
   3.52999711              29
   3.53999710              29
   3.54999709              28
   3.55999708              28
   3.56999707              28
   3.57999706              28
   3.58999705              27
   3.59999704              27
   3.60999703              26
   3.61999702              26
   3.62999701              26
   3.63999701              26
   3.64999700              26
   3.65999699              26
   3.66999698              26
   3.67999697              25
   3.68999696              25
   3.69999695              23
   3.70999694              23
   3.71999693              23
   3.72999692              23
   3.73999691              23
   3.74999690              23
   3.75999689              23
   3.76999688              23
   3.77999687              23
   3.78999686              23
   3.79999685              22
   3.80999684              22
   3.81999683              22
   3.82999682              22
   3.83999681              22
   3.84999681              22
   3.85999680              22
   3.86999679              22
   3.87999678              22
   3.88999677              22
   3.89999676              22
   3.90999675              22
   3.91999674              22
   3.92999673              22
   3.93999672              22
   3.94999671              21
   3.95999670              21
   3.96999669              20
   3.97999668              19
   3.98999667              19
   3.99999666              19
   4.00999689              19
   4.01999712              19
   4.02999735              18
   4.03999758              18
   4.04999781              18
   4.05999804              18
   4.06999826              17
   4.07999849              17
   4.08999872              16
   4.09999895              16
   4.10999918              15
   4.11999941              15
   4.12999964              14
   4.13999987              14
   4.15000010              14
   4.16000032              13
   4.17000055              13
   4.18000078              13
   4.19000101              13
   4.20000124              13
   4.21000147              13
   4.22000170              13
   4.23000193              13
   4.24000216              13
   4.25000238              13
   4.26000261              13
   4.27000284              13
   4.28000307              13
   4.29000330              13
   4.30000353              13
   4.31000376              13
   4.32000399              13
   4.33000422              13
   4.34000444              12
   4.35000467              12
   4.36000490              12
   4.37000513              12
   4.38000536              12
   4.39000559              12
   4.40000582              12
   4.41000605              12
   4.42000628              11
   4.43000650              11
   4.44000673              11
   4.45000696              11
   4.46000719              11
   4.47000742              11
   4.48000765              11
   4.49000788              11
   4.50000811              11
   4.51000834              11
   4.52000856              11
   4.53000879              11
   4.54000902              11
   4.55000925              11
   4.56000948              11
   4.57000971              10
   4.58000994              10
   4.59001017              10
   4.60001040              10
   4.61001062              10
   4.62001085              10
   4.63001108              10
   4.64001131              10
   4.65001154              10
   4.66001177              10
   4.67001200              10
   4.68001223              10
   4.69001245              10
   4.70001268              10
   4.71001291              10
   4.72001314              10
   4.73001337              10
   4.74001360              10
   4.75001383               9
   4.76001406               9
   4.77001429               9
   4.78001451               9
   4.79001474               9
   4.80001497               9
   4.81001520               9
   4.82001543               9
   4.83001566               9
   4.84001589               9
   4.85001612               9
   4.86001635               8
   4.87001657               8
   4.88001680               8
   4.89001703               8
   4.90001726               8
   4.91001749               8
   4.92001772               8
   4.93001795               8
   4.94001818               8
   4.95001841               8
   4.96001863               7
   4.97001886               7
   4.98001909               7
   4.99001932               7
   5.00001955               7
   5.01001978               7
   5.02002001               7
   5.03002024               7
   5.04002047               7
   5.05002069               7
   5.06002092               7
   5.07002115               7
   5.08002138               7
   5.09002161               7
   5.10002184               7
   5.11002207               7
   5.12002230               7
   5.13002253               7
   5.14002275               7
   5.15002298               7
   5.16002321               7
   5.17002344               7
   5.18002367               7
   5.19002390               7
   5.20002413               7
   5.21002436               7
   5.22002459               7
   5.23002481               7
   5.24002504               7
   5.25002527               7
   5.26002550               7
   5.27002573               7
   5.28002596               7
   5.29002619               7
   5.30002642               7
   5.31002665               7
   5.32002687               7
   5.33002710               7
   5.34002733               7
   5.35002756               6
   5.36002779               6
   5.37002802               6
   5.38002825               6
   5.39002848               6
   5.40002871               6
   5.41002893               6
   5.42002916               6
   5.43002939               6
   5.44002962               6
   5.45002985               6
   5.46003008               6
   5.47003031               6
   5.48003054               6
   5.49003077               6
   5.50003099               5
   5.51003122               4
   5.52003145               4
   5.53003168               4
   5.54003191               4
   5.55003214               4
   5.56003237               4
   5.57003260               4
   5.58003283               4
   5.59003305               3
   5.60003328               3
   5.61003351               3
   5.62003374               3
   5.63003397               3
   5.64003420               3
   5.65003443               3
   5.66003466               3
   5.67003489               3
   5.68003511               3
   5.69003534               3
   5.70003557               3
   5.71003580               3
   5.72003603               3
   5.73003626               3
   5.74003649               3
   5.75003672               3
   5.76003695               3
   5.77003717               3
   5.78003740               3
   5.79003763               3
   5.80003786               3
   5.81003809               2
   5.82003832               2
   5.83003855               2
   5.84003878               2
   5.85003901               2
   5.86003923               2
   5.87003946               2
   5.88003969               2
   5.89003992               2
   5.90004015               2
   5.91004038               2
   5.92004061               2
   5.93004084               2
   5.94004107               2
   5.95004129               2
   5.96004152               2
   5.97004175               2
   5.98004198               2
   5.99004221               2
   6.00004244               2
   6.01004267               2
   6.02004290               2
   6.03004313               1
   6.04004335               1
   6.05004358               1
   6.06004381               1
   6.07004404               1
   6.08004427               1
   6.09004450               1
   6.10004473               1
   6.11004496               1
   6.12004519               1
   6.13004541               1
   6.14004564               1
   6.15004587               1
   6.16004610               1
   6.17004633               1
   6.18004656               1
   6.19004679               1
   6.20004702               1
   6.21004725               1
   6.22004747               1
   6.23004770               1
   6.24004793               1
   6.25004816               1
   6.26004839               1
   6.27004862               1
   6.28004885               1
   6.29004908               1
   6.30004930               1
   6.31004953               1
   6.32004976               1
   6.33004999               1
   6.34005022               1
   6.35005045               1
   6.36005068               1
   6.37005091               1
   6.38005114               1
   6.39005136               1
   6.40005159               1
   6.41005182               1
   6.42005205               1
   6.43005228               1
   6.44005251               1
   6.45005274               1
   6.46005297               1
   6.47005320               1
   6.48005342               1
   6.49005365               1
   6.50005388               1
   6.51005411               1
   6.52005434               1
   6.53005457               1
   6.54005480               1
   6.55005503               1
   6.56005526               1
   6.57005548               0
   6.58005571               0
   6.59005594               0
   6.60005617               0
   6.61005640               0
   6.62005663               0
   6.63005686               0
   6.64005709               0
   6.65005732               0
   6.66005754               0
   6.67005777               0
   6.68005800               0
   6.69005823               0
   6.70005846               0
   6.71005869               0
   6.72005892               0
   6.73005915               0
   6.74005938               0
   6.75005960               0
   6.76005983               0
   6.77006006               0
   6.78006029               0
   6.79006052               0
   6.80006075               0
   6.81006098               0
   6.82006121               0
   6.83006144               0
   6.84006166               0
   6.85006189               0
   6.86006212               0
   6.87006235               0
   6.88006258               0
   6.89006281               0
   6.90006304               0
   6.91006327               0
   6.92006350               0
   6.93006372               0
   6.94006395               0
   6.95006418               0
   6.96006441               0
   6.97006464               0
   6.98006487               0
   6.99006510               0
   7.00006533               0
   7.01006556               0
   7.02006578               0
   7.03006601               0
   7.04006624               0
   7.05006647               0
   7.06006670               0
   7.07006693               0
   7.08006716               0
   7.09006739               0
   7.10006762               0
   7.11006784               0
   7.12006807               0
   7.13006830               0
   7.14006853               0
   7.15006876               0
   7.16006899               0
   7.17006922               0
   7.18006945               0
   7.19006968               0
   7.20006990               0
   7.21007013               0
   7.22007036               0
   7.23007059               0
   7.24007082               0
   7.25007105               0
   7.26007128               0
   7.27007151               0
   7.28007174               0
   7.29007196               0
   7.30007219               0
   7.31007242               0
   7.32007265               0
   7.33007288               0
   7.34007311               0
   7.35007334               0
   7.36007357               0
   7.37007380               0
   7.38007402               0
   7.39007425               0
   7.40007448               0
   7.41007471               0
   7.42007494               0
   7.43007517               0
   7.44007540               0
   7.45007563               0
   7.46007586               0
   7.47007608               0
   7.48007631               0
   7.49007654               0
   7.50007677               0
   7.51007700               0
   7.52007723               0
   7.53007746               0
   7.54007769               0
   7.55007792               0
   7.56007814               0
   7.57007837               0
   7.58007860               0
   7.59007883               0
   7.60007906               0
   7.61007929               0
   7.62007952               0
   7.63007975               0
   7.64007998               0
   7.65008020               0
   7.66008043               0
   7.67008066               0
   7.68008089               0
   7.69008112               0
   7.70008135               0
   7.71008158               0
   7.72008181               0
   7.73008204               0
   7.74008226               0
   7.75008249               0
   7.76008272               0
   7.77008295               0
   7.78008318               0
   7.79008341               0
   7.80008364               0
   7.81008387               0
   7.82008410               0
   7.83008432               0
   7.84008455               0
   7.85008478               0
   7.86008501               0
   7.87008524               0
   7.88008547               0
   7.89008570               0
   7.90008593               0
   7.91008615               0
   7.92008638               0
   7.93008661               0
   7.94008684               0
   7.95008707               0
   7.96008730               0
   7.97008753               0
   7.98008776               0
   7.99008799               0
   8.00008774               0
