   0.00000000             988
   9.99999978E-03         977
   1.99999996E-02         967
   2.99999993E-02         962
   3.99999991E-02         956
   4.99999970E-02         947
   5.99999949E-02         936
   6.99999928E-02         928
   7.99999908E-02         921
   8.99999887E-02         914
   9.99999866E-02         901
  0.109999985             889
  0.119999982             880
  0.129999980             871
  0.139999986             857
  0.149999991             844
  0.159999996             836
  0.170000002             828
  0.180000007             822
  0.190000013             814
  0.200000018             809
  0.210000023             799
  0.220000029             796
  0.230000034             787
  0.240000039             780
  0.250000030             769
  0.260000020             762
  0.270000011             756
  0.280000001             748
  0.289999992             737
  0.299999982             727
  0.309999973             721
  0.319999963             715
  0.329999954             696
  0.339999944             690
  0.349999934             683
  0.359999925             675
  0.369999915             668
  0.379999906             658
  0.389999896             649
  0.399999887             645
  0.409999877             635
  0.419999868             629
  0.429999858             624
  0.439999849             616
  0.449999839             611
  0.459999830             608
  0.469999820             602
  0.479999810             593
  0.489999801             589
  0.499999791             586
  0.509999812             581
  0.519999802             578
  0.529999793             574
  0.539999783             570
  0.549999774             562
  0.559999764             559
  0.569999754             554
  0.579999745             548
  0.589999735             546
  0.599999726             541
  0.609999716             535
  0.619999707             529
  0.629999697             524
  0.639999688             517
  0.649999678             512
  0.659999669             507
  0.669999659             504
  0.679999650             499
  0.689999640             491
  0.699999630             489
  0.709999621             483
  0.719999611             477
  0.729999602             474
  0.739999592             468
  0.749999583             459
  0.759999573             454
  0.769999564             447
  0.779999554             440
  0.789999545             433
  0.799999535             429
  0.809999526             421
  0.819999516             418
  0.829999506             413
  0.839999497             410
  0.849999487             408
  0.859999478             403
  0.869999468             401
  0.879999459             397
  0.889999449             391
  0.899999440             389
  0.909999430             388
  0.919999421             387
  0.929999411             384
  0.939999402             380
  0.949999392             377
  0.959999382             374
  0.969999373             370
  0.979999363             365
  0.989999354             363
  0.999999344             357
   1.00999939             352
   1.01999938             351
   1.02999938             348
   1.03999937             346
   1.04999936             343
   1.05999935             340
   1.06999934             340
   1.07999933             335
   1.08999932             329
   1.09999931             325
   1.10999930             321
   1.11999929             317
   1.12999928             316
   1.13999927             315
   1.14999926             311
   1.15999925             310
   1.16999924             310
   1.17999923             310
   1.18999922             307
   1.19999921             307
   1.20999920             304
   1.21999919             304
   1.22999918             302
   1.23999918             296
   1.24999917             294
   1.25999916             291
   1.26999915             290
   1.27999914             285
   1.28999913             282
   1.29999912             280
   1.30999911             277
   1.31999910             271
   1.32999909             270
   1.33999908             269
   1.34999907             268
   1.35999906             265
   1.36999905             263
   1.37999904             262
   1.38999903             259
   1.39999902             258
   1.40999901             254
   1.41999900             254
   1.42999899             251
   1.43999898             248
   1.44999897             242
   1.45999897             240
   1.46999896             237
   1.47999895             235
   1.48999894             232
   1.49999893             232
   1.50999892             230
   1.51999891             228
   1.52999890             228
   1.53999889             226
   1.54999888             225
   1.55999887             220
   1.56999886             217
   1.57999885             216
   1.58999884             215
   1.59999883             215
   1.60999882             208
   1.61999881             205
   1.62999880             203
   1.63999879             202
   1.64999878             200
   1.65999877             196
   1.66999876             192
   1.67999876             192
   1.68999875             191
   1.69999874             188
   1.70999873             187
   1.71999872             185
   1.72999871             184
   1.73999870             181
   1.74999869             180
   1.75999868             176
   1.76999867             174
   1.77999866             172
   1.78999865             171
   1.79999864             170
   1.80999863             168
   1.81999862             163
   1.82999861             161
   1.83999860             160
   1.84999859             158
   1.85999858             153
   1.86999857             152
   1.87999856             152
   1.88999856             150
   1.89999855             148
   1.90999854             146
   1.91999853             146
   1.92999852             144
   1.93999851             141
   1.94999850             140
   1.95999849             138
   1.96999848             137
   1.97999847             135
   1.98999846             133
   1.99999845             132
   2.00999856             131
   2.01999855             131
   2.02999854             129
   2.03999853             129
   2.04999852             128
   2.05999851             128
   2.06999850             127
   2.07999849             127
   2.08999848             126
   2.09999847             126
   2.10999846             125
   2.11999846             125
   2.12999845             123
   2.13999844             119
   2.14999843             118
   2.15999842             117
   2.16999841             115
   2.17999840             112
   2.18999839             110
   2.19999838             108
   2.20999837             106
   2.21999836             105
   2.22999835             105
   2.23999834             101
   2.24999833             101
   2.25999832             100
   2.26999831             100
   2.27999830              99
   2.28999829              97
   2.29999828              97
   2.30999827              97
   2.31999826              95
   2.32999825              94
   2.33999825              92
   2.34999824              90
   2.35999823              89
   2.36999822              88
   2.37999821              87
   2.38999820              85
   2.39999819              85
   2.40999818              85
   2.41999817              83
   2.42999816              82
   2.43999815              81
   2.44999814              81
   2.45999813              79
   2.46999812              79
   2.47999811              78
   2.48999810              78
   2.49999809              77
   2.50999808              77
   2.51999807              75
   2.52999806              73
   2.53999805              72
   2.54999804              72
   2.55999804              70
   2.56999803              68
   2.57999802              68
   2.58999801              68
   2.59999800              67
   2.60999799              66
   2.61999798              66
   2.62999797              65
   2.63999796              65
   2.64999795              65
   2.65999794              65
   2.66999793              65
   2.67999792              64
   2.68999791              63
   2.69999790              63
   2.70999789              62
   2.71999788              62
   2.72999787              62
   2.73999786              62
   2.74999785              62
   2.75999784              59
   2.76999784              59
   2.77999783              58
   2.78999782              58
   2.79999781              57
   2.80999780              57
   2.81999779              56
   2.82999778              56
   2.83999777              56
   2.84999776              55
   2.85999775              55
   2.86999774              55
   2.87999773              54
   2.88999772              54
   2.89999771              52
   2.90999770              51
   2.91999769              51
   2.92999768              51
   2.93999767              51
   2.94999766              51
   2.95999765              50
   2.96999764              50
   2.97999763              49
   2.98999763              49
   2.99999762              49
   3.00999761              49
   3.01999760              46
   3.02999759              44
   3.03999758              44
   3.04999757              44
   3.05999756              44
   3.06999755              43
   3.07999754              43
   3.08999753              43
   3.09999752              42
   3.10999751              42
   3.11999750              42
   3.12999749              41
   3.13999748              41
   3.14999747              39
   3.15999746              39
   3.16999745              37
   3.17999744              36
   3.18999743              35
   3.19999743              35
   3.20999742              35
   3.21999741              35
   3.22999740              35
   3.23999739              34
   3.24999738              34
   3.25999737              34
   3.26999736              34
   3.27999735              34
   3.28999734              34
   3.29999733              34
   3.30999732              34
   3.31999731              34
   3.32999730              34
   3.33999729              34
   3.34999728              33
   3.35999727              33
   3.36999726              32
   3.37999725              31
   3.38999724              31
   3.39999723              31
   3.40999722              29
   3.41999722              29
   3.42999721              29
   3.43999720              28
   3.44999719              27
   3.45999718              27
   3.46999717              26
   3.47999716              26
   3.48999715              26
   3.49999714              26
   3.50999713              25
   3.51999712              24
   3.52999711              24
   3.53999710              24
   3.54999709              24
   3.55999708              24
   3.56999707              24
   3.57999706              24
   3.58999705              24
   3.59999704              24
   3.60999703              23
   3.61999702              23
   3.62999701              23
   3.63999701              23
   3.64999700              23
   3.65999699              23
   3.66999698              22
   3.67999697              22
   3.68999696              22
   3.69999695              22
   3.70999694              22
   3.71999693              22
   3.72999692              22
   3.73999691              22
   3.74999690              22
   3.75999689              22
   3.76999688              22
   3.77999687              22
   3.78999686              21
   3.79999685              20
   3.80999684              20
   3.81999683              20
   3.82999682              20
   3.83999681              20
   3.84999681              20
   3.85999680              20
   3.86999679              20
   3.87999678              20
   3.88999677              20
   3.89999676              20
   3.90999675              19
   3.91999674              19
   3.92999673              19
   3.93999672              19
   3.94999671              19
   3.95999670              19
   3.96999669              19
   3.97999668              19
   3.98999667              18
   3.99999666              17
   4.00999689              16
   4.01999712              15
   4.02999735              15
   4.03999758              15
   4.04999781              15
   4.05999804              15
   4.06999826              15
   4.07999849              14
   4.08999872              14
   4.09999895              14
   4.10999918              14
   4.11999941              14
   4.12999964              14
   4.13999987              14
   4.15000010              14
   4.16000032              14
   4.17000055              13
   4.18000078              12
   4.19000101              12
   4.20000124              12
   4.21000147              12
   4.22000170              12
   4.23000193              12
   4.24000216              12
   4.25000238              12
   4.26000261              12
   4.27000284              12
   4.28000307              12
   4.29000330              12
   4.30000353              11
   4.31000376              11
   4.32000399              11
   4.33000422              11
   4.34000444              11
   4.35000467              11
   4.36000490              11
   4.37000513              11
   4.38000536              11
   4.39000559              11
   4.40000582              11
   4.41000605              11
   4.42000628              11
   4.43000650              11
   4.44000673              11
   4.45000696              11
   4.46000719              11
   4.47000742              11
   4.48000765              11
   4.49000788              11
   4.50000811              11
   4.51000834              11
   4.52000856              11
   4.53000879              11
   4.54000902              11
   4.55000925              11
   4.56000948              11
   4.57000971              10
   4.58000994              10
   4.59001017              10
   4.60001040              10
   4.61001062              10
   4.62001085              10
   4.63001108              10
   4.64001131              10
   4.65001154              10
   4.66001177               9
   4.67001200               9
   4.68001223               9
   4.69001245               9
   4.70001268               9
   4.71001291               8
   4.72001314               8
   4.73001337               8
   4.74001360               8
   4.75001383               8
   4.76001406               8
   4.77001429               8
   4.78001451               8
   4.79001474               8
   4.80001497               8
   4.81001520               8
   4.82001543               8
   4.83001566               8
   4.84001589               8
   4.85001612               8
   4.86001635               8
   4.87001657               8
   4.88001680               8
   4.89001703               8
   4.90001726               8
   4.91001749               8
   4.92001772               8
   4.93001795               8
   4.94001818               8
   4.95001841               8
   4.96001863               8
   4.97001886               8
   4.98001909               7
   4.99001932               7
   5.00001955               7
   5.01001978               7
   5.02002001               6
   5.03002024               6
   5.04002047               6
   5.05002069               6
   5.06002092               6
   5.07002115               6
   5.08002138               6
   5.09002161               6
   5.10002184               6
   5.11002207               6
   5.12002230               6
   5.13002253               6
   5.14002275               6
   5.15002298               6
   5.16002321               5
   5.17002344               4
   5.18002367               4
   5.19002390               4
   5.20002413               4
   5.21002436               4
   5.22002459               4
   5.23002481               4
   5.24002504               4
   5.25002527               4
   5.26002550               4
   5.27002573               4
   5.28002596               4
   5.29002619               4
   5.30002642               4
   5.31002665               4
   5.32002687               4
   5.33002710               4
   5.34002733               4
   5.35002756               4
   5.36002779               4
   5.37002802               4
   5.38002825               4
   5.39002848               4
   5.40002871               4
   5.41002893               4
   5.42002916               4
   5.43002939               4
   5.44002962               4
   5.45002985               4
   5.46003008               3
   5.47003031               3
   5.48003054               3
   5.49003077               3
   5.50003099               3
   5.51003122               3
   5.52003145               3
   5.53003168               3
   5.54003191               3
   5.55003214               3
   5.56003237               3
   5.57003260               3
   5.58003283               3
   5.59003305               3
   5.60003328               3
   5.61003351               3
   5.62003374               3
   5.63003397               3
   5.64003420               3
   5.65003443               3
   5.66003466               3
   5.67003489               3
   5.68003511               3
   5.69003534               3
   5.70003557               3
   5.71003580               3
   5.72003603               3
   5.73003626               3
   5.74003649               3
   5.75003672               3
   5.76003695               3
   5.77003717               3
   5.78003740               3
   5.79003763               3
   5.80003786               3
   5.81003809               3
   5.82003832               3
   5.83003855               3
   5.84003878               3
   5.85003901               3
   5.86003923               3
   5.87003946               3
   5.88003969               3
   5.89003992               3
   5.90004015               3
   5.91004038               3
   5.92004061               3
   5.93004084               3
   5.94004107               3
   5.95004129               3
   5.96004152               3
   5.97004175               3
   5.98004198               3
   5.99004221               2
   6.00004244               2
   6.01004267               2
   6.02004290               2
   6.03004313               1
   6.04004335               1
   6.05004358               1
   6.06004381               1
   6.07004404               1
   6.08004427               1
   6.09004450               1
   6.10004473               1
   6.11004496               1
   6.12004519               1
   6.13004541               1
   6.14004564               1
   6.15004587               1
   6.16004610               1
   6.17004633               1
   6.18004656               1
   6.19004679               1
   6.20004702               1
   6.21004725               1
   6.22004747               1
   6.23004770               1
   6.24004793               1
   6.25004816               1
   6.26004839               1
   6.27004862               1
   6.28004885               1
   6.29004908               1
   6.30004930               1
   6.31004953               1
   6.32004976               1
   6.33004999               1
   6.34005022               1
   6.35005045               1
   6.36005068               1
   6.37005091               1
   6.38005114               1
   6.39005136               1
   6.40005159               1
   6.41005182               1
   6.42005205               1
   6.43005228               1
   6.44005251               1
   6.45005274               1
   6.46005297               1
   6.47005320               1
   6.48005342               1
   6.49005365               1
   6.50005388               1
   6.51005411               1
   6.52005434               1
   6.53005457               1
   6.54005480               1
   6.55005503               1
   6.56005526               1
   6.57005548               1
   6.58005571               1
   6.59005594               1
   6.60005617               1
   6.61005640               1
   6.62005663               1
   6.63005686               1
   6.64005709               1
   6.65005732               1
   6.66005754               1
   6.67005777               1
   6.68005800               1
   6.69005823               1
   6.70005846               1
   6.71005869               1
   6.72005892               1
   6.73005915               1
   6.74005938               1
   6.75005960               1
   6.76005983               1
   6.77006006               1
   6.78006029               1
   6.79006052               1
   6.80006075               1
   6.81006098               1
   6.82006121               1
   6.83006144               1
   6.84006166               1
   6.85006189               1
   6.86006212               1
   6.87006235               1
   6.88006258               1
   6.89006281               1
   6.90006304               1
   6.91006327               1
   6.92006350               1
   6.93006372               1
   6.94006395               1
   6.95006418               1
   6.96006441               1
   6.97006464               1
   6.98006487               1
   6.99006510               1
   7.00006533               1
   7.01006556               1
   7.02006578               1
   7.03006601               1
   7.04006624               1
   7.05006647               1
   7.06006670               1
   7.07006693               1
   7.08006716               1
   7.09006739               1
   7.10006762               1
   7.11006784               1
   7.12006807               1
   7.13006830               1
   7.14006853               1
   7.15006876               1
   7.16006899               1
   7.17006922               1
   7.18006945               1
   7.19006968               1
   7.20006990               1
   7.21007013               1
   7.22007036               1
   7.23007059               1
   7.24007082               1
   7.25007105               1
   7.26007128               1
   7.27007151               1
   7.28007174               1
   7.29007196               1
   7.30007219               1
   7.31007242               1
   7.32007265               1
   7.33007288               1
   7.34007311               1
   7.35007334               1
   7.36007357               1
   7.37007380               1
   7.38007402               1
   7.39007425               1
   7.40007448               1
   7.41007471               1
   7.42007494               1
   7.43007517               1
   7.44007540               1
   7.45007563               1
   7.46007586               1
   7.47007608               1
   7.48007631               1
   7.49007654               1
   7.50007677               1
   7.51007700               1
   7.52007723               1
   7.53007746               1
   7.54007769               1
   7.55007792               1
   7.56007814               1
   7.57007837               1
   7.58007860               1
   7.59007883               1
   7.60007906               1
   7.61007929               1
   7.62007952               1
   7.63007975               1
   7.64007998               1
   7.65008020               1
   7.66008043               1
   7.67008066               1
   7.68008089               1
   7.69008112               1
   7.70008135               1
   7.71008158               1
   7.72008181               1
   7.73008204               1
   7.74008226               1
   7.75008249               1
   7.76008272               1
   7.77008295               1
   7.78008318               1
   7.79008341               1
   7.80008364               1
   7.81008387               1
   7.82008410               0
   7.83008432               0
   7.84008455               0
   7.85008478               0
   7.86008501               0
   7.87008524               0
   7.88008547               0
   7.89008570               0
   7.90008593               0
   7.91008615               0
   7.92008638               0
   7.93008661               0
   7.94008684               0
   7.95008707               0
   7.96008730               0
   7.97008753               0
   7.98008776               0
   7.99008799               0
   8.00008774               0
