   0.00000000             992
   9.99999978E-03         984
   1.99999996E-02         979
   2.99999993E-02         966
   3.99999991E-02         955
   4.99999970E-02         939
   5.99999949E-02         932
   6.99999928E-02         924
   7.99999908E-02         915
   8.99999887E-02         900
   9.99999866E-02         894
  0.109999985             887
  0.119999982             879
  0.129999980             873
  0.139999986             861
  0.149999991             854
  0.159999996             848
  0.170000002             840
  0.180000007             833
  0.190000013             827
  0.200000018             818
  0.210000023             809
  0.220000029             802
  0.230000034             794
  0.240000039             785
  0.250000030             774
  0.260000020             767
  0.270000011             757
  0.280000001             752
  0.289999992             746
  0.299999982             738
  0.309999973             734
  0.319999963             726
  0.329999954             719
  0.339999944             715
  0.349999934             714
  0.359999925             708
  0.369999915             700
  0.379999906             695
  0.389999896             690
  0.399999887             683
  0.409999877             677
  0.419999868             673
  0.429999858             664
  0.439999849             658
  0.449999839             649
  0.459999830             643
  0.469999820             637
  0.479999810             632
  0.489999801             627
  0.499999791             620
  0.509999812             616
  0.519999802             607
  0.529999793             603
  0.539999783             598
  0.549999774             591
  0.559999764             586
  0.569999754             580
  0.579999745             577
  0.589999735             571
  0.599999726             569
  0.609999716             564
  0.619999707             560
  0.629999697             554
  0.639999688             547
  0.649999678             542
  0.659999669             538
  0.669999659             534
  0.679999650             534
  0.689999640             532
  0.699999630             528
  0.709999621             524
  0.719999611             519
  0.729999602             515
  0.739999592             510
  0.749999583             505
  0.759999573             498
  0.769999564             494
  0.779999554             490
  0.789999545             485
  0.799999535             481
  0.809999526             476
  0.819999516             474
  0.829999506             468
  0.839999497             466
  0.849999487             465
  0.859999478             459
  0.869999468             456
  0.879999459             450
  0.889999449             447
  0.899999440             444
  0.909999430             441
  0.919999421             433
  0.929999411             424
  0.939999402             419
  0.949999392             416
  0.959999382             412
  0.969999373             408
  0.979999363             402
  0.989999354             396
  0.999999344             391
   1.00999939             386
   1.01999938             381
   1.02999938             375
   1.03999937             372
   1.04999936             368
   1.05999935             365
   1.06999934             362
   1.07999933             358
   1.08999932             356
   1.09999931             353
   1.10999930             351
   1.11999929             348
   1.12999928             346
   1.13999927             343
   1.14999926             339
   1.15999925             335
   1.16999924             332
   1.17999923             330
   1.18999922             327
   1.19999921             326
   1.20999920             323
   1.21999919             320
   1.22999918             318
   1.23999918             314
   1.24999917             313
   1.25999916             310
   1.26999915             306
   1.27999914             302
   1.28999913             299
   1.29999912             299
   1.30999911             297
   1.31999910             295
   1.32999909             295
   1.33999908             294
   1.34999907             288
   1.35999906             286
   1.36999905             282
   1.37999904             279
   1.38999903             276
   1.39999902             272
   1.40999901             270
   1.41999900             268
   1.42999899             268
   1.43999898             263
   1.44999897             259
   1.45999897             257
   1.46999896             254
   1.47999895             252
   1.48999894             250
   1.49999893             248
   1.50999892             242
   1.51999891             242
   1.52999890             240
   1.53999889             236
   1.54999888             233
   1.55999887             229
   1.56999886             223
   1.57999885             221
   1.58999884             220
   1.59999883             216
   1.60999882             214
   1.61999881             211
   1.62999880             210
   1.63999879             209
   1.64999878             205
   1.65999877             205
   1.66999876             203
   1.67999876             201
   1.68999875             199
   1.69999874             196
   1.70999873             194
   1.71999872             194
   1.72999871             193
   1.73999870             193
   1.74999869             191
   1.75999868             190
   1.76999867             187
   1.77999866             187
   1.78999865             181
   1.79999864             180
   1.80999863             179
   1.81999862             178
   1.82999861             178
   1.83999860             176
   1.84999859             176
   1.85999858             175
   1.86999857             175
   1.87999856             173
   1.88999856             172
   1.89999855             172
   1.90999854             170
   1.91999853             169
   1.92999852             169
   1.93999851             169
   1.94999850             168
   1.95999849             164
   1.96999848             162
   1.97999847             160
   1.98999846             160
   1.99999845             158
   2.00999856             155
   2.01999855             152
   2.02999854             149
   2.03999853             147
   2.04999852             144
   2.05999851             142
   2.06999850             141
   2.07999849             140
   2.08999848             138
   2.09999847             135
   2.10999846             133
   2.11999846             129
   2.12999845             129
   2.13999844             129
   2.14999843             127
   2.15999842             127
   2.16999841             124
   2.17999840             122
   2.18999839             120
   2.19999838             119
   2.20999837             119
   2.21999836             118
   2.22999835             117
   2.23999834             114
   2.24999833             112
   2.25999832             112
   2.26999831             111
   2.27999830             109
   2.28999829             107
   2.29999828             106
   2.30999827             106
   2.31999826             106
   2.32999825             106
   2.33999825             106
   2.34999824             105
   2.35999823             104
   2.36999822             104
   2.37999821             102
   2.38999820             101
   2.39999819              99
   2.40999818              98
   2.41999817              98
   2.42999816              97
   2.43999815              95
   2.44999814              93
   2.45999813              92
   2.46999812              91
   2.47999811              91
   2.48999810              91
   2.49999809              90
   2.50999808              89
   2.51999807              88
   2.52999806              87
   2.53999805              86
   2.54999804              86
   2.55999804              86
   2.56999803              85
   2.57999802              85
   2.58999801              84
   2.59999800              82
   2.60999799              79
   2.61999798              77
   2.62999797              76
   2.63999796              76
   2.64999795              75
   2.65999794              75
   2.66999793              74
   2.67999792              73
   2.68999791              72
   2.69999790              71
   2.70999789              71
   2.71999788              71
   2.72999787              69
   2.73999786              69
   2.74999785              68
   2.75999784              68
   2.76999784              68
   2.77999783              67
   2.78999782              66
   2.79999781              66
   2.80999780              66
   2.81999779              65
   2.82999778              64
   2.83999777              63
   2.84999776              62
   2.85999775              62
   2.86999774              62
   2.87999773              61
   2.88999772              61
   2.89999771              61
   2.90999770              60
   2.91999769              59
   2.92999768              59
   2.93999767              59
   2.94999766              58
   2.95999765              56
   2.96999764              55
   2.97999763              55
   2.98999763              54
   2.99999762              54
   3.00999761              53
   3.01999760              53
   3.02999759              53
   3.03999758              52
   3.04999757              51
   3.05999756              51
   3.06999755              51
   3.07999754              50
   3.08999753              49
   3.09999752              49
   3.10999751              47
   3.11999750              47
   3.12999749              47
   3.13999748              45
   3.14999747              45
   3.15999746              44
   3.16999745              43
   3.17999744              43
   3.18999743              43
   3.19999743              42
   3.20999742              41
   3.21999741              40
   3.22999740              40
   3.23999739              40
   3.24999738              40
   3.25999737              40
   3.26999736              40
   3.27999735              39
   3.28999734              37
   3.29999733              35
   3.30999732              35
   3.31999731              35
   3.32999730              34
   3.33999729              33
   3.34999728              33
   3.35999727              33
   3.36999726              33
   3.37999725              33
   3.38999724              33
   3.39999723              32
   3.40999722              32
   3.41999722              31
   3.42999721              31
   3.43999720              31
   3.44999719              31
   3.45999718              31
   3.46999717              30
   3.47999716              30
   3.48999715              28
   3.49999714              28
   3.50999713              27
   3.51999712              26
   3.52999711              26
   3.53999710              26
   3.54999709              26
   3.55999708              26
   3.56999707              26
   3.57999706              26
   3.58999705              26
   3.59999704              26
   3.60999703              25
   3.61999702              25
   3.62999701              25
   3.63999701              25
   3.64999700              25
   3.65999699              23
   3.66999698              23
   3.67999697              23
   3.68999696              23
   3.69999695              23
   3.70999694              23
   3.71999693              23
   3.72999692              23
   3.73999691              23
   3.74999690              22
   3.75999689              21
   3.76999688              20
   3.77999687              20
   3.78999686              20
   3.79999685              20
   3.80999684              20
   3.81999683              19
   3.82999682              19
   3.83999681              19
   3.84999681              19
   3.85999680              19
   3.86999679              19
   3.87999678              18
   3.88999677              17
   3.89999676              17
   3.90999675              17
   3.91999674              17
   3.92999673              17
   3.93999672              17
   3.94999671              17
   3.95999670              17
   3.96999669              16
   3.97999668              16
   3.98999667              16
   3.99999666              16
   4.00999689              16
   4.01999712              16
   4.02999735              16
   4.03999758              16
   4.04999781              16
   4.05999804              16
   4.06999826              16
   4.07999849              16
   4.08999872              15
   4.09999895              15
   4.10999918              15
   4.11999941              15
   4.12999964              15
   4.13999987              14
   4.15000010              14
   4.16000032              14
   4.17000055              14
   4.18000078              14
   4.19000101              14
   4.20000124              13
   4.21000147              13
   4.22000170              13
   4.23000193              13
   4.24000216              13
   4.25000238              13
   4.26000261              12
   4.27000284              12
   4.28000307              12
   4.29000330              12
   4.30000353              11
   4.31000376              11
   4.32000399              11
   4.33000422              11
   4.34000444              11
   4.35000467              11
   4.36000490              11
   4.37000513              11
   4.38000536              11
   4.39000559              11
   4.40000582              11
   4.41000605              11
   4.42000628              11
   4.43000650              11
   4.44000673              11
   4.45000696              11
   4.46000719              11
   4.47000742              11
   4.48000765              11
   4.49000788              11
   4.50000811              11
   4.51000834              11
   4.52000856              11
   4.53000879              11
   4.54000902              11
   4.55000925              11
   4.56000948              10
   4.57000971              10
   4.58000994              10
   4.59001017              10
   4.60001040              10
   4.61001062              10
   4.62001085              10
   4.63001108              10
   4.64001131              10
   4.65001154              10
   4.66001177              10
   4.67001200              10
   4.68001223              10
   4.69001245              10
   4.70001268              10
   4.71001291              10
   4.72001314              10
   4.73001337              10
   4.74001360              10
   4.75001383              10
   4.76001406              10
   4.77001429              10
   4.78001451              10
   4.79001474              10
   4.80001497              10
   4.81001520              10
   4.82001543              10
   4.83001566              10
   4.84001589              10
   4.85001612              10
   4.86001635              10
   4.87001657              10
   4.88001680              10
   4.89001703              10
   4.90001726              10
   4.91001749              10
   4.92001772              10
   4.93001795              10
   4.94001818              10
   4.95001841              10
   4.96001863               9
   4.97001886               9
   4.98001909               8
   4.99001932               8
   5.00001955               8
   5.01001978               8
   5.02002001               8
   5.03002024               8
   5.04002047               8
   5.05002069               7
   5.06002092               7
   5.07002115               7
   5.08002138               7
   5.09002161               7
   5.10002184               7
   5.11002207               7
   5.12002230               7
   5.13002253               7
   5.14002275               7
   5.15002298               7
   5.16002321               7
   5.17002344               7
   5.18002367               7
   5.19002390               7
   5.20002413               7
   5.21002436               7
   5.22002459               7
   5.23002481               6
   5.24002504               6
   5.25002527               6
   5.26002550               6
   5.27002573               6
   5.28002596               6
   5.29002619               6
   5.30002642               6
   5.31002665               6
   5.32002687               6
   5.33002710               5
   5.34002733               4
   5.35002756               4
   5.36002779               4
   5.37002802               4
   5.38002825               4
   5.39002848               4
   5.40002871               4
   5.41002893               4
   5.42002916               4
   5.43002939               4
   5.44002962               4
   5.45002985               4
   5.46003008               4
   5.47003031               4
   5.48003054               4
   5.49003077               4
   5.50003099               4
   5.51003122               4
   5.52003145               4
   5.53003168               4
   5.54003191               4
   5.55003214               4
   5.56003237               4
   5.57003260               4
   5.58003283               4
   5.59003305               4
   5.60003328               4
   5.61003351               4
   5.62003374               4
   5.63003397               4
   5.64003420               4
   5.65003443               4
   5.66003466               4
   5.67003489               4
   5.68003511               4
   5.69003534               4
   5.70003557               4
   5.71003580               4
   5.72003603               3
   5.73003626               3
   5.74003649               3
   5.75003672               3
   5.76003695               3
   5.77003717               3
   5.78003740               3
   5.79003763               3
   5.80003786               3
   5.81003809               3
   5.82003832               3
   5.83003855               3
   5.84003878               3
   5.85003901               3
   5.86003923               3
   5.87003946               3
   5.88003969               3
   5.89003992               3
   5.90004015               3
   5.91004038               3
   5.92004061               3
   5.93004084               3
   5.94004107               3
   5.95004129               3
   5.96004152               3
   5.97004175               2
   5.98004198               2
   5.99004221               2
   6.00004244               2
   6.01004267               2
   6.02004290               2
   6.03004313               2
   6.04004335               2
   6.05004358               1
   6.06004381               1
   6.07004404               1
   6.08004427               1
   6.09004450               1
   6.10004473               1
   6.11004496               1
   6.12004519               1
   6.13004541               1
   6.14004564               1
   6.15004587               1
   6.16004610               1
   6.17004633               1
   6.18004656               1
   6.19004679               1
   6.20004702               1
   6.21004725               1
   6.22004747               1
   6.23004770               1
   6.24004793               1
   6.25004816               1
   6.26004839               1
   6.27004862               1
   6.28004885               1
   6.29004908               1
   6.30004930               1
   6.31004953               1
   6.32004976               1
   6.33004999               1
   6.34005022               1
   6.35005045               1
   6.36005068               1
   6.37005091               1
   6.38005114               1
   6.39005136               1
   6.40005159               1
   6.41005182               1
   6.42005205               1
   6.43005228               1
   6.44005251               1
   6.45005274               1
   6.46005297               1
   6.47005320               1
   6.48005342               1
   6.49005365               1
   6.50005388               1
   6.51005411               1
   6.52005434               1
   6.53005457               1
   6.54005480               1
   6.55005503               1
   6.56005526               1
   6.57005548               1
   6.58005571               1
   6.59005594               1
   6.60005617               1
   6.61005640               1
   6.62005663               1
   6.63005686               1
   6.64005709               1
   6.65005732               1
   6.66005754               1
   6.67005777               1
   6.68005800               1
   6.69005823               1
   6.70005846               1
   6.71005869               1
   6.72005892               1
   6.73005915               1
   6.74005938               1
   6.75005960               1
   6.76005983               1
   6.77006006               1
   6.78006029               1
   6.79006052               1
   6.80006075               1
   6.81006098               1
   6.82006121               1
   6.83006144               1
   6.84006166               1
   6.85006189               1
   6.86006212               1
   6.87006235               1
   6.88006258               1
   6.89006281               1
   6.90006304               1
   6.91006327               1
   6.92006350               1
   6.93006372               1
   6.94006395               0
   6.95006418               0
   6.96006441               0
   6.97006464               0
   6.98006487               0
   6.99006510               0
   7.00006533               0
   7.01006556               0
   7.02006578               0
   7.03006601               0
   7.04006624               0
   7.05006647               0
   7.06006670               0
   7.07006693               0
   7.08006716               0
   7.09006739               0
   7.10006762               0
   7.11006784               0
   7.12006807               0
   7.13006830               0
   7.14006853               0
   7.15006876               0
   7.16006899               0
   7.17006922               0
   7.18006945               0
   7.19006968               0
   7.20006990               0
   7.21007013               0
   7.22007036               0
   7.23007059               0
   7.24007082               0
   7.25007105               0
   7.26007128               0
   7.27007151               0
   7.28007174               0
   7.29007196               0
   7.30007219               0
   7.31007242               0
   7.32007265               0
   7.33007288               0
   7.34007311               0
   7.35007334               0
   7.36007357               0
   7.37007380               0
   7.38007402               0
   7.39007425               0
   7.40007448               0
   7.41007471               0
   7.42007494               0
   7.43007517               0
   7.44007540               0
   7.45007563               0
   7.46007586               0
   7.47007608               0
   7.48007631               0
   7.49007654               0
   7.50007677               0
   7.51007700               0
   7.52007723               0
   7.53007746               0
   7.54007769               0
   7.55007792               0
   7.56007814               0
   7.57007837               0
   7.58007860               0
   7.59007883               0
   7.60007906               0
   7.61007929               0
   7.62007952               0
   7.63007975               0
   7.64007998               0
   7.65008020               0
   7.66008043               0
   7.67008066               0
   7.68008089               0
   7.69008112               0
   7.70008135               0
   7.71008158               0
   7.72008181               0
   7.73008204               0
   7.74008226               0
   7.75008249               0
   7.76008272               0
   7.77008295               0
   7.78008318               0
   7.79008341               0
   7.80008364               0
   7.81008387               0
   7.82008410               0
   7.83008432               0
   7.84008455               0
   7.85008478               0
   7.86008501               0
   7.87008524               0
   7.88008547               0
   7.89008570               0
   7.90008593               0
   7.91008615               0
   7.92008638               0
   7.93008661               0
   7.94008684               0
   7.95008707               0
   7.96008730               0
   7.97008753               0
   7.98008776               0
   7.99008799               0
   8.00008774               0
