   0.00000000             992
   9.99999978E-03         989
   1.99999996E-02         978
   2.99999993E-02         972
   3.99999991E-02         958
   4.99999970E-02         947
   5.99999949E-02         935
   6.99999928E-02         929
   7.99999908E-02         923
   8.99999887E-02         905
   9.99999866E-02         898
  0.109999985             887
  0.119999982             872
  0.129999980             861
  0.139999986             851
  0.149999991             838
  0.159999996             832
  0.170000002             826
  0.180000007             820
  0.190000013             815
  0.200000018             801
  0.210000023             790
  0.220000029             780
  0.230000034             762
  0.240000039             758
  0.250000030             751
  0.260000020             746
  0.270000011             738
  0.280000001             731
  0.289999992             724
  0.299999982             713
  0.309999973             705
  0.319999963             697
  0.329999954             688
  0.339999944             685
  0.349999934             678
  0.359999925             674
  0.369999915             664
  0.379999906             660
  0.389999896             654
  0.399999887             645
  0.409999877             635
  0.419999868             629
  0.429999858             621
  0.439999849             618
  0.449999839             610
  0.459999830             605
  0.469999820             599
  0.479999810             592
  0.489999801             589
  0.499999791             582
  0.509999812             577
  0.519999802             574
  0.529999793             569
  0.539999783             566
  0.549999774             563
  0.559999764             557
  0.569999754             553
  0.579999745             543
  0.589999735             537
  0.599999726             533
  0.609999716             529
  0.619999707             521
  0.629999697             514
  0.639999688             511
  0.649999678             506
  0.659999669             502
  0.669999659             496
  0.679999650             486
  0.689999640             479
  0.699999630             479
  0.709999621             475
  0.719999611             471
  0.729999602             467
  0.739999592             461
  0.749999583             459
  0.759999573             455
  0.769999564             452
  0.779999554             451
  0.789999545             444
  0.799999535             440
  0.809999526             436
  0.819999516             432
  0.829999506             425
  0.839999497             423
  0.849999487             420
  0.859999478             418
  0.869999468             415
  0.879999459             409
  0.889999449             404
  0.899999440             398
  0.909999430             395
  0.919999421             394
  0.929999411             389
  0.939999402             382
  0.949999392             380
  0.959999382             377
  0.969999373             375
  0.979999363             371
  0.989999354             368
  0.999999344             366
   1.00999939             365
   1.01999938             364
   1.02999938             361
   1.03999937             358
   1.04999936             352
   1.05999935             347
   1.06999934             343
   1.07999933             338
   1.08999932             334
   1.09999931             330
   1.10999930             326
   1.11999929             324
   1.12999928             320
   1.13999927             315
   1.14999926             311
   1.15999925             307
   1.16999924             306
   1.17999923             301
   1.18999922             300
   1.19999921             300
   1.20999920             298
   1.21999919             296
   1.22999918             295
   1.23999918             293
   1.24999917             291
   1.25999916             285
   1.26999915             285
   1.27999914             281
   1.28999913             276
   1.29999912             275
   1.30999911             272
   1.31999910             271
   1.32999909             269
   1.33999908             266
   1.34999907             264
   1.35999906             261
   1.36999905             259
   1.37999904             256
   1.38999903             255
   1.39999902             251
   1.40999901             246
   1.41999900             244
   1.42999899             243
   1.43999898             241
   1.44999897             240
   1.45999897             236
   1.46999896             233
   1.47999895             228
   1.48999894             226
   1.49999893             222
   1.50999892             221
   1.51999891             216
   1.52999890             215
   1.53999889             211
   1.54999888             208
   1.55999887             205
   1.56999886             203
   1.57999885             202
   1.58999884             199
   1.59999883             197
   1.60999882             195
   1.61999881             194
   1.62999880             192
   1.63999879             191
   1.64999878             189
   1.65999877             187
   1.66999876             185
   1.67999876             184
   1.68999875             181
   1.69999874             179
   1.70999873             177
   1.71999872             177
   1.72999871             176
   1.73999870             173
   1.74999869             173
   1.75999868             171
   1.76999867             169
   1.77999866             169
   1.78999865             167
   1.79999864             166
   1.80999863             162
   1.81999862             162
   1.82999861             162
   1.83999860             160
   1.84999859             158
   1.85999858             156
   1.86999857             155
   1.87999856             150
   1.88999856             149
   1.89999855             148
   1.90999854             147
   1.91999853             145
   1.92999852             142
   1.93999851             141
   1.94999850             139
   1.95999849             139
   1.96999848             139
   1.97999847             138
   1.98999846             138
   1.99999845             137
   2.00999856             135
   2.01999855             134
   2.02999854             131
   2.03999853             130
   2.04999852             128
   2.05999851             125
   2.06999850             125
   2.07999849             125
   2.08999848             124
   2.09999847             121
   2.10999846             120
   2.11999846             120
   2.12999845             120
   2.13999844             120
   2.14999843             117
   2.15999842             117
   2.16999841             115
   2.17999840             114
   2.18999839             114
   2.19999838             112
   2.20999837             111
   2.21999836             109
   2.22999835             109
   2.23999834             107
   2.24999833             106
   2.25999832             106
   2.26999831             106
   2.27999830             105
   2.28999829             102
   2.29999828             100
   2.30999827              99
   2.31999826              98
   2.32999825              97
   2.33999825              96
   2.34999824              93
   2.35999823              93
   2.36999822              93
   2.37999821              93
   2.38999820              92
   2.39999819              91
   2.40999818              91
   2.41999817              88
   2.42999816              87
   2.43999815              85
   2.44999814              85
   2.45999813              85
   2.46999812              85
   2.47999811              83
   2.48999810              82
   2.49999809              80
   2.50999808              79
   2.51999807              77
   2.52999806              77
   2.53999805              75
   2.54999804              74
   2.55999804              74
   2.56999803              73
   2.57999802              73
   2.58999801              72
   2.59999800              72
   2.60999799              71
   2.61999798              71
   2.62999797              69
   2.63999796              69
   2.64999795              67
   2.65999794              65
   2.66999793              64
   2.67999792              64
   2.68999791              64
   2.69999790              64
   2.70999789              64
   2.71999788              64
   2.72999787              63
   2.73999786              62
   2.74999785              62
   2.75999784              62
   2.76999784              62
   2.77999783              60
   2.78999782              60
   2.79999781              60
   2.80999780              59
   2.81999779              58
   2.82999778              57
   2.83999777              57
   2.84999776              57
   2.85999775              57
   2.86999774              56
   2.87999773              56
   2.88999772              56
   2.89999771              56
   2.90999770              55
   2.91999769              55
   2.92999768              55
   2.93999767              55
   2.94999766              54
   2.95999765              53
   2.96999764              52
   2.97999763              52
   2.98999763              52
   2.99999762              52
   3.00999761              52
   3.01999760              52
   3.02999759              49
   3.03999758              48
   3.04999757              48
   3.05999756              47
   3.06999755              47
   3.07999754              47
   3.08999753              46
   3.09999752              46
   3.10999751              45
   3.11999750              45
   3.12999749              44
   3.13999748              44
   3.14999747              44
   3.15999746              44
   3.16999745              44
   3.17999744              43
   3.18999743              43
   3.19999743              43
   3.20999742              42
   3.21999741              42
   3.22999740              42
   3.23999739              41
   3.24999738              40
   3.25999737              40
   3.26999736              40
   3.27999735              40
   3.28999734              40
   3.29999733              40
   3.30999732              40
   3.31999731              40
   3.32999730              40
   3.33999729              40
   3.34999728              39
   3.35999727              38
   3.36999726              38
   3.37999725              38
   3.38999724              37
   3.39999723              37
   3.40999722              36
   3.41999722              36
   3.42999721              35
   3.43999720              35
   3.44999719              35
   3.45999718              35
   3.46999717              35
   3.47999716              35
   3.48999715              33
   3.49999714              33
   3.50999713              33
   3.51999712              30
   3.52999711              29
   3.53999710              28
   3.54999709              28
   3.55999708              27
   3.56999707              27
   3.57999706              27
   3.58999705              27
   3.59999704              27
   3.60999703              27
   3.61999702              27
   3.62999701              27
   3.63999701              27
   3.64999700              26
   3.65999699              26
   3.66999698              26
   3.67999697              25
   3.68999696              25
   3.69999695              25
   3.70999694              25
   3.71999693              25
   3.72999692              25
   3.73999691              25
   3.74999690              25
   3.75999689              25
   3.76999688              25
   3.77999687              25
   3.78999686              25
   3.79999685              25
   3.80999684              25
   3.81999683              25
   3.82999682              25
   3.83999681              24
   3.84999681              24
   3.85999680              23
   3.86999679              23
   3.87999678              23
   3.88999677              23
   3.89999676              23
   3.90999675              22
   3.91999674              22
   3.92999673              22
   3.93999672              21
   3.94999671              21
   3.95999670              21
   3.96999669              21
   3.97999668              21
   3.98999667              21
   3.99999666              21
   4.00999689              21
   4.01999712              21
   4.02999735              21
   4.03999758              20
   4.04999781              19
   4.05999804              18
   4.06999826              18
   4.07999849              16
   4.08999872              16
   4.09999895              16
   4.10999918              16
   4.11999941              16
   4.12999964              15
   4.13999987              14
   4.15000010              14
   4.16000032              14
   4.17000055              13
   4.18000078              13
   4.19000101              13
   4.20000124              12
   4.21000147              12
   4.22000170              12
   4.23000193              12
   4.24000216              12
   4.25000238              12
   4.26000261              12
   4.27000284              12
   4.28000307              12
   4.29000330              12
   4.30000353              12
   4.31000376              12
   4.32000399              12
   4.33000422              12
   4.34000444              12
   4.35000467              12
   4.36000490              12
   4.37000513              12
   4.38000536              12
   4.39000559              12
   4.40000582              12
   4.41000605              11
   4.42000628              10
   4.43000650              10
   4.44000673              10
   4.45000696               9
   4.46000719               9
   4.47000742               9
   4.48000765               9
   4.49000788               9
   4.50000811               9
   4.51000834               9
   4.52000856               8
   4.53000879               7
   4.54000902               6
   4.55000925               6
   4.56000948               6
   4.57000971               6
   4.58000994               6
   4.59001017               6
   4.60001040               6
   4.61001062               6
   4.62001085               6
   4.63001108               6
   4.64001131               6
   4.65001154               6
   4.66001177               6
   4.67001200               4
   4.68001223               3
   4.69001245               3
   4.70001268               3
   4.71001291               3
   4.72001314               3
   4.73001337               3
   4.74001360               3
   4.75001383               3
   4.76001406               3
   4.77001429               3
   4.78001451               3
   4.79001474               3
   4.80001497               3
   4.81001520               3
   4.82001543               3
   4.83001566               3
   4.84001589               3
   4.85001612               3
   4.86001635               3
   4.87001657               3
   4.88001680               3
   4.89001703               3
   4.90001726               3
   4.91001749               3
   4.92001772               3
   4.93001795               3
   4.94001818               3
   4.95001841               3
   4.96001863               3
   4.97001886               3
   4.98001909               3
   4.99001932               3
   5.00001955               3
   5.01001978               3
   5.02002001               2
   5.03002024               2
   5.04002047               2
   5.05002069               2
   5.06002092               2
   5.07002115               2
   5.08002138               2
   5.09002161               2
   5.10002184               2
   5.11002207               2
   5.12002230               2
   5.13002253               2
   5.14002275               2
   5.15002298               2
   5.16002321               2
   5.17002344               2
   5.18002367               2
   5.19002390               2
   5.20002413               2
   5.21002436               2
   5.22002459               2
   5.23002481               2
   5.24002504               2
   5.25002527               2
   5.26002550               2
   5.27002573               2
   5.28002596               2
   5.29002619               2
   5.30002642               2
   5.31002665               2
   5.32002687               2
   5.33002710               2
   5.34002733               2
   5.35002756               2
   5.36002779               2
   5.37002802               2
   5.38002825               2
   5.39002848               2
   5.40002871               2
   5.41002893               2
   5.42002916               2
   5.43002939               2
   5.44002962               2
   5.45002985               2
   5.46003008               2
   5.47003031               2
   5.48003054               2
   5.49003077               2
   5.50003099               2
   5.51003122               2
   5.52003145               2
   5.53003168               2
   5.54003191               2
   5.55003214               1
   5.56003237               1
   5.57003260               1
   5.58003283               1
   5.59003305               1
   5.60003328               1
   5.61003351               1
   5.62003374               1
   5.63003397               1
   5.64003420               1
   5.65003443               1
   5.66003466               1
   5.67003489               1
   5.68003511               1
   5.69003534               1
   5.70003557               1
   5.71003580               1
   5.72003603               1
   5.73003626               1
   5.74003649               1
   5.75003672               1
   5.76003695               1
   5.77003717               1
   5.78003740               1
   5.79003763               1
   5.80003786               1
   5.81003809               1
   5.82003832               1
   5.83003855               1
   5.84003878               1
   5.85003901               1
   5.86003923               1
   5.87003946               1
   5.88003969               1
   5.89003992               1
   5.90004015               1
   5.91004038               1
   5.92004061               1
   5.93004084               1
   5.94004107               1
   5.95004129               1
   5.96004152               1
   5.97004175               1
   5.98004198               1
   5.99004221               1
   6.00004244               1
   6.01004267               1
   6.02004290               1
   6.03004313               1
   6.04004335               1
   6.05004358               1
   6.06004381               1
   6.07004404               1
   6.08004427               1
   6.09004450               1
   6.10004473               1
   6.11004496               1
   6.12004519               1
   6.13004541               1
   6.14004564               1
   6.15004587               1
   6.16004610               1
   6.17004633               1
   6.18004656               1
   6.19004679               1
   6.20004702               1
   6.21004725               1
   6.22004747               1
   6.23004770               1
   6.24004793               1
   6.25004816               1
   6.26004839               1
   6.27004862               1
   6.28004885               1
   6.29004908               1
   6.30004930               1
   6.31004953               1
   6.32004976               1
   6.33004999               1
   6.34005022               1
   6.35005045               1
   6.36005068               1
   6.37005091               1
   6.38005114               1
   6.39005136               1
   6.40005159               1
   6.41005182               1
   6.42005205               1
   6.43005228               1
   6.44005251               1
   6.45005274               1
   6.46005297               1
   6.47005320               1
   6.48005342               1
   6.49005365               1
   6.50005388               1
   6.51005411               1
   6.52005434               1
   6.53005457               1
   6.54005480               1
   6.55005503               1
   6.56005526               1
   6.57005548               1
   6.58005571               1
   6.59005594               1
   6.60005617               1
   6.61005640               1
   6.62005663               1
   6.63005686               1
   6.64005709               1
   6.65005732               1
   6.66005754               1
   6.67005777               1
   6.68005800               1
   6.69005823               1
   6.70005846               1
   6.71005869               1
   6.72005892               1
   6.73005915               1
   6.74005938               1
   6.75005960               1
   6.76005983               1
   6.77006006               1
   6.78006029               1
   6.79006052               1
   6.80006075               1
   6.81006098               1
   6.82006121               1
   6.83006144               1
   6.84006166               1
   6.85006189               1
   6.86006212               1
   6.87006235               1
   6.88006258               1
   6.89006281               1
   6.90006304               1
   6.91006327               1
   6.92006350               1
   6.93006372               1
   6.94006395               1
   6.95006418               1
   6.96006441               1
   6.97006464               1
   6.98006487               1
   6.99006510               1
   7.00006533               1
   7.01006556               1
   7.02006578               1
   7.03006601               1
   7.04006624               1
   7.05006647               1
   7.06006670               1
   7.07006693               1
   7.08006716               1
   7.09006739               1
   7.10006762               1
   7.11006784               1
   7.12006807               1
   7.13006830               1
   7.14006853               1
   7.15006876               1
   7.16006899               1
   7.17006922               1
   7.18006945               1
   7.19006968               1
   7.20006990               1
   7.21007013               1
   7.22007036               1
   7.23007059               1
   7.24007082               1
   7.25007105               1
   7.26007128               1
   7.27007151               1
   7.28007174               1
   7.29007196               1
   7.30007219               1
   7.31007242               1
   7.32007265               1
   7.33007288               1
   7.34007311               1
   7.35007334               1
   7.36007357               1
   7.37007380               1
   7.38007402               1
   7.39007425               1
   7.40007448               1
   7.41007471               1
   7.42007494               1
   7.43007517               1
   7.44007540               1
   7.45007563               1
   7.46007586               1
   7.47007608               1
   7.48007631               1
   7.49007654               1
   7.50007677               1
   7.51007700               1
   7.52007723               1
   7.53007746               1
   7.54007769               1
   7.55007792               1
   7.56007814               0
   7.57007837               0
   7.58007860               0
   7.59007883               0
   7.60007906               0
   7.61007929               0
   7.62007952               0
   7.63007975               0
   7.64007998               0
   7.65008020               0
   7.66008043               0
   7.67008066               0
   7.68008089               0
   7.69008112               0
   7.70008135               0
   7.71008158               0
   7.72008181               0
   7.73008204               0
   7.74008226               0
   7.75008249               0
   7.76008272               0
   7.77008295               0
   7.78008318               0
   7.79008341               0
   7.80008364               0
   7.81008387               0
   7.82008410               0
   7.83008432               0
   7.84008455               0
   7.85008478               0
   7.86008501               0
   7.87008524               0
   7.88008547               0
   7.89008570               0
   7.90008593               0
   7.91008615               0
   7.92008638               0
   7.93008661               0
   7.94008684               0
   7.95008707               0
   7.96008730               0
   7.97008753               0
   7.98008776               0
   7.99008799               0
   8.00008774               0
