   0.00000000             987
   9.99999978E-03         978
   1.99999996E-02         965
   2.99999993E-02         957
   3.99999991E-02         949
   4.99999970E-02         942
   5.99999949E-02         928
   6.99999928E-02         918
   7.99999908E-02         905
   8.99999887E-02         894
   9.99999866E-02         887
  0.109999985             875
  0.119999982             862
  0.129999980             845
  0.139999986             834
  0.149999991             824
  0.159999996             815
  0.170000002             806
  0.180000007             792
  0.190000013             783
  0.200000018             776
  0.210000023             766
  0.220000029             761
  0.230000034             755
  0.240000039             748
  0.250000030             739
  0.260000020             731
  0.270000011             724
  0.280000001             714
  0.289999992             711
  0.299999982             707
  0.309999973             702
  0.319999963             696
  0.329999954             692
  0.339999944             686
  0.349999934             681
  0.359999925             671
  0.369999915             665
  0.379999906             657
  0.389999896             652
  0.399999887             645
  0.409999877             641
  0.419999868             636
  0.429999858             632
  0.439999849             623
  0.449999839             614
  0.459999830             604
  0.469999820             598
  0.479999810             591
  0.489999801             580
  0.499999791             572
  0.509999812             566
  0.519999802             562
  0.529999793             555
  0.539999783             548
  0.549999774             542
  0.559999764             533
  0.569999754             525
  0.579999745             521
  0.589999735             518
  0.599999726             513
  0.609999716             503
  0.619999707             496
  0.629999697             489
  0.639999688             485
  0.649999678             483
  0.659999669             473
  0.669999659             469
  0.679999650             468
  0.689999640             461
  0.699999630             454
  0.709999621             452
  0.719999611             449
  0.729999602             443
  0.739999592             440
  0.749999583             435
  0.759999573             432
  0.769999564             424
  0.779999554             418
  0.789999545             412
  0.799999535             407
  0.809999526             401
  0.819999516             400
  0.829999506             395
  0.839999497             391
  0.849999487             386
  0.859999478             377
  0.869999468             377
  0.879999459             372
  0.889999449             367
  0.899999440             364
  0.909999430             360
  0.919999421             356
  0.929999411             350
  0.939999402             350
  0.949999392             347
  0.959999382             345
  0.969999373             342
  0.979999363             338
  0.989999354             330
  0.999999344             329
   1.00999939             323
   1.01999938             322
   1.02999938             320
   1.03999937             316
   1.04999936             311
   1.05999935             310
   1.06999934             306
   1.07999933             303
   1.08999932             302
   1.09999931             301
   1.10999930             295
   1.11999929             292
   1.12999928             289
   1.13999927             286
   1.14999926             283
   1.15999925             277
   1.16999924             274
   1.17999923             270
   1.18999922             264
   1.19999921             261
   1.20999920             256
   1.21999919             255
   1.22999918             254
   1.23999918             252
   1.24999917             251
   1.25999916             251
   1.26999915             247
   1.27999914             246
   1.28999913             244
   1.29999912             241
   1.30999911             238
   1.31999910             236
   1.32999909             234
   1.33999908             233
   1.34999907             232
   1.35999906             230
   1.36999905             229
   1.37999904             226
   1.38999903             225
   1.39999902             224
   1.40999901             223
   1.41999900             223
   1.42999899             221
   1.43999898             219
   1.44999897             218
   1.45999897             213
   1.46999896             212
   1.47999895             209
   1.48999894             207
   1.49999893             207
   1.50999892             205
   1.51999891             202
   1.52999890             199
   1.53999889             196
   1.54999888             193
   1.55999887             191
   1.56999886             187
   1.57999885             185
   1.58999884             185
   1.59999883             183
   1.60999882             180
   1.61999881             175
   1.62999880             172
   1.63999879             170
   1.64999878             167
   1.65999877             166
   1.66999876             163
   1.67999876             161
   1.68999875             157
   1.69999874             154
   1.70999873             152
   1.71999872             151
   1.72999871             150
   1.73999870             149
   1.74999869             149
   1.75999868             147
   1.76999867             146
   1.77999866             145
   1.78999865             144
   1.79999864             143
   1.80999863             140
   1.81999862             140
   1.82999861             139
   1.83999860             137
   1.84999859             137
   1.85999858             136
   1.86999857             131
   1.87999856             130
   1.88999856             127
   1.89999855             124
   1.90999854             123
   1.91999853             123
   1.92999852             122
   1.93999851             122
   1.94999850             122
   1.95999849             119
   1.96999848             119
   1.97999847             118
   1.98999846             116
   1.99999845             116
   2.00999856             116
   2.01999855             116
   2.02999854             114
   2.03999853             114
   2.04999852             113
   2.05999851             111
   2.06999850             110
   2.07999849             108
   2.08999848             108
   2.09999847             106
   2.10999846             106
   2.11999846             105
   2.12999845             105
   2.13999844             104
   2.14999843             103
   2.15999842              95
   2.16999841              93
   2.17999840              93
   2.18999839              92
   2.19999838              91
   2.20999837              91
   2.21999836              91
   2.22999835              91
   2.23999834              91
   2.24999833              87
   2.25999832              86
   2.26999831              84
   2.27999830              84
   2.28999829              84
   2.29999828              84
   2.30999827              83
   2.31999826              82
   2.32999825              82
   2.33999825              80
   2.34999824              80
   2.35999823              80
   2.36999822              80
   2.37999821              78
   2.38999820              77
   2.39999819              75
   2.40999818              74
   2.41999817              73
   2.42999816              72
   2.43999815              72
   2.44999814              72
   2.45999813              72
   2.46999812              72
   2.47999811              72
   2.48999810              71
   2.49999809              70
   2.50999808              70
   2.51999807              70
   2.52999806              70
   2.53999805              68
   2.54999804              66
   2.55999804              66
   2.56999803              66
   2.57999802              66
   2.58999801              64
   2.59999800              64
   2.60999799              64
   2.61999798              62
   2.62999797              62
   2.63999796              61
   2.64999795              61
   2.65999794              60
   2.66999793              59
   2.67999792              58
   2.68999791              57
   2.69999790              57
   2.70999789              57
   2.71999788              57
   2.72999787              57
   2.73999786              56
   2.74999785              55
   2.75999784              54
   2.76999784              53
   2.77999783              53
   2.78999782              53
   2.79999781              53
   2.80999780              52
   2.81999779              51
   2.82999778              51
   2.83999777              50
   2.84999776              48
   2.85999775              48
   2.86999774              47
   2.87999773              46
   2.88999772              44
   2.89999771              44
   2.90999770              44
   2.91999769              44
   2.92999768              43
   2.93999767              42
   2.94999766              41
   2.95999765              41
   2.96999764              40
   2.97999763              40
   2.98999763              40
   2.99999762              40
   3.00999761              40
   3.01999760              40
   3.02999759              40
   3.03999758              40
   3.04999757              38
   3.05999756              37
   3.06999755              37
   3.07999754              36
   3.08999753              36
   3.09999752              36
   3.10999751              36
   3.11999750              34
   3.12999749              33
   3.13999748              33
   3.14999747              33
   3.15999746              33
   3.16999745              32
   3.17999744              32
   3.18999743              31
   3.19999743              31
   3.20999742              30
   3.21999741              30
   3.22999740              30
   3.23999739              30
   3.24999738              30
   3.25999737              29
   3.26999736              29
   3.27999735              29
   3.28999734              29
   3.29999733              27
   3.30999732              26
   3.31999731              26
   3.32999730              26
   3.33999729              26
   3.34999728              25
   3.35999727              25
   3.36999726              24
   3.37999725              24
   3.38999724              24
   3.39999723              24
   3.40999722              24
   3.41999722              24
   3.42999721              24
   3.43999720              24
   3.44999719              23
   3.45999718              23
   3.46999717              23
   3.47999716              23
   3.48999715              23
   3.49999714              23
   3.50999713              23
   3.51999712              23
   3.52999711              22
   3.53999710              22
   3.54999709              22
   3.55999708              22
   3.56999707              22
   3.57999706              22
   3.58999705              22
   3.59999704              22
   3.60999703              22
   3.61999702              22
   3.62999701              22
   3.63999701              22
   3.64999700              20
   3.65999699              20
   3.66999698              20
   3.67999697              20
   3.68999696              20
   3.69999695              20
   3.70999694              20
   3.71999693              20
   3.72999692              20
   3.73999691              20
   3.74999690              20
   3.75999689              20
   3.76999688              20
   3.77999687              20
   3.78999686              20
   3.79999685              20
   3.80999684              20
   3.81999683              19
   3.82999682              19
   3.83999681              19
   3.84999681              19
   3.85999680              19
   3.86999679              18
   3.87999678              18
   3.88999677              17
   3.89999676              17
   3.90999675              17
   3.91999674              16
   3.92999673              16
   3.93999672              16
   3.94999671              16
   3.95999670              16
   3.96999669              16
   3.97999668              15
   3.98999667              14
   3.99999666              14
   4.00999689              14
   4.01999712              14
   4.02999735              14
   4.03999758              14
   4.04999781              14
   4.05999804              14
   4.06999826              14
   4.07999849              14
   4.08999872              14
   4.09999895              14
   4.10999918              14
   4.11999941              14
   4.12999964              14
   4.13999987              13
   4.15000010              13
   4.16000032              12
   4.17000055              12
   4.18000078              12
   4.19000101              12
   4.20000124              11
   4.21000147              11
   4.22000170              11
   4.23000193              11
   4.24000216              11
   4.25000238              10
   4.26000261              10
   4.27000284              10
   4.28000307              10
   4.29000330              10
   4.30000353              10
   4.31000376               9
   4.32000399               9
   4.33000422               9
   4.34000444               9
   4.35000467               8
   4.36000490               8
   4.37000513               8
   4.38000536               8
   4.39000559               8
   4.40000582               8
   4.41000605               8
   4.42000628               8
   4.43000650               8
   4.44000673               8
   4.45000696               8
   4.46000719               8
   4.47000742               8
   4.48000765               8
   4.49000788               8
   4.50000811               8
   4.51000834               8
   4.52000856               8
   4.53000879               8
   4.54000902               8
   4.55000925               8
   4.56000948               8
   4.57000971               8
   4.58000994               8
   4.59001017               8
   4.60001040               8
   4.61001062               8
   4.62001085               8
   4.63001108               8
   4.64001131               8
   4.65001154               8
   4.66001177               8
   4.67001200               8
   4.68001223               8
   4.69001245               8
   4.70001268               8
   4.71001291               8
   4.72001314               8
   4.73001337               8
   4.74001360               6
   4.75001383               6
   4.76001406               6
   4.77001429               6
   4.78001451               6
   4.79001474               6
   4.80001497               6
   4.81001520               6
   4.82001543               6
   4.83001566               6
   4.84001589               6
   4.85001612               6
   4.86001635               6
   4.87001657               6
   4.88001680               6
   4.89001703               6
   4.90001726               6
   4.91001749               6
   4.92001772               6
   4.93001795               6
   4.94001818               6
   4.95001841               6
   4.96001863               6
   4.97001886               5
   4.98001909               5
   4.99001932               5
   5.00001955               5
   5.01001978               5
   5.02002001               4
   5.03002024               4
   5.04002047               4
   5.05002069               4
   5.06002092               4
   5.07002115               4
   5.08002138               4
   5.09002161               4
   5.10002184               4
   5.11002207               4
   5.12002230               4
   5.13002253               4
   5.14002275               4
   5.15002298               4
   5.16002321               4
   5.17002344               4
   5.18002367               4
   5.19002390               4
   5.20002413               4
   5.21002436               4
   5.22002459               4
   5.23002481               4
   5.24002504               4
   5.25002527               4
   5.26002550               4
   5.27002573               4
   5.28002596               4
   5.29002619               4
   5.30002642               4
   5.31002665               4
   5.32002687               4
   5.33002710               4
   5.34002733               4
   5.35002756               4
   5.36002779               4
   5.37002802               4
   5.38002825               4
   5.39002848               3
   5.40002871               3
   5.41002893               3
   5.42002916               3
   5.43002939               3
   5.44002962               3
   5.45002985               3
   5.46003008               3
   5.47003031               3
   5.48003054               3
   5.49003077               3
   5.50003099               3
   5.51003122               3
   5.52003145               3
   5.53003168               3
   5.54003191               3
   5.55003214               3
   5.56003237               3
   5.57003260               3
   5.58003283               3
   5.59003305               3
   5.60003328               3
   5.61003351               3
   5.62003374               3
   5.63003397               2
   5.64003420               2
   5.65003443               2
   5.66003466               2
   5.67003489               2
   5.68003511               2
   5.69003534               2
   5.70003557               2
   5.71003580               2
   5.72003603               2
   5.73003626               2
   5.74003649               2
   5.75003672               2
   5.76003695               2
   5.77003717               2
   5.78003740               2
   5.79003763               2
   5.80003786               2
   5.81003809               2
   5.82003832               2
   5.83003855               2
   5.84003878               1
   5.85003901               1
   5.86003923               1
   5.87003946               1
   5.88003969               1
   5.89003992               1
   5.90004015               1
   5.91004038               1
   5.92004061               1
   5.93004084               1
   5.94004107               1
   5.95004129               1
   5.96004152               1
   5.97004175               1
   5.98004198               1
   5.99004221               1
   6.00004244               1
   6.01004267               1
   6.02004290               1
   6.03004313               1
   6.04004335               1
   6.05004358               1
   6.06004381               1
   6.07004404               1
   6.08004427               1
   6.09004450               1
   6.10004473               1
   6.11004496               1
   6.12004519               1
   6.13004541               1
   6.14004564               1
   6.15004587               1
   6.16004610               1
   6.17004633               1
   6.18004656               1
   6.19004679               1
   6.20004702               1
   6.21004725               1
   6.22004747               1
   6.23004770               1
   6.24004793               1
   6.25004816               1
   6.26004839               1
   6.27004862               1
   6.28004885               1
   6.29004908               1
   6.30004930               0
   6.31004953               0
   6.32004976               0
   6.33004999               0
   6.34005022               0
   6.35005045               0
   6.36005068               0
   6.37005091               0
   6.38005114               0
   6.39005136               0
   6.40005159               0
   6.41005182               0
   6.42005205               0
   6.43005228               0
   6.44005251               0
   6.45005274               0
   6.46005297               0
   6.47005320               0
   6.48005342               0
   6.49005365               0
   6.50005388               0
   6.51005411               0
   6.52005434               0
   6.53005457               0
   6.54005480               0
   6.55005503               0
   6.56005526               0
   6.57005548               0
   6.58005571               0
   6.59005594               0
   6.60005617               0
   6.61005640               0
   6.62005663               0
   6.63005686               0
   6.64005709               0
   6.65005732               0
   6.66005754               0
   6.67005777               0
   6.68005800               0
   6.69005823               0
   6.70005846               0
   6.71005869               0
   6.72005892               0
   6.73005915               0
   6.74005938               0
   6.75005960               0
   6.76005983               0
   6.77006006               0
   6.78006029               0
   6.79006052               0
   6.80006075               0
   6.81006098               0
   6.82006121               0
   6.83006144               0
   6.84006166               0
   6.85006189               0
   6.86006212               0
   6.87006235               0
   6.88006258               0
   6.89006281               0
   6.90006304               0
   6.91006327               0
   6.92006350               0
   6.93006372               0
   6.94006395               0
   6.95006418               0
   6.96006441               0
   6.97006464               0
   6.98006487               0
   6.99006510               0
   7.00006533               0
   7.01006556               0
   7.02006578               0
   7.03006601               0
   7.04006624               0
   7.05006647               0
   7.06006670               0
   7.07006693               0
   7.08006716               0
   7.09006739               0
   7.10006762               0
   7.11006784               0
   7.12006807               0
   7.13006830               0
   7.14006853               0
   7.15006876               0
   7.16006899               0
   7.17006922               0
   7.18006945               0
   7.19006968               0
   7.20006990               0
   7.21007013               0
   7.22007036               0
   7.23007059               0
   7.24007082               0
   7.25007105               0
   7.26007128               0
   7.27007151               0
   7.28007174               0
   7.29007196               0
   7.30007219               0
   7.31007242               0
   7.32007265               0
   7.33007288               0
   7.34007311               0
   7.35007334               0
   7.36007357               0
   7.37007380               0
   7.38007402               0
   7.39007425               0
   7.40007448               0
   7.41007471               0
   7.42007494               0
   7.43007517               0
   7.44007540               0
   7.45007563               0
   7.46007586               0
   7.47007608               0
   7.48007631               0
   7.49007654               0
   7.50007677               0
   7.51007700               0
   7.52007723               0
   7.53007746               0
   7.54007769               0
   7.55007792               0
   7.56007814               0
   7.57007837               0
   7.58007860               0
   7.59007883               0
   7.60007906               0
   7.61007929               0
   7.62007952               0
   7.63007975               0
   7.64007998               0
   7.65008020               0
   7.66008043               0
   7.67008066               0
   7.68008089               0
   7.69008112               0
   7.70008135               0
   7.71008158               0
   7.72008181               0
   7.73008204               0
   7.74008226               0
   7.75008249               0
   7.76008272               0
   7.77008295               0
   7.78008318               0
   7.79008341               0
   7.80008364               0
   7.81008387               0
   7.82008410               0
   7.83008432               0
   7.84008455               0
   7.85008478               0
   7.86008501               0
   7.87008524               0
   7.88008547               0
   7.89008570               0
   7.90008593               0
   7.91008615               0
   7.92008638               0
   7.93008661               0
   7.94008684               0
   7.95008707               0
   7.96008730               0
   7.97008753               0
   7.98008776               0
   7.99008799               0
   8.00008774               0
