   0.00000000             993
   9.99999978E-03         987
   1.99999996E-02         985
   2.99999993E-02         966
   3.99999991E-02         959
   4.99999970E-02         950
   5.99999949E-02         941
   6.99999928E-02         930
   7.99999908E-02         918
   8.99999887E-02         908
   9.99999866E-02         895
  0.109999985             882
  0.119999982             873
  0.129999980             862
  0.139999986             857
  0.149999991             848
  0.159999996             840
  0.170000002             833
  0.180000007             829
  0.190000013             821
  0.200000018             812
  0.210000023             804
  0.220000029             802
  0.230000034             794
  0.240000039             779
  0.250000030             773
  0.260000020             766
  0.270000011             756
  0.280000001             751
  0.289999992             745
  0.299999982             732
  0.309999973             723
  0.319999963             717
  0.329999954             710
  0.339999944             705
  0.349999934             700
  0.359999925             691
  0.369999915             688
  0.379999906             681
  0.389999896             674
  0.399999887             671
  0.409999877             668
  0.419999868             663
  0.429999858             659
  0.439999849             653
  0.449999839             644
  0.459999830             637
  0.469999820             633
  0.479999810             626
  0.489999801             621
  0.499999791             613
  0.509999812             604
  0.519999802             599
  0.529999793             595
  0.539999783             593
  0.549999774             587
  0.559999764             582
  0.569999754             579
  0.579999745             574
  0.589999735             569
  0.599999726             559
  0.609999716             553
  0.619999707             547
  0.629999697             538
  0.639999688             532
  0.649999678             527
  0.659999669             521
  0.669999659             517
  0.679999650             511
  0.689999640             504
  0.699999630             501
  0.709999621             499
  0.719999611             494
  0.729999602             487
  0.739999592             482
  0.749999583             479
  0.759999573             477
  0.769999564             474
  0.779999554             472
  0.789999545             467
  0.799999535             464
  0.809999526             459
  0.819999516             452
  0.829999506             448
  0.839999497             440
  0.849999487             439
  0.859999478             435
  0.869999468             428
  0.879999459             426
  0.889999449             425
  0.899999440             420
  0.909999430             409
  0.919999421             405
  0.929999411             403
  0.939999402             399
  0.949999392             393
  0.959999382             387
  0.969999373             381
  0.979999363             378
  0.989999354             377
  0.999999344             371
   1.00999939             366
   1.01999938             362
   1.02999938             360
   1.03999937             353
   1.04999936             348
   1.05999935             342
   1.06999934             334
   1.07999933             330
   1.08999932             328
   1.09999931             323
   1.10999930             319
   1.11999929             315
   1.12999928             311
   1.13999927             308
   1.14999926             306
   1.15999925             302
   1.16999924             300
   1.17999923             297
   1.18999922             291
   1.19999921             289
   1.20999920             287
   1.21999919             287
   1.22999918             286
   1.23999918             286
   1.24999917             284
   1.25999916             281
   1.26999915             276
   1.27999914             275
   1.28999913             273
   1.29999912             271
   1.30999911             270
   1.31999910             269
   1.32999909             265
   1.33999908             262
   1.34999907             259
   1.35999906             255
   1.36999905             251
   1.37999904             250
   1.38999903             247
   1.39999902             243
   1.40999901             241
   1.41999900             237
   1.42999899             237
   1.43999898             234
   1.44999897             233
   1.45999897             229
   1.46999896             224
   1.47999895             220
   1.48999894             217
   1.49999893             214
   1.50999892             208
   1.51999891             208
   1.52999890             208
   1.53999889             207
   1.54999888             205
   1.55999887             203
   1.56999886             203
   1.57999885             203
   1.58999884             202
   1.59999883             201
   1.60999882             201
   1.61999881             201
   1.62999880             199
   1.63999879             198
   1.64999878             196
   1.65999877             192
   1.66999876             191
   1.67999876             190
   1.68999875             187
   1.69999874             183
   1.70999873             180
   1.71999872             177
   1.72999871             176
   1.73999870             173
   1.74999869             172
   1.75999868             172
   1.76999867             172
   1.77999866             171
   1.78999865             170
   1.79999864             169
   1.80999863             166
   1.81999862             164
   1.82999861             160
   1.83999860             160
   1.84999859             160
   1.85999858             159
   1.86999857             158
   1.87999856             157
   1.88999856             156
   1.89999855             155
   1.90999854             150
   1.91999853             146
   1.92999852             144
   1.93999851             144
   1.94999850             143
   1.95999849             141
   1.96999848             139
   1.97999847             138
   1.98999846             134
   1.99999845             134
   2.00999856             131
   2.01999855             131
   2.02999854             130
   2.03999853             128
   2.04999852             127
   2.05999851             125
   2.06999850             124
   2.07999849             122
   2.08999848             120
   2.09999847             118
   2.10999846             116
   2.11999846             115
   2.12999845             115
   2.13999844             114
   2.14999843             109
   2.15999842             108
   2.16999841             107
   2.17999840             107
   2.18999839             106
   2.19999838             104
   2.20999837             104
   2.21999836             103
   2.22999835             103
   2.23999834             100
   2.24999833              99
   2.25999832              99
   2.26999831              98
   2.27999830              97
   2.28999829              96
   2.29999828              95
   2.30999827              95
   2.31999826              95
   2.32999825              95
   2.33999825              94
   2.34999824              93
   2.35999823              90
   2.36999822              89
   2.37999821              89
   2.38999820              88
   2.39999819              88
   2.40999818              86
   2.41999817              85
   2.42999816              82
   2.43999815              81
   2.44999814              81
   2.45999813              81
   2.46999812              79
   2.47999811              79
   2.48999810              77
   2.49999809              74
   2.50999808              73
   2.51999807              72
   2.52999806              72
   2.53999805              72
   2.54999804              72
   2.55999804              70
   2.56999803              68
   2.57999802              68
   2.58999801              68
   2.59999800              68
   2.60999799              68
   2.61999798              67
   2.62999797              67
   2.63999796              67
   2.64999795              67
   2.65999794              67
   2.66999793              67
   2.67999792              67
   2.68999791              66
   2.69999790              65
   2.70999789              64
   2.71999788              63
   2.72999787              62
   2.73999786              62
   2.74999785              62
   2.75999784              62
   2.76999784              62
   2.77999783              61
   2.78999782              59
   2.79999781              59
   2.80999780              58
   2.81999779              56
   2.82999778              56
   2.83999777              56
   2.84999776              56
   2.85999775              56
   2.86999774              56
   2.87999773              56
   2.88999772              55
   2.89999771              55
   2.90999770              54
   2.91999769              53
   2.92999768              53
   2.93999767              52
   2.94999766              52
   2.95999765              48
   2.96999764              48
   2.97999763              48
   2.98999763              47
   2.99999762              47
   3.00999761              46
   3.01999760              45
   3.02999759              45
   3.03999758              45
   3.04999757              45
   3.05999756              45
   3.06999755              44
   3.07999754              44
   3.08999753              44
   3.09999752              44
   3.10999751              43
   3.11999750              43
   3.12999749              43
   3.13999748              43
   3.14999747              43
   3.15999746              43
   3.16999745              43
   3.17999744              41
   3.18999743              41
   3.19999743              41
   3.20999742              41
   3.21999741              41
   3.22999740              41
   3.23999739              41
   3.24999738              41
   3.25999737              41
   3.26999736              41
   3.27999735              41
   3.28999734              41
   3.29999733              40
   3.30999732              40
   3.31999731              40
   3.32999730              39
   3.33999729              39
   3.34999728              37
   3.35999727              37
   3.36999726              36
   3.37999725              36
   3.38999724              36
   3.39999723              36
   3.40999722              36
   3.41999722              34
   3.42999721              34
   3.43999720              32
   3.44999719              32
   3.45999718              32
   3.46999717              32
   3.47999716              31
   3.48999715              31
   3.49999714              31
   3.50999713              31
   3.51999712              30
   3.52999711              29
   3.53999710              29
   3.54999709              29
   3.55999708              29
   3.56999707              29
   3.57999706              29
   3.58999705              28
   3.59999704              27
   3.60999703              27
   3.61999702              26
   3.62999701              25
   3.63999701              25
   3.64999700              25
   3.65999699              25
   3.66999698              24
   3.67999697              23
   3.68999696              23
   3.69999695              23
   3.70999694              22
   3.71999693              22
   3.72999692              22
   3.73999691              22
   3.74999690              22
   3.75999689              22
   3.76999688              22
   3.77999687              22
   3.78999686              22
   3.79999685              21
   3.80999684              21
   3.81999683              21
   3.82999682              21
   3.83999681              21
   3.84999681              20
   3.85999680              20
   3.86999679              19
   3.87999678              19
   3.88999677              19
   3.89999676              19
   3.90999675              19
   3.91999674              18
   3.92999673              18
   3.93999672              18
   3.94999671              18
   3.95999670              18
   3.96999669              18
   3.97999668              18
   3.98999667              18
   3.99999666              18
   4.00999689              18
   4.01999712              18
   4.02999735              18
   4.03999758              18
   4.04999781              18
   4.05999804              16
   4.06999826              16
   4.07999849              16
   4.08999872              16
   4.09999895              16
   4.10999918              16
   4.11999941              16
   4.12999964              16
   4.13999987              16
   4.15000010              16
   4.16000032              15
   4.17000055              14
   4.18000078              13
   4.19000101              13
   4.20000124              13
   4.21000147              13
   4.22000170              12
   4.23000193              12
   4.24000216              12
   4.25000238              12
   4.26000261              12
   4.27000284              12
   4.28000307              12
   4.29000330              12
   4.30000353              12
   4.31000376              11
   4.32000399              11
   4.33000422              11
   4.34000444              11
   4.35000467              11
   4.36000490              11
   4.37000513              11
   4.38000536              11
   4.39000559              11
   4.40000582              11
   4.41000605              11
   4.42000628              11
   4.43000650              11
   4.44000673              11
   4.45000696              11
   4.46000719              11
   4.47000742              11
   4.48000765              11
   4.49000788              11
   4.50000811              10
   4.51000834              10
   4.52000856              10
   4.53000879              10
   4.54000902              10
   4.55000925              10
   4.56000948              10
   4.57000971              10
   4.58000994              10
   4.59001017              10
   4.60001040               9
   4.61001062               9
   4.62001085               9
   4.63001108               9
   4.64001131               9
   4.65001154               9
   4.66001177               9
   4.67001200               9
   4.68001223               9
   4.69001245               9
   4.70001268               9
   4.71001291               9
   4.72001314               8
   4.73001337               8
   4.74001360               8
   4.75001383               8
   4.76001406               8
   4.77001429               7
   4.78001451               7
   4.79001474               7
   4.80001497               7
   4.81001520               7
   4.82001543               7
   4.83001566               6
   4.84001589               6
   4.85001612               6
   4.86001635               6
   4.87001657               6
   4.88001680               6
   4.89001703               6
   4.90001726               6
   4.91001749               6
   4.92001772               6
   4.93001795               6
   4.94001818               6
   4.95001841               6
   4.96001863               6
   4.97001886               6
   4.98001909               6
   4.99001932               6
   5.00001955               6
   5.01001978               6
   5.02002001               6
   5.03002024               5
   5.04002047               5
   5.05002069               5
   5.06002092               5
   5.07002115               5
   5.08002138               5
   5.09002161               5
   5.10002184               5
   5.11002207               5
   5.12002230               5
   5.13002253               5
   5.14002275               5
   5.15002298               5
   5.16002321               5
   5.17002344               4
   5.18002367               4
   5.19002390               4
   5.20002413               4
   5.21002436               4
   5.22002459               4
   5.23002481               4
   5.24002504               3
   5.25002527               3
   5.26002550               3
   5.27002573               3
   5.28002596               3
   5.29002619               3
   5.30002642               3
   5.31002665               3
   5.32002687               3
   5.33002710               3
   5.34002733               3
   5.35002756               3
   5.36002779               3
   5.37002802               3
   5.38002825               3
   5.39002848               3
   5.40002871               3
   5.41002893               3
   5.42002916               3
   5.43002939               3
   5.44002962               3
   5.45002985               3
   5.46003008               3
   5.47003031               3
   5.48003054               3
   5.49003077               3
   5.50003099               3
   5.51003122               3
   5.52003145               3
   5.53003168               3
   5.54003191               3
   5.55003214               3
   5.56003237               3
   5.57003260               3
   5.58003283               3
   5.59003305               3
   5.60003328               3
   5.61003351               3
   5.62003374               3
   5.63003397               2
   5.64003420               2
   5.65003443               2
   5.66003466               2
   5.67003489               2
   5.68003511               2
   5.69003534               2
   5.70003557               2
   5.71003580               2
   5.72003603               2
   5.73003626               2
   5.74003649               2
   5.75003672               2
   5.76003695               2
   5.77003717               2
   5.78003740               2
   5.79003763               2
   5.80003786               2
   5.81003809               2
   5.82003832               2
   5.83003855               2
   5.84003878               2
   5.85003901               2
   5.86003923               2
   5.87003946               2
   5.88003969               2
   5.89003992               2
   5.90004015               2
   5.91004038               2
   5.92004061               2
   5.93004084               2
   5.94004107               1
   5.95004129               1
   5.96004152               1
   5.97004175               1
   5.98004198               1
   5.99004221               0
   6.00004244               0
   6.01004267               0
   6.02004290               0
   6.03004313               0
   6.04004335               0
   6.05004358               0
   6.06004381               0
   6.07004404               0
   6.08004427               0
   6.09004450               0
   6.10004473               0
   6.11004496               0
   6.12004519               0
   6.13004541               0
   6.14004564               0
   6.15004587               0
   6.16004610               0
   6.17004633               0
   6.18004656               0
   6.19004679               0
   6.20004702               0
   6.21004725               0
   6.22004747               0
   6.23004770               0
   6.24004793               0
   6.25004816               0
   6.26004839               0
   6.27004862               0
   6.28004885               0
   6.29004908               0
   6.30004930               0
   6.31004953               0
   6.32004976               0
   6.33004999               0
   6.34005022               0
   6.35005045               0
   6.36005068               0
   6.37005091               0
   6.38005114               0
   6.39005136               0
   6.40005159               0
   6.41005182               0
   6.42005205               0
   6.43005228               0
   6.44005251               0
   6.45005274               0
   6.46005297               0
   6.47005320               0
   6.48005342               0
   6.49005365               0
   6.50005388               0
   6.51005411               0
   6.52005434               0
   6.53005457               0
   6.54005480               0
   6.55005503               0
   6.56005526               0
   6.57005548               0
   6.58005571               0
   6.59005594               0
   6.60005617               0
   6.61005640               0
   6.62005663               0
   6.63005686               0
   6.64005709               0
   6.65005732               0
   6.66005754               0
   6.67005777               0
   6.68005800               0
   6.69005823               0
   6.70005846               0
   6.71005869               0
   6.72005892               0
   6.73005915               0
   6.74005938               0
   6.75005960               0
   6.76005983               0
   6.77006006               0
   6.78006029               0
   6.79006052               0
   6.80006075               0
   6.81006098               0
   6.82006121               0
   6.83006144               0
   6.84006166               0
   6.85006189               0
   6.86006212               0
   6.87006235               0
   6.88006258               0
   6.89006281               0
   6.90006304               0
   6.91006327               0
   6.92006350               0
   6.93006372               0
   6.94006395               0
   6.95006418               0
   6.96006441               0
   6.97006464               0
   6.98006487               0
   6.99006510               0
   7.00006533               0
   7.01006556               0
   7.02006578               0
   7.03006601               0
   7.04006624               0
   7.05006647               0
   7.06006670               0
   7.07006693               0
   7.08006716               0
   7.09006739               0
   7.10006762               0
   7.11006784               0
   7.12006807               0
   7.13006830               0
   7.14006853               0
   7.15006876               0
   7.16006899               0
   7.17006922               0
   7.18006945               0
   7.19006968               0
   7.20006990               0
   7.21007013               0
   7.22007036               0
   7.23007059               0
   7.24007082               0
   7.25007105               0
   7.26007128               0
   7.27007151               0
   7.28007174               0
   7.29007196               0
   7.30007219               0
   7.31007242               0
   7.32007265               0
   7.33007288               0
   7.34007311               0
   7.35007334               0
   7.36007357               0
   7.37007380               0
   7.38007402               0
   7.39007425               0
   7.40007448               0
   7.41007471               0
   7.42007494               0
   7.43007517               0
   7.44007540               0
   7.45007563               0
   7.46007586               0
   7.47007608               0
   7.48007631               0
   7.49007654               0
   7.50007677               0
   7.51007700               0
   7.52007723               0
   7.53007746               0
   7.54007769               0
   7.55007792               0
   7.56007814               0
   7.57007837               0
   7.58007860               0
   7.59007883               0
   7.60007906               0
   7.61007929               0
   7.62007952               0
   7.63007975               0
   7.64007998               0
   7.65008020               0
   7.66008043               0
   7.67008066               0
   7.68008089               0
   7.69008112               0
   7.70008135               0
   7.71008158               0
   7.72008181               0
   7.73008204               0
   7.74008226               0
   7.75008249               0
   7.76008272               0
   7.77008295               0
   7.78008318               0
   7.79008341               0
   7.80008364               0
   7.81008387               0
   7.82008410               0
   7.83008432               0
   7.84008455               0
   7.85008478               0
   7.86008501               0
   7.87008524               0
   7.88008547               0
   7.89008570               0
   7.90008593               0
   7.91008615               0
   7.92008638               0
   7.93008661               0
   7.94008684               0
   7.95008707               0
   7.96008730               0
   7.97008753               0
   7.98008776               0
   7.99008799               0
   8.00008774               0
