   0.00000000             990
   9.99999978E-03         983
   1.99999996E-02         975
   2.99999993E-02         965
   3.99999991E-02         955
   4.99999970E-02         946
   5.99999949E-02         935
   6.99999928E-02         930
   7.99999908E-02         922
   8.99999887E-02         916
   9.99999866E-02         905
  0.109999985             895
  0.119999982             886
  0.129999980             874
  0.139999986             865
  0.149999991             854
  0.159999996             848
  0.170000002             840
  0.180000007             831
  0.190000013             815
  0.200000018             809
  0.210000023             793
  0.220000029             783
  0.230000034             774
  0.240000039             767
  0.250000030             760
  0.260000020             756
  0.270000011             755
  0.280000001             745
  0.289999992             735
  0.299999982             726
  0.309999973             719
  0.319999963             706
  0.329999954             698
  0.339999944             693
  0.349999934             689
  0.359999925             684
  0.369999915             680
  0.379999906             670
  0.389999896             667
  0.399999887             662
  0.409999877             659
  0.419999868             645
  0.429999858             638
  0.439999849             629
  0.449999839             621
  0.459999830             616
  0.469999820             611
  0.479999810             607
  0.489999801             603
  0.499999791             597
  0.509999812             590
  0.519999802             588
  0.529999793             580
  0.539999783             575
  0.549999774             570
  0.559999764             565
  0.569999754             557
  0.579999745             554
  0.589999735             547
  0.599999726             536
  0.609999716             531
  0.619999707             524
  0.629999697             518
  0.639999688             511
  0.649999678             507
  0.659999669             499
  0.669999659             496
  0.679999650             491
  0.689999640             484
  0.699999630             479
  0.709999621             471
  0.719999611             464
  0.729999602             463
  0.739999592             457
  0.749999583             452
  0.759999573             446
  0.769999564             445
  0.779999554             441
  0.789999545             440
  0.799999535             436
  0.809999526             433
  0.819999516             427
  0.829999506             421
  0.839999497             417
  0.849999487             413
  0.859999478             410
  0.869999468             406
  0.879999459             397
  0.889999449             391
  0.899999440             386
  0.909999430             380
  0.919999421             374
  0.929999411             372
  0.939999402             370
  0.949999392             366
  0.959999382             362
  0.969999373             359
  0.979999363             356
  0.989999354             354
  0.999999344             349
   1.00999939             342
   1.01999938             339
   1.02999938             338
   1.03999937             334
   1.04999936             334
   1.05999935             331
   1.06999934             328
   1.07999933             326
   1.08999932             325
   1.09999931             322
   1.10999930             319
   1.11999929             318
   1.12999928             313
   1.13999927             309
   1.14999926             306
   1.15999925             301
   1.16999924             298
   1.17999923             295
   1.18999922             292
   1.19999921             287
   1.20999920             285
   1.21999919             283
   1.22999918             278
   1.23999918             276
   1.24999917             273
   1.25999916             272
   1.26999915             271
   1.27999914             268
   1.28999913             265
   1.29999912             263
   1.30999911             262
   1.31999910             258
   1.32999909             255
   1.33999908             249
   1.34999907             245
   1.35999906             244
   1.36999905             237
   1.37999904             232
   1.38999903             230
   1.39999902             228
   1.40999901             228
   1.41999900             226
   1.42999899             224
   1.43999898             223
   1.44999897             219
   1.45999897             217
   1.46999896             217
   1.47999895             215
   1.48999894             213
   1.49999893             209
   1.50999892             205
   1.51999891             203
   1.52999890             200
   1.53999889             199
   1.54999888             195
   1.55999887             194
   1.56999886             192
   1.57999885             188
   1.58999884             187
   1.59999883             185
   1.60999882             182
   1.61999881             179
   1.62999880             176
   1.63999879             174
   1.64999878             172
   1.65999877             171
   1.66999876             170
   1.67999876             168
   1.68999875             167
   1.69999874             165
   1.70999873             160
   1.71999872             159
   1.72999871             157
   1.73999870             157
   1.74999869             156
   1.75999868             154
   1.76999867             153
   1.77999866             153
   1.78999865             151
   1.79999864             151
   1.80999863             149
   1.81999862             148
   1.82999861             147
   1.83999860             146
   1.84999859             146
   1.85999858             146
   1.86999857             143
   1.87999856             142
   1.88999856             139
   1.89999855             138
   1.90999854             134
   1.91999853             132
   1.92999852             131
   1.93999851             131
   1.94999850             130
   1.95999849             129
   1.96999848             129
   1.97999847             126
   1.98999846             125
   1.99999845             125
   2.00999856             125
   2.01999855             124
   2.02999854             123
   2.03999853             123
   2.04999852             123
   2.05999851             122
   2.06999850             120
   2.07999849             119
   2.08999848             117
   2.09999847             115
   2.10999846             113
   2.11999846             111
   2.12999845             111
   2.13999844             110
   2.14999843             110
   2.15999842             107
   2.16999841             106
   2.17999840             105
   2.18999839             104
   2.19999838             100
   2.20999837              99
   2.21999836              99
   2.22999835              96
   2.23999834              95
   2.24999833              95
   2.25999832              95
   2.26999831              92
   2.27999830              92
   2.28999829              92
   2.29999828              92
   2.30999827              92
   2.31999826              90
   2.32999825              90
   2.33999825              90
   2.34999824              90
   2.35999823              89
   2.36999822              87
   2.37999821              85
   2.38999820              84
   2.39999819              83
   2.40999818              82
   2.41999817              80
   2.42999816              78
   2.43999815              78
   2.44999814              77
   2.45999813              77
   2.46999812              76
   2.47999811              76
   2.48999810              73
   2.49999809              70
   2.50999808              68
   2.51999807              67
   2.52999806              67
   2.53999805              64
   2.54999804              63
   2.55999804              63
   2.56999803              61
   2.57999802              61
   2.58999801              60
   2.59999800              60
   2.60999799              59
   2.61999798              58
   2.62999797              57
   2.63999796              53
   2.64999795              52
   2.65999794              52
   2.66999793              51
   2.67999792              51
   2.68999791              51
   2.69999790              50
   2.70999789              49
   2.71999788              49
   2.72999787              48
   2.73999786              47
   2.74999785              46
   2.75999784              46
   2.76999784              45
   2.77999783              45
   2.78999782              45
   2.79999781              45
   2.80999780              44
   2.81999779              44
   2.82999778              42
   2.83999777              42
   2.84999776              42
   2.85999775              41
   2.86999774              38
   2.87999773              38
   2.88999772              37
   2.89999771              36
   2.90999770              36
   2.91999769              36
   2.92999768              36
   2.93999767              35
   2.94999766              35
   2.95999765              35
   2.96999764              35
   2.97999763              35
   2.98999763              34
   2.99999762              34
   3.00999761              34
   3.01999760              33
   3.02999759              33
   3.03999758              33
   3.04999757              33
   3.05999756              33
   3.06999755              33
   3.07999754              33
   3.08999753              33
   3.09999752              33
   3.10999751              33
   3.11999750              32
   3.12999749              31
   3.13999748              31
   3.14999747              30
   3.15999746              29
   3.16999745              29
   3.17999744              29
   3.18999743              29
   3.19999743              28
   3.20999742              27
   3.21999741              27
   3.22999740              26
   3.23999739              26
   3.24999738              26
   3.25999737              26
   3.26999736              26
   3.27999735              25
   3.28999734              25
   3.29999733              24
   3.30999732              23
   3.31999731              23
   3.32999730              23
   3.33999729              23
   3.34999728              23
   3.35999727              23
   3.36999726              23
   3.37999725              23
   3.38999724              23
   3.39999723              22
   3.40999722              22
   3.41999722              22
   3.42999721              22
   3.43999720              22
   3.44999719              22
   3.45999718              22
   3.46999717              22
   3.47999716              22
   3.48999715              21
   3.49999714              21
   3.50999713              21
   3.51999712              21
   3.52999711              21
   3.53999710              20
   3.54999709              20
   3.55999708              20
   3.56999707              20
   3.57999706              20
   3.58999705              20
   3.59999704              19
   3.60999703              19
   3.61999702              19
   3.62999701              19
   3.63999701              19
   3.64999700              19
   3.65999699              19
   3.66999698              18
   3.67999697              18
   3.68999696              18
   3.69999695              18
   3.70999694              18
   3.71999693              18
   3.72999692              18
   3.73999691              18
   3.74999690              18
   3.75999689              18
   3.76999688              18
   3.77999687              18
   3.78999686              18
   3.79999685              18
   3.80999684              18
   3.81999683              18
   3.82999682              18
   3.83999681              18
   3.84999681              18
   3.85999680              18
   3.86999679              17
   3.87999678              17
   3.88999677              16
   3.89999676              16
   3.90999675              16
   3.91999674              14
   3.92999673              14
   3.93999672              14
   3.94999671              14
   3.95999670              13
   3.96999669              13
   3.97999668              13
   3.98999667              13
   3.99999666              13
   4.00999689              13
   4.01999712              13
   4.02999735              13
   4.03999758              13
   4.04999781              13
   4.05999804              13
   4.06999826              13
   4.07999849              12
   4.08999872              12
   4.09999895              12
   4.10999918              12
   4.11999941              12
   4.12999964              12
   4.13999987              12
   4.15000010              12
   4.16000032              12
   4.17000055              12
   4.18000078              12
   4.19000101              12
   4.20000124              11
   4.21000147              11
   4.22000170              11
   4.23000193              11
   4.24000216              11
   4.25000238              11
   4.26000261              11
   4.27000284              11
   4.28000307              11
   4.29000330              11
   4.30000353              11
   4.31000376              11
   4.32000399              11
   4.33000422              11
   4.34000444              11
   4.35000467              11
   4.36000490              10
   4.37000513              10
   4.38000536              10
   4.39000559              10
   4.40000582              10
   4.41000605              10
   4.42000628              10
   4.43000650              10
   4.44000673              10
   4.45000696              10
   4.46000719              10
   4.47000742              10
   4.48000765               9
   4.49000788               9
   4.50000811               9
   4.51000834               9
   4.52000856               9
   4.53000879               9
   4.54000902               9
   4.55000925               9
   4.56000948               9
   4.57000971               9
   4.58000994               9
   4.59001017               9
   4.60001040               9
   4.61001062               9
   4.62001085               9
   4.63001108               8
   4.64001131               8
   4.65001154               7
   4.66001177               7
   4.67001200               7
   4.68001223               7
   4.69001245               7
   4.70001268               7
   4.71001291               7
   4.72001314               7
   4.73001337               7
   4.74001360               7
   4.75001383               7
   4.76001406               7
   4.77001429               7
   4.78001451               7
   4.79001474               7
   4.80001497               7
   4.81001520               7
   4.82001543               7
   4.83001566               7
   4.84001589               7
   4.85001612               7
   4.86001635               7
   4.87001657               7
   4.88001680               7
   4.89001703               6
   4.90001726               6
   4.91001749               6
   4.92001772               6
   4.93001795               6
   4.94001818               6
   4.95001841               6
   4.96001863               6
   4.97001886               6
   4.98001909               6
   4.99001932               6
   5.00001955               6
   5.01001978               6
   5.02002001               6
   5.03002024               6
   5.04002047               5
   5.05002069               5
   5.06002092               4
   5.07002115               4
   5.08002138               4
   5.09002161               4
   5.10002184               4
   5.11002207               4
   5.12002230               4
   5.13002253               4
   5.14002275               4
   5.15002298               4
   5.16002321               4
   5.17002344               4
   5.18002367               4
   5.19002390               4
   5.20002413               4
   5.21002436               4
   5.22002459               4
   5.23002481               4
   5.24002504               4
   5.25002527               4
   5.26002550               4
   5.27002573               4
   5.28002596               4
   5.29002619               3
   5.30002642               3
   5.31002665               3
   5.32002687               3
   5.33002710               3
   5.34002733               3
   5.35002756               3
   5.36002779               3
   5.37002802               3
   5.38002825               3
   5.39002848               3
   5.40002871               3
   5.41002893               3
   5.42002916               3
   5.43002939               3
   5.44002962               3
   5.45002985               3
   5.46003008               3
   5.47003031               3
   5.48003054               3
   5.49003077               3
   5.50003099               3
   5.51003122               3
   5.52003145               3
   5.53003168               2
   5.54003191               2
   5.55003214               2
   5.56003237               2
   5.57003260               2
   5.58003283               2
   5.59003305               2
   5.60003328               2
   5.61003351               2
   5.62003374               2
   5.63003397               2
   5.64003420               2
   5.65003443               2
   5.66003466               2
   5.67003489               2
   5.68003511               2
   5.69003534               2
   5.70003557               2
   5.71003580               2
   5.72003603               2
   5.73003626               2
   5.74003649               2
   5.75003672               2
   5.76003695               2
   5.77003717               2
   5.78003740               2
   5.79003763               2
   5.80003786               2
   5.81003809               2
   5.82003832               2
   5.83003855               2
   5.84003878               2
   5.85003901               2
   5.86003923               2
   5.87003946               2
   5.88003969               2
   5.89003992               2
   5.90004015               2
   5.91004038               2
   5.92004061               2
   5.93004084               2
   5.94004107               2
   5.95004129               2
   5.96004152               2
   5.97004175               2
   5.98004198               2
   5.99004221               2
   6.00004244               2
   6.01004267               2
   6.02004290               2
   6.03004313               2
   6.04004335               2
   6.05004358               2
   6.06004381               2
   6.07004404               2
   6.08004427               2
   6.09004450               2
   6.10004473               2
   6.11004496               2
   6.12004519               2
   6.13004541               2
   6.14004564               2
   6.15004587               2
   6.16004610               2
   6.17004633               2
   6.18004656               2
   6.19004679               2
   6.20004702               2
   6.21004725               2
   6.22004747               2
   6.23004770               2
   6.24004793               2
   6.25004816               2
   6.26004839               2
   6.27004862               2
   6.28004885               2
   6.29004908               2
   6.30004930               2
   6.31004953               2
   6.32004976               2
   6.33004999               2
   6.34005022               2
   6.35005045               2
   6.36005068               2
   6.37005091               2
   6.38005114               2
   6.39005136               2
   6.40005159               2
   6.41005182               2
   6.42005205               2
   6.43005228               2
   6.44005251               2
   6.45005274               2
   6.46005297               2
   6.47005320               2
   6.48005342               2
   6.49005365               2
   6.50005388               2
   6.51005411               2
   6.52005434               2
   6.53005457               2
   6.54005480               2
   6.55005503               2
   6.56005526               2
   6.57005548               2
   6.58005571               2
   6.59005594               2
   6.60005617               2
   6.61005640               2
   6.62005663               2
   6.63005686               2
   6.64005709               2
   6.65005732               2
   6.66005754               2
   6.67005777               2
   6.68005800               2
   6.69005823               2
   6.70005846               2
   6.71005869               2
   6.72005892               2
   6.73005915               2
   6.74005938               2
   6.75005960               2
   6.76005983               2
   6.77006006               2
   6.78006029               2
   6.79006052               2
   6.80006075               2
   6.81006098               2
   6.82006121               2
   6.83006144               2
   6.84006166               2
   6.85006189               2
   6.86006212               2
   6.87006235               2
   6.88006258               2
   6.89006281               1
   6.90006304               1
   6.91006327               1
   6.92006350               1
   6.93006372               1
   6.94006395               1
   6.95006418               0
   6.96006441               0
   6.97006464               0
   6.98006487               0
   6.99006510               0
   7.00006533               0
   7.01006556               0
   7.02006578               0
   7.03006601               0
   7.04006624               0
   7.05006647               0
   7.06006670               0
   7.07006693               0
   7.08006716               0
   7.09006739               0
   7.10006762               0
   7.11006784               0
   7.12006807               0
   7.13006830               0
   7.14006853               0
   7.15006876               0
   7.16006899               0
   7.17006922               0
   7.18006945               0
   7.19006968               0
   7.20006990               0
   7.21007013               0
   7.22007036               0
   7.23007059               0
   7.24007082               0
   7.25007105               0
   7.26007128               0
   7.27007151               0
   7.28007174               0
   7.29007196               0
   7.30007219               0
   7.31007242               0
   7.32007265               0
   7.33007288               0
   7.34007311               0
   7.35007334               0
   7.36007357               0
   7.37007380               0
   7.38007402               0
   7.39007425               0
   7.40007448               0
   7.41007471               0
   7.42007494               0
   7.43007517               0
   7.44007540               0
   7.45007563               0
   7.46007586               0
   7.47007608               0
   7.48007631               0
   7.49007654               0
   7.50007677               0
   7.51007700               0
   7.52007723               0
   7.53007746               0
   7.54007769               0
   7.55007792               0
   7.56007814               0
   7.57007837               0
   7.58007860               0
   7.59007883               0
   7.60007906               0
   7.61007929               0
   7.62007952               0
   7.63007975               0
   7.64007998               0
   7.65008020               0
   7.66008043               0
   7.67008066               0
   7.68008089               0
   7.69008112               0
   7.70008135               0
   7.71008158               0
   7.72008181               0
   7.73008204               0
   7.74008226               0
   7.75008249               0
   7.76008272               0
   7.77008295               0
   7.78008318               0
   7.79008341               0
   7.80008364               0
   7.81008387               0
   7.82008410               0
   7.83008432               0
   7.84008455               0
   7.85008478               0
   7.86008501               0
   7.87008524               0
   7.88008547               0
   7.89008570               0
   7.90008593               0
   7.91008615               0
   7.92008638               0
   7.93008661               0
   7.94008684               0
   7.95008707               0
   7.96008730               0
   7.97008753               0
   7.98008776               0
   7.99008799               0
   8.00008774               0
