   0.00000000             991
   9.99999978E-03         981
   1.99999996E-02         970
   2.99999993E-02         954
   3.99999991E-02         946
   4.99999970E-02         939
   5.99999949E-02         933
   6.99999928E-02         927
   7.99999908E-02         917
   8.99999887E-02         911
   9.99999866E-02         901
  0.109999985             887
  0.119999982             877
  0.129999980             869
  0.139999986             858
  0.149999991             851
  0.159999996             840
  0.170000002             831
  0.180000007             823
  0.190000013             817
  0.200000018             805
  0.210000023             797
  0.220000029             788
  0.230000034             781
  0.240000039             771
  0.250000030             766
  0.260000020             760
  0.270000011             755
  0.280000001             749
  0.289999992             742
  0.299999982             737
  0.309999973             722
  0.319999963             717
  0.329999954             711
  0.339999944             705
  0.349999934             698
  0.359999925             694
  0.369999915             688
  0.379999906             677
  0.389999896             669
  0.399999887             659
  0.409999877             651
  0.419999868             643
  0.429999858             632
  0.439999849             626
  0.449999839             619
  0.459999830             614
  0.469999820             607
  0.479999810             599
  0.489999801             592
  0.499999791             583
  0.509999812             577
  0.519999802             570
  0.529999793             561
  0.539999783             553
  0.549999774             547
  0.559999764             541
  0.569999754             536
  0.579999745             531
  0.589999735             528
  0.599999726             526
  0.609999716             520
  0.619999707             517
  0.629999697             512
  0.639999688             504
  0.649999678             500
  0.659999669             492
  0.669999659             488
  0.679999650             483
  0.689999640             474
  0.699999630             470
  0.709999621             468
  0.719999611             464
  0.729999602             464
  0.739999592             462
  0.749999583             456
  0.759999573             450
  0.769999564             441
  0.779999554             433
  0.789999545             428
  0.799999535             427
  0.809999526             425
  0.819999516             421
  0.829999506             415
  0.839999497             408
  0.849999487             407
  0.859999478             402
  0.869999468             401
  0.879999459             400
  0.889999449             394
  0.899999440             393
  0.909999430             390
  0.919999421             387
  0.929999411             383
  0.939999402             377
  0.949999392             377
  0.959999382             376
  0.969999373             374
  0.979999363             370
  0.989999354             369
  0.999999344             367
   1.00999939             367
   1.01999938             366
   1.02999938             362
   1.03999937             361
   1.04999936             357
   1.05999935             353
   1.06999934             351
   1.07999933             348
   1.08999932             343
   1.09999931             338
   1.10999930             336
   1.11999929             332
   1.12999928             328
   1.13999927             324
   1.14999926             316
   1.15999925             313
   1.16999924             311
   1.17999923             304
   1.18999922             299
   1.19999921             298
   1.20999920             294
   1.21999919             290
   1.22999918             284
   1.23999918             281
   1.24999917             280
   1.25999916             277
   1.26999915             274
   1.27999914             271
   1.28999913             266
   1.29999912             263
   1.30999911             260
   1.31999910             260
   1.32999909             259
   1.33999908             257
   1.34999907             256
   1.35999906             253
   1.36999905             252
   1.37999904             251
   1.38999903             249
   1.39999902             245
   1.40999901             241
   1.41999900             238
   1.42999899             237
   1.43999898             236
   1.44999897             234
   1.45999897             232
   1.46999896             230
   1.47999895             224
   1.48999894             223
   1.49999893             219
   1.50999892             218
   1.51999891             216
   1.52999890             215
   1.53999889             215
   1.54999888             212
   1.55999887             209
   1.56999886             209
   1.57999885             204
   1.58999884             200
   1.59999883             197
   1.60999882             194
   1.61999881             192
   1.62999880             189
   1.63999879             188
   1.64999878             185
   1.65999877             185
   1.66999876             183
   1.67999876             180
   1.68999875             180
   1.69999874             180
   1.70999873             179
   1.71999872             178
   1.72999871             176
   1.73999870             175
   1.74999869             172
   1.75999868             169
   1.76999867             168
   1.77999866             167
   1.78999865             166
   1.79999864             161
   1.80999863             160
   1.81999862             155
   1.82999861             154
   1.83999860             153
   1.84999859             150
   1.85999858             150
   1.86999857             148
   1.87999856             146
   1.88999856             145
   1.89999855             145
   1.90999854             144
   1.91999853             144
   1.92999852             140
   1.93999851             139
   1.94999850             136
   1.95999849             134
   1.96999848             133
   1.97999847             132
   1.98999846             127
   1.99999845             127
   2.00999856             126
   2.01999855             126
   2.02999854             121
   2.03999853             121
   2.04999852             121
   2.05999851             121
   2.06999850             120
   2.07999849             118
   2.08999848             117
   2.09999847             117
   2.10999846             113
   2.11999846             112
   2.12999845             112
   2.13999844             111
   2.14999843             109
   2.15999842             108
   2.16999841             107
   2.17999840             105
   2.18999839             102
   2.19999838             102
   2.20999837             100
   2.21999836              99
   2.22999835              99
   2.23999834              98
   2.24999833              97
   2.25999832              97
   2.26999831              97
   2.27999830              95
   2.28999829              93
   2.29999828              90
   2.30999827              90
   2.31999826              88
   2.32999825              87
   2.33999825              87
   2.34999824              87
   2.35999823              86
   2.36999822              85
   2.37999821              84
   2.38999820              83
   2.39999819              82
   2.40999818              82
   2.41999817              80
   2.42999816              79
   2.43999815              79
   2.44999814              78
   2.45999813              78
   2.46999812              78
   2.47999811              77
   2.48999810              76
   2.49999809              76
   2.50999808              74
   2.51999807              73
   2.52999806              73
   2.53999805              73
   2.54999804              72
   2.55999804              71
   2.56999803              69
   2.57999802              66
   2.58999801              65
   2.59999800              65
   2.60999799              64
   2.61999798              64
   2.62999797              61
   2.63999796              60
   2.64999795              58
   2.65999794              57
   2.66999793              53
   2.67999792              53
   2.68999791              52
   2.69999790              52
   2.70999789              52
   2.71999788              52
   2.72999787              51
   2.73999786              51
   2.74999785              50
   2.75999784              49
   2.76999784              48
   2.77999783              48
   2.78999782              48
   2.79999781              47
   2.80999780              46
   2.81999779              46
   2.82999778              45
   2.83999777              44
   2.84999776              43
   2.85999775              43
   2.86999774              43
   2.87999773              42
   2.88999772              42
   2.89999771              42
   2.90999770              42
   2.91999769              41
   2.92999768              40
   2.93999767              39
   2.94999766              39
   2.95999765              38
   2.96999764              37
   2.97999763              37
   2.98999763              37
   2.99999762              37
   3.00999761              36
   3.01999760              34
   3.02999759              33
   3.03999758              33
   3.04999757              33
   3.05999756              33
   3.06999755              33
   3.07999754              32
   3.08999753              32
   3.09999752              31
   3.10999751              30
   3.11999750              30
   3.12999749              30
   3.13999748              30
   3.14999747              30
   3.15999746              29
   3.16999745              28
   3.17999744              28
   3.18999743              28
   3.19999743              28
   3.20999742              28
   3.21999741              28
   3.22999740              28
   3.23999739              28
   3.24999738              28
   3.25999737              27
   3.26999736              27
   3.27999735              27
   3.28999734              27
   3.29999733              27
   3.30999732              27
   3.31999731              27
   3.32999730              26
   3.33999729              25
   3.34999728              25
   3.35999727              24
   3.36999726              24
   3.37999725              23
   3.38999724              23
   3.39999723              23
   3.40999722              23
   3.41999722              23
   3.42999721              23
   3.43999720              23
   3.44999719              22
   3.45999718              22
   3.46999717              22
   3.47999716              22
   3.48999715              22
   3.49999714              20
   3.50999713              18
   3.51999712              18
   3.52999711              18
   3.53999710              18
   3.54999709              17
   3.55999708              17
   3.56999707              17
   3.57999706              17
   3.58999705              17
   3.59999704              17
   3.60999703              16
   3.61999702              16
   3.62999701              15
   3.63999701              15
   3.64999700              15
   3.65999699              15
   3.66999698              15
   3.67999697              15
   3.68999696              15
   3.69999695              15
   3.70999694              15
   3.71999693              15
   3.72999692              15
   3.73999691              14
   3.74999690              14
   3.75999689              14
   3.76999688              14
   3.77999687              14
   3.78999686              14
   3.79999685              14
   3.80999684              14
   3.81999683              14
   3.82999682              14
   3.83999681              14
   3.84999681              14
   3.85999680              14
   3.86999679              14
   3.87999678              14
   3.88999677              14
   3.89999676              14
   3.90999675              14
   3.91999674              14
   3.92999673              14
   3.93999672              14
   3.94999671              14
   3.95999670              14
   3.96999669              13
   3.97999668              13
   3.98999667              13
   3.99999666              13
   4.00999689              13
   4.01999712              13
   4.02999735              13
   4.03999758              13
   4.04999781              13
   4.05999804              13
   4.06999826              13
   4.07999849              13
   4.08999872              13
   4.09999895              13
   4.10999918              13
   4.11999941              13
   4.12999964              13
   4.13999987              13
   4.15000010              12
   4.16000032              12
   4.17000055              11
   4.18000078              11
   4.19000101              11
   4.20000124              11
   4.21000147              10
   4.22000170              10
   4.23000193              10
   4.24000216              10
   4.25000238              10
   4.26000261              10
   4.27000284              10
   4.28000307              10
   4.29000330               9
   4.30000353               9
   4.31000376               9
   4.32000399               9
   4.33000422               9
   4.34000444               9
   4.35000467               8
   4.36000490               8
   4.37000513               8
   4.38000536               8
   4.39000559               8
   4.40000582               8
   4.41000605               8
   4.42000628               8
   4.43000650               8
   4.44000673               8
   4.45000696               8
   4.46000719               8
   4.47000742               8
   4.48000765               8
   4.49000788               8
   4.50000811               8
   4.51000834               8
   4.52000856               8
   4.53000879               8
   4.54000902               8
   4.55000925               8
   4.56000948               8
   4.57000971               7
   4.58000994               6
   4.59001017               6
   4.60001040               6
   4.61001062               6
   4.62001085               6
   4.63001108               6
   4.64001131               6
   4.65001154               6
   4.66001177               6
   4.67001200               6
   4.68001223               6
   4.69001245               6
   4.70001268               6
   4.71001291               6
   4.72001314               6
   4.73001337               6
   4.74001360               6
   4.75001383               6
   4.76001406               6
   4.77001429               6
   4.78001451               6
   4.79001474               6
   4.80001497               6
   4.81001520               6
   4.82001543               6
   4.83001566               6
   4.84001589               6
   4.85001612               6
   4.86001635               6
   4.87001657               6
   4.88001680               6
   4.89001703               6
   4.90001726               6
   4.91001749               5
   4.92001772               5
   4.93001795               5
   4.94001818               5
   4.95001841               5
   4.96001863               5
   4.97001886               5
   4.98001909               4
   4.99001932               4
   5.00001955               4
   5.01001978               3
   5.02002001               3
   5.03002024               3
   5.04002047               3
   5.05002069               3
   5.06002092               3
   5.07002115               3
   5.08002138               3
   5.09002161               3
   5.10002184               3
   5.11002207               3
   5.12002230               3
   5.13002253               3
   5.14002275               3
   5.15002298               3
   5.16002321               3
   5.17002344               2
   5.18002367               2
   5.19002390               2
   5.20002413               2
   5.21002436               2
   5.22002459               2
   5.23002481               2
   5.24002504               2
   5.25002527               2
   5.26002550               2
   5.27002573               2
   5.28002596               2
   5.29002619               2
   5.30002642               2
   5.31002665               2
   5.32002687               2
   5.33002710               2
   5.34002733               2
   5.35002756               2
   5.36002779               2
   5.37002802               2
   5.38002825               2
   5.39002848               2
   5.40002871               2
   5.41002893               2
   5.42002916               2
   5.43002939               2
   5.44002962               2
   5.45002985               2
   5.46003008               2
   5.47003031               2
   5.48003054               1
   5.49003077               1
   5.50003099               1
   5.51003122               1
   5.52003145               1
   5.53003168               1
   5.54003191               1
   5.55003214               1
   5.56003237               1
   5.57003260               1
   5.58003283               1
   5.59003305               1
   5.60003328               1
   5.61003351               1
   5.62003374               1
   5.63003397               1
   5.64003420               1
   5.65003443               1
   5.66003466               1
   5.67003489               1
   5.68003511               1
   5.69003534               1
   5.70003557               1
   5.71003580               1
   5.72003603               1
   5.73003626               1
   5.74003649               1
   5.75003672               1
   5.76003695               1
   5.77003717               1
   5.78003740               1
   5.79003763               1
   5.80003786               1
   5.81003809               1
   5.82003832               1
   5.83003855               1
   5.84003878               1
   5.85003901               1
   5.86003923               1
   5.87003946               1
   5.88003969               1
   5.89003992               1
   5.90004015               1
   5.91004038               1
   5.92004061               1
   5.93004084               1
   5.94004107               1
   5.95004129               1
   5.96004152               1
   5.97004175               1
   5.98004198               1
   5.99004221               1
   6.00004244               1
   6.01004267               1
   6.02004290               1
   6.03004313               1
   6.04004335               1
   6.05004358               1
   6.06004381               1
   6.07004404               1
   6.08004427               1
   6.09004450               1
   6.10004473               1
   6.11004496               1
   6.12004519               1
   6.13004541               1
   6.14004564               1
   6.15004587               1
   6.16004610               1
   6.17004633               1
   6.18004656               1
   6.19004679               1
   6.20004702               1
   6.21004725               1
   6.22004747               1
   6.23004770               1
   6.24004793               1
   6.25004816               1
   6.26004839               1
   6.27004862               1
   6.28004885               1
   6.29004908               1
   6.30004930               1
   6.31004953               1
   6.32004976               1
   6.33004999               1
   6.34005022               1
   6.35005045               1
   6.36005068               1
   6.37005091               1
   6.38005114               1
   6.39005136               1
   6.40005159               1
   6.41005182               1
   6.42005205               1
   6.43005228               1
   6.44005251               1
   6.45005274               1
   6.46005297               1
   6.47005320               1
   6.48005342               1
   6.49005365               1
   6.50005388               1
   6.51005411               1
   6.52005434               1
   6.53005457               1
   6.54005480               1
   6.55005503               1
   6.56005526               1
   6.57005548               1
   6.58005571               1
   6.59005594               1
   6.60005617               1
   6.61005640               1
   6.62005663               1
   6.63005686               1
   6.64005709               1
   6.65005732               1
   6.66005754               1
   6.67005777               1
   6.68005800               1
   6.69005823               1
   6.70005846               1
   6.71005869               1
   6.72005892               1
   6.73005915               1
   6.74005938               1
   6.75005960               1
   6.76005983               1
   6.77006006               1
   6.78006029               1
   6.79006052               1
   6.80006075               1
   6.81006098               1
   6.82006121               1
   6.83006144               1
   6.84006166               1
   6.85006189               1
   6.86006212               1
   6.87006235               1
   6.88006258               1
   6.89006281               1
   6.90006304               1
   6.91006327               1
   6.92006350               1
   6.93006372               1
   6.94006395               1
   6.95006418               1
   6.96006441               1
   6.97006464               1
   6.98006487               1
   6.99006510               1
   7.00006533               1
   7.01006556               1
   7.02006578               1
   7.03006601               1
   7.04006624               1
   7.05006647               1
   7.06006670               1
   7.07006693               1
   7.08006716               1
   7.09006739               1
   7.10006762               1
   7.11006784               1
   7.12006807               1
   7.13006830               1
   7.14006853               1
   7.15006876               1
   7.16006899               1
   7.17006922               1
   7.18006945               1
   7.19006968               1
   7.20006990               1
   7.21007013               1
   7.22007036               1
   7.23007059               1
   7.24007082               1
   7.25007105               1
   7.26007128               1
   7.27007151               1
   7.28007174               1
   7.29007196               1
   7.30007219               1
   7.31007242               1
   7.32007265               1
   7.33007288               1
   7.34007311               1
   7.35007334               1
   7.36007357               1
   7.37007380               1
   7.38007402               1
   7.39007425               1
   7.40007448               1
   7.41007471               1
   7.42007494               1
   7.43007517               1
   7.44007540               1
   7.45007563               1
   7.46007586               1
   7.47007608               1
   7.48007631               1
   7.49007654               1
   7.50007677               1
   7.51007700               1
   7.52007723               1
   7.53007746               1
   7.54007769               1
   7.55007792               1
   7.56007814               1
   7.57007837               1
   7.58007860               1
   7.59007883               1
   7.60007906               1
   7.61007929               1
   7.62007952               1
   7.63007975               1
   7.64007998               1
   7.65008020               1
   7.66008043               1
   7.67008066               1
   7.68008089               1
   7.69008112               1
   7.70008135               1
   7.71008158               1
   7.72008181               1
   7.73008204               1
   7.74008226               1
   7.75008249               1
   7.76008272               1
   7.77008295               1
   7.78008318               1
   7.79008341               1
   7.80008364               1
   7.81008387               1
   7.82008410               1
   7.83008432               1
   7.84008455               1
   7.85008478               1
   7.86008501               1
   7.87008524               1
   7.88008547               1
   7.89008570               1
   7.90008593               1
   7.91008615               1
   7.92008638               1
   7.93008661               1
   7.94008684               1
   7.95008707               1
   7.96008730               1
   7.97008753               1
   7.98008776               1
   7.99008799               1
   8.00008774               1
