   0.00000000             991
   9.99999978E-03         980
   1.99999996E-02         974
   2.99999993E-02         957
   3.99999991E-02         945
   4.99999970E-02         934
   5.99999949E-02         928
   6.99999928E-02         919
   7.99999908E-02         908
   8.99999887E-02         900
   9.99999866E-02         894
  0.109999985             876
  0.119999982             869
  0.129999980             851
  0.139999986             842
  0.149999991             837
  0.159999996             830
  0.170000002             820
  0.180000007             812
  0.190000013             807
  0.200000018             798
  0.210000023             789
  0.220000029             779
  0.230000034             774
  0.240000039             766
  0.250000030             759
  0.260000020             751
  0.270000011             740
  0.280000001             736
  0.289999992             730
  0.299999982             723
  0.309999973             718
  0.319999963             707
  0.329999954             698
  0.339999944             689
  0.349999934             683
  0.359999925             677
  0.369999915             673
  0.379999906             668
  0.389999896             662
  0.399999887             657
  0.409999877             651
  0.419999868             648
  0.429999858             643
  0.439999849             635
  0.449999839             633
  0.459999830             623
  0.469999820             619
  0.479999810             614
  0.489999801             612
  0.499999791             605
  0.509999812             600
  0.519999802             593
  0.529999793             588
  0.539999783             583
  0.549999774             576
  0.559999764             570
  0.569999754             565
  0.579999745             560
  0.589999735             555
  0.599999726             551
  0.609999716             548
  0.619999707             547
  0.629999697             541
  0.639999688             536
  0.649999678             527
  0.659999669             520
  0.669999659             515
  0.679999650             512
  0.689999640             509
  0.699999630             503
  0.709999621             501
  0.719999611             497
  0.729999602             484
  0.739999592             482
  0.749999583             474
  0.759999573             469
  0.769999564             462
  0.779999554             456
  0.789999545             451
  0.799999535             446
  0.809999526             443
  0.819999516             442
  0.829999506             438
  0.839999497             430
  0.849999487             427
  0.859999478             425
  0.869999468             423
  0.879999459             418
  0.889999449             415
  0.899999440             412
  0.909999430             407
  0.919999421             401
  0.929999411             396
  0.939999402             393
  0.949999392             392
  0.959999382             389
  0.969999373             388
  0.979999363             384
  0.989999354             381
  0.999999344             377
   1.00999939             372
   1.01999938             369
   1.02999938             368
   1.03999937             364
   1.04999936             361
   1.05999935             358
   1.06999934             352
   1.07999933             347
   1.08999932             340
   1.09999931             339
   1.10999930             337
   1.11999929             334
   1.12999928             331
   1.13999927             329
   1.14999926             327
   1.15999925             325
   1.16999924             324
   1.17999923             322
   1.18999922             321
   1.19999921             319
   1.20999920             314
   1.21999919             308
   1.22999918             303
   1.23999918             301
   1.24999917             296
   1.25999916             292
   1.26999915             288
   1.27999914             282
   1.28999913             277
   1.29999912             274
   1.30999911             273
   1.31999910             271
   1.32999909             270
   1.33999908             266
   1.34999907             261
   1.35999906             257
   1.36999905             254
   1.37999904             249
   1.38999903             246
   1.39999902             245
   1.40999901             243
   1.41999900             240
   1.42999899             236
   1.43999898             232
   1.44999897             229
   1.45999897             227
   1.46999896             227
   1.47999895             223
   1.48999894             221
   1.49999893             220
   1.50999892             218
   1.51999891             215
   1.52999890             214
   1.53999889             211
   1.54999888             208
   1.55999887             204
   1.56999886             203
   1.57999885             201
   1.58999884             198
   1.59999883             197
   1.60999882             195
   1.61999881             195
   1.62999880             194
   1.63999879             194
   1.64999878             194
   1.65999877             194
   1.66999876             194
   1.67999876             192
   1.68999875             185
   1.69999874             183
   1.70999873             182
   1.71999872             181
   1.72999871             179
   1.73999870             178
   1.74999869             178
   1.75999868             175
   1.76999867             175
   1.77999866             172
   1.78999865             171
   1.79999864             169
   1.80999863             168
   1.81999862             164
   1.82999861             162
   1.83999860             160
   1.84999859             160
   1.85999858             159
   1.86999857             158
   1.87999856             157
   1.88999856             157
   1.89999855             156
   1.90999854             154
   1.91999853             153
   1.92999852             151
   1.93999851             148
   1.94999850             146
   1.95999849             144
   1.96999848             141
   1.97999847             141
   1.98999846             141
   1.99999845             138
   2.00999856             136
   2.01999855             136
   2.02999854             135
   2.03999853             133
   2.04999852             130
   2.05999851             130
   2.06999850             129
   2.07999849             128
   2.08999848             128
   2.09999847             127
   2.10999846             127
   2.11999846             125
   2.12999845             125
   2.13999844             123
   2.14999843             121
   2.15999842             119
   2.16999841             119
   2.17999840             116
   2.18999839             116
   2.19999838             116
   2.20999837             113
   2.21999836             112
   2.22999835             112
   2.23999834             109
   2.24999833             109
   2.25999832             107
   2.26999831             104
   2.27999830             104
   2.28999829             103
   2.29999828             101
   2.30999827             100
   2.31999826             100
   2.32999825              99
   2.33999825              98
   2.34999824              97
   2.35999823              97
   2.36999822              96
   2.37999821              94
   2.38999820              92
   2.39999819              91
   2.40999818              91
   2.41999817              89
   2.42999816              88
   2.43999815              88
   2.44999814              88
   2.45999813              87
   2.46999812              86
   2.47999811              85
   2.48999810              84
   2.49999809              84
   2.50999808              84
   2.51999807              82
   2.52999806              81
   2.53999805              81
   2.54999804              81
   2.55999804              80
   2.56999803              80
   2.57999802              79
   2.58999801              77
   2.59999800              77
   2.60999799              75
   2.61999798              73
   2.62999797              72
   2.63999796              72
   2.64999795              69
   2.65999794              69
   2.66999793              69
   2.67999792              67
   2.68999791              66
   2.69999790              66
   2.70999789              66
   2.71999788              66
   2.72999787              66
   2.73999786              65
   2.74999785              65
   2.75999784              64
   2.76999784              62
   2.77999783              61
   2.78999782              61
   2.79999781              60
   2.80999780              60
   2.81999779              57
   2.82999778              56
   2.83999777              55
   2.84999776              54
   2.85999775              54
   2.86999774              54
   2.87999773              54
   2.88999772              54
   2.89999771              54
   2.90999770              54
   2.91999769              54
   2.92999768              54
   2.93999767              53
   2.94999766              53
   2.95999765              53
   2.96999764              53
   2.97999763              53
   2.98999763              52
   2.99999762              52
   3.00999761              52
   3.01999760              50
   3.02999759              50
   3.03999758              49
   3.04999757              48
   3.05999756              48
   3.06999755              48
   3.07999754              47
   3.08999753              47
   3.09999752              46
   3.10999751              46
   3.11999750              46
   3.12999749              46
   3.13999748              46
   3.14999747              46
   3.15999746              46
   3.16999745              46
   3.17999744              46
   3.18999743              45
   3.19999743              44
   3.20999742              43
   3.21999741              43
   3.22999740              43
   3.23999739              43
   3.24999738              43
   3.25999737              42
   3.26999736              42
   3.27999735              42
   3.28999734              42
   3.29999733              40
   3.30999732              40
   3.31999731              39
   3.32999730              38
   3.33999729              38
   3.34999728              38
   3.35999727              36
   3.36999726              36
   3.37999725              34
   3.38999724              33
   3.39999723              31
   3.40999722              31
   3.41999722              29
   3.42999721              29
   3.43999720              29
   3.44999719              29
   3.45999718              29
   3.46999717              29
   3.47999716              29
   3.48999715              29
   3.49999714              29
   3.50999713              29
   3.51999712              29
   3.52999711              29
   3.53999710              29
   3.54999709              29
   3.55999708              29
   3.56999707              29
   3.57999706              29
   3.58999705              29
   3.59999704              29
   3.60999703              29
   3.61999702              28
   3.62999701              28
   3.63999701              28
   3.64999700              28
   3.65999699              28
   3.66999698              28
   3.67999697              28
   3.68999696              28
   3.69999695              28
   3.70999694              28
   3.71999693              28
   3.72999692              27
   3.73999691              27
   3.74999690              27
   3.75999689              26
   3.76999688              25
   3.77999687              25
   3.78999686              25
   3.79999685              25
   3.80999684              25
   3.81999683              25
   3.82999682              25
   3.83999681              25
   3.84999681              25
   3.85999680              25
   3.86999679              25
   3.87999678              23
   3.88999677              21
   3.89999676              21
   3.90999675              21
   3.91999674              21
   3.92999673              20
   3.93999672              20
   3.94999671              20
   3.95999670              20
   3.96999669              20
   3.97999668              20
   3.98999667              20
   3.99999666              19
   4.00999689              18
   4.01999712              18
   4.02999735              18
   4.03999758              17
   4.04999781              17
   4.05999804              17
   4.06999826              17
   4.07999849              16
   4.08999872              16
   4.09999895              16
   4.10999918              16
   4.11999941              16
   4.12999964              16
   4.13999987              16
   4.15000010              16
   4.16000032              16
   4.17000055              16
   4.18000078              16
   4.19000101              15
   4.20000124              15
   4.21000147              15
   4.22000170              15
   4.23000193              14
   4.24000216              13
   4.25000238              13
   4.26000261              13
   4.27000284              13
   4.28000307              13
   4.29000330              13
   4.30000353              13
   4.31000376              13
   4.32000399              13
   4.33000422              13
   4.34000444              13
   4.35000467              13
   4.36000490              13
   4.37000513              13
   4.38000536              13
   4.39000559              13
   4.40000582              13
   4.41000605              13
   4.42000628              13
   4.43000650              12
   4.44000673              12
   4.45000696              12
   4.46000719              12
   4.47000742              12
   4.48000765              12
   4.49000788              12
   4.50000811              12
   4.51000834              12
   4.52000856              12
   4.53000879              12
   4.54000902              12
   4.55000925              11
   4.56000948              11
   4.57000971              10
   4.58000994              10
   4.59001017               8
   4.60001040               8
   4.61001062               8
   4.62001085               8
   4.63001108               8
   4.64001131               8
   4.65001154               8
   4.66001177               8
   4.67001200               8
   4.68001223               8
   4.69001245               8
   4.70001268               8
   4.71001291               8
   4.72001314               8
   4.73001337               8
   4.74001360               8
   4.75001383               8
   4.76001406               8
   4.77001429               8
   4.78001451               8
   4.79001474               8
   4.80001497               8
   4.81001520               8
   4.82001543               8
   4.83001566               8
   4.84001589               8
   4.85001612               8
   4.86001635               8
   4.87001657               8
   4.88001680               8
   4.89001703               8
   4.90001726               8
   4.91001749               8
   4.92001772               8
   4.93001795               8
   4.94001818               8
   4.95001841               8
   4.96001863               8
   4.97001886               8
   4.98001909               8
   4.99001932               8
   5.00001955               8
   5.01001978               8
   5.02002001               8
   5.03002024               8
   5.04002047               8
   5.05002069               8
   5.06002092               8
   5.07002115               8
   5.08002138               8
   5.09002161               8
   5.10002184               7
   5.11002207               7
   5.12002230               7
   5.13002253               7
   5.14002275               7
   5.15002298               7
   5.16002321               7
   5.17002344               7
   5.18002367               7
   5.19002390               7
   5.20002413               7
   5.21002436               7
   5.22002459               7
   5.23002481               7
   5.24002504               7
   5.25002527               7
   5.26002550               6
   5.27002573               6
   5.28002596               6
   5.29002619               6
   5.30002642               6
   5.31002665               6
   5.32002687               6
   5.33002710               5
   5.34002733               5
   5.35002756               5
   5.36002779               5
   5.37002802               5
   5.38002825               5
   5.39002848               5
   5.40002871               5
   5.41002893               5
   5.42002916               5
   5.43002939               5
   5.44002962               5
   5.45002985               5
   5.46003008               5
   5.47003031               5
   5.48003054               5
   5.49003077               5
   5.50003099               5
   5.51003122               5
   5.52003145               5
   5.53003168               5
   5.54003191               5
   5.55003214               5
   5.56003237               5
   5.57003260               5
   5.58003283               5
   5.59003305               5
   5.60003328               5
   5.61003351               5
   5.62003374               5
   5.63003397               5
   5.64003420               5
   5.65003443               5
   5.66003466               5
   5.67003489               5
   5.68003511               5
   5.69003534               5
   5.70003557               5
   5.71003580               5
   5.72003603               5
   5.73003626               5
   5.74003649               5
   5.75003672               5
   5.76003695               5
   5.77003717               5
   5.78003740               5
   5.79003763               5
   5.80003786               5
   5.81003809               5
   5.82003832               4
   5.83003855               4
   5.84003878               4
   5.85003901               4
   5.86003923               4
   5.87003946               4
   5.88003969               4
   5.89003992               4
   5.90004015               4
   5.91004038               4
   5.92004061               4
   5.93004084               4
   5.94004107               4
   5.95004129               4
   5.96004152               4
   5.97004175               4
   5.98004198               4
   5.99004221               4
   6.00004244               4
   6.01004267               4
   6.02004290               4
   6.03004313               4
   6.04004335               4
   6.05004358               4
   6.06004381               4
   6.07004404               4
   6.08004427               4
   6.09004450               4
   6.10004473               4
   6.11004496               4
   6.12004519               4
   6.13004541               4
   6.14004564               4
   6.15004587               4
   6.16004610               4
   6.17004633               4
   6.18004656               4
   6.19004679               4
   6.20004702               4
   6.21004725               4
   6.22004747               4
   6.23004770               4
   6.24004793               4
   6.25004816               4
   6.26004839               4
   6.27004862               4
   6.28004885               4
   6.29004908               4
   6.30004930               4
   6.31004953               4
   6.32004976               4
   6.33004999               4
   6.34005022               4
   6.35005045               4
   6.36005068               4
   6.37005091               4
   6.38005114               3
   6.39005136               2
   6.40005159               2
   6.41005182               2
   6.42005205               2
   6.43005228               2
   6.44005251               2
   6.45005274               2
   6.46005297               2
   6.47005320               2
   6.48005342               2
   6.49005365               2
   6.50005388               2
   6.51005411               2
   6.52005434               2
   6.53005457               2
   6.54005480               2
   6.55005503               2
   6.56005526               2
   6.57005548               2
   6.58005571               2
   6.59005594               2
   6.60005617               2
   6.61005640               2
   6.62005663               2
   6.63005686               2
   6.64005709               2
   6.65005732               2
   6.66005754               2
   6.67005777               2
   6.68005800               2
   6.69005823               2
   6.70005846               2
   6.71005869               2
   6.72005892               2
   6.73005915               2
   6.74005938               2
   6.75005960               2
   6.76005983               2
   6.77006006               2
   6.78006029               2
   6.79006052               2
   6.80006075               2
   6.81006098               2
   6.82006121               2
   6.83006144               2
   6.84006166               2
   6.85006189               2
   6.86006212               2
   6.87006235               2
   6.88006258               2
   6.89006281               2
   6.90006304               2
   6.91006327               2
   6.92006350               2
   6.93006372               2
   6.94006395               2
   6.95006418               2
   6.96006441               2
   6.97006464               2
   6.98006487               2
   6.99006510               2
   7.00006533               2
   7.01006556               2
   7.02006578               2
   7.03006601               2
   7.04006624               2
   7.05006647               2
   7.06006670               2
   7.07006693               2
   7.08006716               2
   7.09006739               2
   7.10006762               2
   7.11006784               2
   7.12006807               2
   7.13006830               2
   7.14006853               2
   7.15006876               2
   7.16006899               2
   7.17006922               2
   7.18006945               2
   7.19006968               2
   7.20006990               2
   7.21007013               2
   7.22007036               2
   7.23007059               2
   7.24007082               2
   7.25007105               2
   7.26007128               2
   7.27007151               2
   7.28007174               2
   7.29007196               2
   7.30007219               2
   7.31007242               2
   7.32007265               2
   7.33007288               2
   7.34007311               2
   7.35007334               2
   7.36007357               2
   7.37007380               2
   7.38007402               2
   7.39007425               2
   7.40007448               2
   7.41007471               2
   7.42007494               2
   7.43007517               2
   7.44007540               2
   7.45007563               2
   7.46007586               2
   7.47007608               2
   7.48007631               2
   7.49007654               2
   7.50007677               2
   7.51007700               2
   7.52007723               2
   7.53007746               2
   7.54007769               2
   7.55007792               2
   7.56007814               2
   7.57007837               2
   7.58007860               2
   7.59007883               2
   7.60007906               2
   7.61007929               2
   7.62007952               2
   7.63007975               2
   7.64007998               2
   7.65008020               2
   7.66008043               2
   7.67008066               2
   7.68008089               2
   7.69008112               2
   7.70008135               2
   7.71008158               2
   7.72008181               2
   7.73008204               2
   7.74008226               2
   7.75008249               2
   7.76008272               2
   7.77008295               2
   7.78008318               2
   7.79008341               2
   7.80008364               2
   7.81008387               2
   7.82008410               2
   7.83008432               2
   7.84008455               2
   7.85008478               2
   7.86008501               2
   7.87008524               2
   7.88008547               2
   7.89008570               2
   7.90008593               2
   7.91008615               2
   7.92008638               2
   7.93008661               2
   7.94008684               2
   7.95008707               2
   7.96008730               2
   7.97008753               2
   7.98008776               2
   7.99008799               2
   8.00008774               2
