   0.00000000             996
   9.99999978E-03         987
   1.99999996E-02         975
   2.99999993E-02         969
   3.99999991E-02         963
   4.99999970E-02         955
   5.99999949E-02         946
   6.99999928E-02         942
   7.99999908E-02         935
   8.99999887E-02         920
   9.99999866E-02         917
  0.109999985             906
  0.119999982             892
  0.129999980             884
  0.139999986             874
  0.149999991             863
  0.159999996             858
  0.170000002             850
  0.180000007             843
  0.190000013             833
  0.200000018             826
  0.210000023             821
  0.220000029             811
  0.230000034             803
  0.240000039             792
  0.250000030             788
  0.260000020             780
  0.270000011             770
  0.280000001             760
  0.289999992             755
  0.299999982             741
  0.309999973             737
  0.319999963             729
  0.329999954             723
  0.339999944             720
  0.349999934             711
  0.359999925             705
  0.369999915             701
  0.379999906             689
  0.389999896             683
  0.399999887             675
  0.409999877             671
  0.419999868             665
  0.429999858             658
  0.439999849             653
  0.449999839             645
  0.459999830             640
  0.469999820             631
  0.479999810             625
  0.489999801             618
  0.499999791             611
  0.509999812             602
  0.519999802             598
  0.529999793             594
  0.539999783             591
  0.549999774             585
  0.559999764             582
  0.569999754             571
  0.579999745             564
  0.589999735             560
  0.599999726             555
  0.609999716             552
  0.619999707             549
  0.629999697             544
  0.639999688             533
  0.649999678             531
  0.659999669             527
  0.669999659             519
  0.679999650             512
  0.689999640             508
  0.699999630             507
  0.709999621             502
  0.719999611             495
  0.729999602             487
  0.739999592             483
  0.749999583             474
  0.759999573             470
  0.769999564             461
  0.779999554             457
  0.789999545             452
  0.799999535             445
  0.809999526             441
  0.819999516             439
  0.829999506             434
  0.839999497             430
  0.849999487             423
  0.859999478             415
  0.869999468             408
  0.879999459             401
  0.889999449             398
  0.899999440             398
  0.909999430             392
  0.919999421             389
  0.929999411             387
  0.939999402             383
  0.949999392             379
  0.959999382             377
  0.969999373             372
  0.979999363             368
  0.989999354             362
  0.999999344             357
   1.00999939             354
   1.01999938             353
   1.02999938             349
   1.03999937             347
   1.04999936             342
   1.05999935             339
   1.06999934             337
   1.07999933             334
   1.08999932             330
   1.09999931             325
   1.10999930             323
   1.11999929             319
   1.12999928             317
   1.13999927             316
   1.14999926             312
   1.15999925             306
   1.16999924             303
   1.17999923             299
   1.18999922             296
   1.19999921             294
   1.20999920             293
   1.21999919             290
   1.22999918             284
   1.23999918             281
   1.24999917             279
   1.25999916             277
   1.26999915             277
   1.27999914             275
   1.28999913             272
   1.29999912             268
   1.30999911             267
   1.31999910             267
   1.32999909             264
   1.33999908             262
   1.34999907             260
   1.35999906             257
   1.36999905             255
   1.37999904             251
   1.38999903             248
   1.39999902             246
   1.40999901             244
   1.41999900             242
   1.42999899             238
   1.43999898             238
   1.44999897             235
   1.45999897             233
   1.46999896             232
   1.47999895             231
   1.48999894             230
   1.49999893             226
   1.50999892             223
   1.51999891             221
   1.52999890             220
   1.53999889             215
   1.54999888             215
   1.55999887             213
   1.56999886             211
   1.57999885             210
   1.58999884             209
   1.59999883             206
   1.60999882             205
   1.61999881             205
   1.62999880             204
   1.63999879             202
   1.64999878             200
   1.65999877             198
   1.66999876             196
   1.67999876             193
   1.68999875             189
   1.69999874             188
   1.70999873             184
   1.71999872             183
   1.72999871             179
   1.73999870             176
   1.74999869             174
   1.75999868             172
   1.76999867             172
   1.77999866             170
   1.78999865             170
   1.79999864             168
   1.80999863             167
   1.81999862             166
   1.82999861             165
   1.83999860             165
   1.84999859             164
   1.85999858             160
   1.86999857             158
   1.87999856             158
   1.88999856             158
   1.89999855             156
   1.90999854             156
   1.91999853             155
   1.92999852             151
   1.93999851             148
   1.94999850             147
   1.95999849             145
   1.96999848             145
   1.97999847             143
   1.98999846             140
   1.99999845             140
   2.00999856             140
   2.01999855             140
   2.02999854             140
   2.03999853             138
   2.04999852             136
   2.05999851             136
   2.06999850             134
   2.07999849             133
   2.08999848             130
   2.09999847             130
   2.10999846             125
   2.11999846             124
   2.12999845             123
   2.13999844             123
   2.14999843             121
   2.15999842             120
   2.16999841             119
   2.17999840             115
   2.18999839             115
   2.19999838             113
   2.20999837             111
   2.21999836             108
   2.22999835             108
   2.23999834             108
   2.24999833             108
   2.25999832             104
   2.26999831             103
   2.27999830             102
   2.28999829             101
   2.29999828             100
   2.30999827              97
   2.31999826              96
   2.32999825              93
   2.33999825              91
   2.34999824              91
   2.35999823              88
   2.36999822              86
   2.37999821              85
   2.38999820              85
   2.39999819              83
   2.40999818              82
   2.41999817              80
   2.42999816              77
   2.43999815              76
   2.44999814              75
   2.45999813              74
   2.46999812              73
   2.47999811              69
   2.48999810              68
   2.49999809              66
   2.50999808              65
   2.51999807              64
   2.52999806              64
   2.53999805              64
   2.54999804              64
   2.55999804              62
   2.56999803              62
   2.57999802              60
   2.58999801              59
   2.59999800              59
   2.60999799              59
   2.61999798              58
   2.62999797              58
   2.63999796              57
   2.64999795              57
   2.65999794              57
   2.66999793              56
   2.67999792              56
   2.68999791              55
   2.69999790              54
   2.70999789              54
   2.71999788              53
   2.72999787              53
   2.73999786              52
   2.74999785              51
   2.75999784              50
   2.76999784              49
   2.77999783              49
   2.78999782              49
   2.79999781              49
   2.80999780              49
   2.81999779              48
   2.82999778              48
   2.83999777              48
   2.84999776              47
   2.85999775              47
   2.86999774              46
   2.87999773              46
   2.88999772              45
   2.89999771              45
   2.90999770              44
   2.91999769              44
   2.92999768              44
   2.93999767              44
   2.94999766              44
   2.95999765              44
   2.96999764              44
   2.97999763              44
   2.98999763              44
   2.99999762              43
   3.00999761              42
   3.01999760              42
   3.02999759              42
   3.03999758              42
   3.04999757              42
   3.05999756              41
   3.06999755              41
   3.07999754              40
   3.08999753              39
   3.09999752              38
   3.10999751              38
   3.11999750              38
   3.12999749              38
   3.13999748              38
   3.14999747              38
   3.15999746              38
   3.16999745              38
   3.17999744              38
   3.18999743              38
   3.19999743              37
   3.20999742              36
   3.21999741              36
   3.22999740              35
   3.23999739              33
   3.24999738              33
   3.25999737              32
   3.26999736              32
   3.27999735              32
   3.28999734              32
   3.29999733              32
   3.30999732              32
   3.31999731              32
   3.32999730              31
   3.33999729              30
   3.34999728              29
   3.35999727              29
   3.36999726              29
   3.37999725              27
   3.38999724              27
   3.39999723              27
   3.40999722              26
   3.41999722              26
   3.42999721              25
   3.43999720              24
   3.44999719              24
   3.45999718              24
   3.46999717              24
   3.47999716              24
   3.48999715              23
   3.49999714              23
   3.50999713              23
   3.51999712              22
   3.52999711              22
   3.53999710              22
   3.54999709              22
   3.55999708              22
   3.56999707              21
   3.57999706              20
   3.58999705              20
   3.59999704              20
   3.60999703              18
   3.61999702              18
   3.62999701              18
   3.63999701              18
   3.64999700              18
   3.65999699              18
   3.66999698              18
   3.67999697              18
   3.68999696              17
   3.69999695              17
   3.70999694              17
   3.71999693              17
   3.72999692              17
   3.73999691              17
   3.74999690              17
   3.75999689              17
   3.76999688              16
   3.77999687              16
   3.78999686              16
   3.79999685              16
   3.80999684              16
   3.81999683              16
   3.82999682              16
   3.83999681              16
   3.84999681              16
   3.85999680              16
   3.86999679              16
   3.87999678              15
   3.88999677              15
   3.89999676              15
   3.90999675              14
   3.91999674              13
   3.92999673              13
   3.93999672              13
   3.94999671              13
   3.95999670              13
   3.96999669              13
   3.97999668              13
   3.98999667              13
   3.99999666              12
   4.00999689              12
   4.01999712              12
   4.02999735              12
   4.03999758              12
   4.04999781              12
   4.05999804              12
   4.06999826              12
   4.07999849              11
   4.08999872              11
   4.09999895              11
   4.10999918              11
   4.11999941              11
   4.12999964              11
   4.13999987              11
   4.15000010              11
   4.16000032              11
   4.17000055              11
   4.18000078              11
   4.19000101              11
   4.20000124              10
   4.21000147              10
   4.22000170              10
   4.23000193               9
   4.24000216               9
   4.25000238               9
   4.26000261               8
   4.27000284               8
   4.28000307               8
   4.29000330               8
   4.30000353               7
   4.31000376               7
   4.32000399               7
   4.33000422               7
   4.34000444               7
   4.35000467               7
   4.36000490               7
   4.37000513               7
   4.38000536               7
   4.39000559               7
   4.40000582               7
   4.41000605               7
   4.42000628               7
   4.43000650               7
   4.44000673               7
   4.45000696               7
   4.46000719               7
   4.47000742               7
   4.48000765               7
   4.49000788               7
   4.50000811               7
   4.51000834               7
   4.52000856               7
   4.53000879               7
   4.54000902               7
   4.55000925               7
   4.56000948               7
   4.57000971               7
   4.58000994               7
   4.59001017               7
   4.60001040               7
   4.61001062               7
   4.62001085               7
   4.63001108               7
   4.64001131               7
   4.65001154               7
   4.66001177               7
   4.67001200               7
   4.68001223               7
   4.69001245               7
   4.70001268               7
   4.71001291               7
   4.72001314               7
   4.73001337               7
   4.74001360               7
   4.75001383               7
   4.76001406               7
   4.77001429               7
   4.78001451               7
   4.79001474               7
   4.80001497               7
   4.81001520               7
   4.82001543               7
   4.83001566               7
   4.84001589               7
   4.85001612               7
   4.86001635               7
   4.87001657               7
   4.88001680               7
   4.89001703               7
   4.90001726               7
   4.91001749               7
   4.92001772               7
   4.93001795               7
   4.94001818               7
   4.95001841               7
   4.96001863               7
   4.97001886               7
   4.98001909               6
   4.99001932               6
   5.00001955               6
   5.01001978               6
   5.02002001               5
   5.03002024               5
   5.04002047               5
   5.05002069               5
   5.06002092               5
   5.07002115               5
   5.08002138               5
   5.09002161               4
   5.10002184               4
   5.11002207               4
   5.12002230               4
   5.13002253               4
   5.14002275               4
   5.15002298               4
   5.16002321               4
   5.17002344               4
   5.18002367               4
   5.19002390               4
   5.20002413               4
   5.21002436               4
   5.22002459               4
   5.23002481               4
   5.24002504               3
   5.25002527               3
   5.26002550               3
   5.27002573               3
   5.28002596               3
   5.29002619               3
   5.30002642               3
   5.31002665               3
   5.32002687               3
   5.33002710               3
   5.34002733               3
   5.35002756               3
   5.36002779               3
   5.37002802               3
   5.38002825               3
   5.39002848               3
   5.40002871               3
   5.41002893               3
   5.42002916               3
   5.43002939               3
   5.44002962               3
   5.45002985               3
   5.46003008               3
   5.47003031               3
   5.48003054               3
   5.49003077               3
   5.50003099               3
   5.51003122               3
   5.52003145               3
   5.53003168               3
   5.54003191               3
   5.55003214               3
   5.56003237               3
   5.57003260               3
   5.58003283               3
   5.59003305               3
   5.60003328               3
   5.61003351               3
   5.62003374               3
   5.63003397               3
   5.64003420               2
   5.65003443               2
   5.66003466               2
   5.67003489               2
   5.68003511               2
   5.69003534               2
   5.70003557               2
   5.71003580               2
   5.72003603               2
   5.73003626               2
   5.74003649               2
   5.75003672               2
   5.76003695               2
   5.77003717               2
   5.78003740               2
   5.79003763               2
   5.80003786               2
   5.81003809               2
   5.82003832               2
   5.83003855               2
   5.84003878               2
   5.85003901               2
   5.86003923               2
   5.87003946               2
   5.88003969               2
   5.89003992               2
   5.90004015               2
   5.91004038               2
   5.92004061               2
   5.93004084               2
   5.94004107               2
   5.95004129               2
   5.96004152               2
   5.97004175               2
   5.98004198               2
   5.99004221               2
   6.00004244               2
   6.01004267               2
   6.02004290               2
   6.03004313               2
   6.04004335               2
   6.05004358               2
   6.06004381               2
   6.07004404               2
   6.08004427               1
   6.09004450               1
   6.10004473               1
   6.11004496               1
   6.12004519               1
   6.13004541               1
   6.14004564               1
   6.15004587               1
   6.16004610               1
   6.17004633               1
   6.18004656               1
   6.19004679               1
   6.20004702               1
   6.21004725               1
   6.22004747               1
   6.23004770               1
   6.24004793               1
   6.25004816               1
   6.26004839               1
   6.27004862               1
   6.28004885               1
   6.29004908               1
   6.30004930               1
   6.31004953               1
   6.32004976               1
   6.33004999               1
   6.34005022               1
   6.35005045               1
   6.36005068               1
   6.37005091               1
   6.38005114               1
   6.39005136               1
   6.40005159               1
   6.41005182               1
   6.42005205               1
   6.43005228               1
   6.44005251               1
   6.45005274               1
   6.46005297               1
   6.47005320               1
   6.48005342               1
   6.49005365               1
   6.50005388               1
   6.51005411               1
   6.52005434               1
   6.53005457               1
   6.54005480               1
   6.55005503               1
   6.56005526               1
   6.57005548               1
   6.58005571               1
   6.59005594               1
   6.60005617               1
   6.61005640               1
   6.62005663               1
   6.63005686               1
   6.64005709               1
   6.65005732               1
   6.66005754               1
   6.67005777               1
   6.68005800               1
   6.69005823               1
   6.70005846               1
   6.71005869               1
   6.72005892               1
   6.73005915               1
   6.74005938               1
   6.75005960               1
   6.76005983               1
   6.77006006               1
   6.78006029               1
   6.79006052               1
   6.80006075               1
   6.81006098               1
   6.82006121               1
   6.83006144               1
   6.84006166               1
   6.85006189               1
   6.86006212               1
   6.87006235               1
   6.88006258               1
   6.89006281               1
   6.90006304               1
   6.91006327               1
   6.92006350               1
   6.93006372               1
   6.94006395               1
   6.95006418               1
   6.96006441               1
   6.97006464               1
   6.98006487               1
   6.99006510               1
   7.00006533               1
   7.01006556               1
   7.02006578               1
   7.03006601               1
   7.04006624               1
   7.05006647               1
   7.06006670               1
   7.07006693               1
   7.08006716               1
   7.09006739               1
   7.10006762               1
   7.11006784               1
   7.12006807               1
   7.13006830               1
   7.14006853               1
   7.15006876               1
   7.16006899               1
   7.17006922               1
   7.18006945               1
   7.19006968               1
   7.20006990               1
   7.21007013               1
   7.22007036               1
   7.23007059               1
   7.24007082               1
   7.25007105               1
   7.26007128               1
   7.27007151               1
   7.28007174               1
   7.29007196               1
   7.30007219               1
   7.31007242               1
   7.32007265               1
   7.33007288               1
   7.34007311               1
   7.35007334               1
   7.36007357               1
   7.37007380               1
   7.38007402               1
   7.39007425               1
   7.40007448               1
   7.41007471               1
   7.42007494               1
   7.43007517               1
   7.44007540               1
   7.45007563               1
   7.46007586               1
   7.47007608               1
   7.48007631               1
   7.49007654               1
   7.50007677               1
   7.51007700               1
   7.52007723               1
   7.53007746               1
   7.54007769               1
   7.55007792               1
   7.56007814               1
   7.57007837               1
   7.58007860               1
   7.59007883               1
   7.60007906               1
   7.61007929               1
   7.62007952               1
   7.63007975               1
   7.64007998               1
   7.65008020               0
   7.66008043               0
   7.67008066               0
   7.68008089               0
   7.69008112               0
   7.70008135               0
   7.71008158               0
   7.72008181               0
   7.73008204               0
   7.74008226               0
   7.75008249               0
   7.76008272               0
   7.77008295               0
   7.78008318               0
   7.79008341               0
   7.80008364               0
   7.81008387               0
   7.82008410               0
   7.83008432               0
   7.84008455               0
   7.85008478               0
   7.86008501               0
   7.87008524               0
   7.88008547               0
   7.89008570               0
   7.90008593               0
   7.91008615               0
   7.92008638               0
   7.93008661               0
   7.94008684               0
   7.95008707               0
   7.96008730               0
   7.97008753               0
   7.98008776               0
   7.99008799               0
   8.00008774               0
