   0.00000000             988
   9.99999978E-03         980
   1.99999996E-02         970
   2.99999993E-02         959
   3.99999991E-02         948
   4.99999970E-02         938
   5.99999949E-02         924
   6.99999928E-02         919
   7.99999908E-02         909
   8.99999887E-02         900
   9.99999866E-02         888
  0.109999985             883
  0.119999982             873
  0.129999980             862
  0.139999986             851
  0.149999991             845
  0.159999996             837
  0.170000002             831
  0.180000007             825
  0.190000013             818
  0.200000018             814
  0.210000023             808
  0.220000029             798
  0.230000034             786
  0.240000039             780
  0.250000030             771
  0.260000020             763
  0.270000011             761
  0.280000001             754
  0.289999992             744
  0.299999982             734
  0.309999973             730
  0.319999963             725
  0.329999954             718
  0.339999944             711
  0.349999934             704
  0.359999925             694
  0.369999915             685
  0.379999906             681
  0.389999896             678
  0.399999887             669
  0.409999877             661
  0.419999868             656
  0.429999858             649
  0.439999849             646
  0.449999839             638
  0.459999830             632
  0.469999820             628
  0.479999810             624
  0.489999801             615
  0.499999791             608
  0.509999812             597
  0.519999802             587
  0.529999793             583
  0.539999783             578
  0.549999774             567
  0.559999764             564
  0.569999754             561
  0.579999745             555
  0.589999735             550
  0.599999726             548
  0.609999716             544
  0.619999707             536
  0.629999697             527
  0.639999688             523
  0.649999678             523
  0.659999669             520
  0.669999659             517
  0.679999650             515
  0.689999640             506
  0.699999630             504
  0.709999621             501
  0.719999611             493
  0.729999602             490
  0.739999592             483
  0.749999583             478
  0.759999573             475
  0.769999564             468
  0.779999554             462
  0.789999545             459
  0.799999535             450
  0.809999526             446
  0.819999516             445
  0.829999506             440
  0.839999497             436
  0.849999487             433
  0.859999478             428
  0.869999468             424
  0.879999459             417
  0.889999449             416
  0.899999440             414
  0.909999430             411
  0.919999421             405
  0.929999411             402
  0.939999402             397
  0.949999392             386
  0.959999382             385
  0.969999373             382
  0.979999363             380
  0.989999354             378
  0.999999344             378
   1.00999939             375
   1.01999938             372
   1.02999938             366
   1.03999937             361
   1.04999936             358
   1.05999935             353
   1.06999934             351
   1.07999933             349
   1.08999932             345
   1.09999931             343
   1.10999930             341
   1.11999929             339
   1.12999928             338
   1.13999927             331
   1.14999926             328
   1.15999925             324
   1.16999924             318
   1.17999923             316
   1.18999922             314
   1.19999921             312
   1.20999920             309
   1.21999919             306
   1.22999918             303
   1.23999918             298
   1.24999917             295
   1.25999916             293
   1.26999915             291
   1.27999914             288
   1.28999913             281
   1.29999912             278
   1.30999911             276
   1.31999910             272
   1.32999909             270
   1.33999908             264
   1.34999907             260
   1.35999906             258
   1.36999905             254
   1.37999904             253
   1.38999903             251
   1.39999902             249
   1.40999901             247
   1.41999900             244
   1.42999899             244
   1.43999898             242
   1.44999897             236
   1.45999897             233
   1.46999896             228
   1.47999895             227
   1.48999894             224
   1.49999893             224
   1.50999892             216
   1.51999891             214
   1.52999890             212
   1.53999889             211
   1.54999888             208
   1.55999887             207
   1.56999886             203
   1.57999885             202
   1.58999884             200
   1.59999883             194
   1.60999882             192
   1.61999881             191
   1.62999880             189
   1.63999879             185
   1.64999878             183
   1.65999877             182
   1.66999876             181
   1.67999876             179
   1.68999875             178
   1.69999874             178
   1.70999873             178
   1.71999872             176
   1.72999871             173
   1.73999870             173
   1.74999869             172
   1.75999868             171
   1.76999867             167
   1.77999866             167
   1.78999865             167
   1.79999864             167
   1.80999863             166
   1.81999862             165
   1.82999861             164
   1.83999860             162
   1.84999859             161
   1.85999858             159
   1.86999857             159
   1.87999856             157
   1.88999856             156
   1.89999855             153
   1.90999854             153
   1.91999853             151
   1.92999852             150
   1.93999851             148
   1.94999850             146
   1.95999849             145
   1.96999848             144
   1.97999847             142
   1.98999846             141
   1.99999845             141
   2.00999856             140
   2.01999855             140
   2.02999854             138
   2.03999853             136
   2.04999852             135
   2.05999851             133
   2.06999850             132
   2.07999849             132
   2.08999848             132
   2.09999847             130
   2.10999846             129
   2.11999846             129
   2.12999845             125
   2.13999844             123
   2.14999843             123
   2.15999842             123
   2.16999841             118
   2.17999840             118
   2.18999839             118
   2.19999838             117
   2.20999837             115
   2.21999836             115
   2.22999835             111
   2.23999834             110
   2.24999833             108
   2.25999832             108
   2.26999831             107
   2.27999830             107
   2.28999829             106
   2.29999828             105
   2.30999827             105
   2.31999826             105
   2.32999825             102
   2.33999825             100
   2.34999824             100
   2.35999823              98
   2.36999822              98
   2.37999821              95
   2.38999820              95
   2.39999819              95
   2.40999818              91
   2.41999817              91
   2.42999816              91
   2.43999815              90
   2.44999814              88
   2.45999813              88
   2.46999812              88
   2.47999811              87
   2.48999810              86
   2.49999809              86
   2.50999808              86
   2.51999807              85
   2.52999806              85
   2.53999805              83
   2.54999804              82
   2.55999804              81
   2.56999803              81
   2.57999802              81
   2.58999801              80
   2.59999800              80
   2.60999799              80
   2.61999798              80
   2.62999797              79
   2.63999796              75
   2.64999795              75
   2.65999794              75
   2.66999793              73
   2.67999792              73
   2.68999791              73
   2.69999790              73
   2.70999789              72
   2.71999788              72
   2.72999787              71
   2.73999786              70
   2.74999785              70
   2.75999784              69
   2.76999784              67
   2.77999783              67
   2.78999782              67
   2.79999781              66
   2.80999780              65
   2.81999779              64
   2.82999778              64
   2.83999777              64
   2.84999776              64
   2.85999775              64
   2.86999774              64
   2.87999773              64
   2.88999772              64
   2.89999771              64
   2.90999770              64
   2.91999769              64
   2.92999768              64
   2.93999767              62
   2.94999766              61
   2.95999765              60
   2.96999764              58
   2.97999763              58
   2.98999763              57
   2.99999762              57
   3.00999761              57
   3.01999760              56
   3.02999759              56
   3.03999758              56
   3.04999757              56
   3.05999756              56
   3.06999755              54
   3.07999754              54
   3.08999753              53
   3.09999752              52
   3.10999751              51
   3.11999750              50
   3.12999749              50
   3.13999748              50
   3.14999747              49
   3.15999746              49
   3.16999745              47
   3.17999744              47
   3.18999743              47
   3.19999743              45
   3.20999742              45
   3.21999741              45
   3.22999740              45
   3.23999739              44
   3.24999738              44
   3.25999737              43
   3.26999736              42
   3.27999735              41
   3.28999734              41
   3.29999733              40
   3.30999732              40
   3.31999731              40
   3.32999730              40
   3.33999729              39
   3.34999728              39
   3.35999727              38
   3.36999726              37
   3.37999725              37
   3.38999724              37
   3.39999723              36
   3.40999722              36
   3.41999722              35
   3.42999721              35
   3.43999720              34
   3.44999719              34
   3.45999718              34
   3.46999717              34
   3.47999716              34
   3.48999715              34
   3.49999714              34
   3.50999713              33
   3.51999712              33
   3.52999711              33
   3.53999710              33
   3.54999709              33
   3.55999708              33
   3.56999707              33
   3.57999706              33
   3.58999705              32
   3.59999704              32
   3.60999703              32
   3.61999702              31
   3.62999701              31
   3.63999701              31
   3.64999700              30
   3.65999699              30
   3.66999698              30
   3.67999697              30
   3.68999696              30
   3.69999695              30
   3.70999694              29
   3.71999693              29
   3.72999692              29
   3.73999691              29
   3.74999690              29
   3.75999689              29
   3.76999688              29
   3.77999687              29
   3.78999686              28
   3.79999685              28
   3.80999684              28
   3.81999683              27
   3.82999682              27
   3.83999681              27
   3.84999681              26
   3.85999680              26
   3.86999679              26
   3.87999678              26
   3.88999677              26
   3.89999676              26
   3.90999675              26
   3.91999674              25
   3.92999673              25
   3.93999672              25
   3.94999671              25
   3.95999670              24
   3.96999669              24
   3.97999668              24
   3.98999667              24
   3.99999666              24
   4.00999689              24
   4.01999712              24
   4.02999735              24
   4.03999758              24
   4.04999781              24
   4.05999804              24
   4.06999826              24
   4.07999849              24
   4.08999872              24
   4.09999895              24
   4.10999918              24
   4.11999941              24
   4.12999964              24
   4.13999987              24
   4.15000010              24
   4.16000032              24
   4.17000055              24
   4.18000078              24
   4.19000101              24
   4.20000124              24
   4.21000147              23
   4.22000170              23
   4.23000193              23
   4.24000216              23
   4.25000238              23
   4.26000261              23
   4.27000284              23
   4.28000307              23
   4.29000330              23
   4.30000353              23
   4.31000376              23
   4.32000399              23
   4.33000422              23
   4.34000444              23
   4.35000467              23
   4.36000490              23
   4.37000513              23
   4.38000536              23
   4.39000559              23
   4.40000582              22
   4.41000605              22
   4.42000628              22
   4.43000650              22
   4.44000673              21
   4.45000696              21
   4.46000719              21
   4.47000742              21
   4.48000765              21
   4.49000788              21
   4.50000811              21
   4.51000834              20
   4.52000856              19
   4.53000879              19
   4.54000902              19
   4.55000925              19
   4.56000948              19
   4.57000971              19
   4.58000994              19
   4.59001017              19
   4.60001040              19
   4.61001062              19
   4.62001085              19
   4.63001108              19
   4.64001131              19
   4.65001154              19
   4.66001177              18
   4.67001200              18
   4.68001223              18
   4.69001245              17
   4.70001268              17
   4.71001291              17
   4.72001314              17
   4.73001337              17
   4.74001360              17
   4.75001383              17
   4.76001406              17
   4.77001429              17
   4.78001451              17
   4.79001474              16
   4.80001497              16
   4.81001520              16
   4.82001543              16
   4.83001566              16
   4.84001589              16
   4.85001612              16
   4.86001635              16
   4.87001657              16
   4.88001680              16
   4.89001703              16
   4.90001726              16
   4.91001749              15
   4.92001772              15
   4.93001795              14
   4.94001818              14
   4.95001841              14
   4.96001863              14
   4.97001886              14
   4.98001909              14
   4.99001932              14
   5.00001955              13
   5.01001978              13
   5.02002001              13
   5.03002024              13
   5.04002047              13
   5.05002069              13
   5.06002092              13
   5.07002115              13
   5.08002138              13
   5.09002161              13
   5.10002184              13
   5.11002207              13
   5.12002230              13
   5.13002253              13
   5.14002275              13
   5.15002298              12
   5.16002321              12
   5.17002344              12
   5.18002367              11
   5.19002390              11
   5.20002413              11
   5.21002436              11
   5.22002459              11
   5.23002481              10
   5.24002504              10
   5.25002527              10
   5.26002550              10
   5.27002573              10
   5.28002596              10
   5.29002619              10
   5.30002642              10
   5.31002665              10
   5.32002687              10
   5.33002710              10
   5.34002733               9
   5.35002756               9
   5.36002779               9
   5.37002802               8
   5.38002825               8
   5.39002848               8
   5.40002871               8
   5.41002893               8
   5.42002916               7
   5.43002939               7
   5.44002962               7
   5.45002985               7
   5.46003008               7
   5.47003031               7
   5.48003054               7
   5.49003077               6
   5.50003099               6
   5.51003122               6
   5.52003145               6
   5.53003168               6
   5.54003191               6
   5.55003214               6
   5.56003237               6
   5.57003260               6
   5.58003283               6
   5.59003305               6
   5.60003328               6
   5.61003351               6
   5.62003374               6
   5.63003397               6
   5.64003420               6
   5.65003443               6
   5.66003466               6
   5.67003489               6
   5.68003511               6
   5.69003534               6
   5.70003557               6
   5.71003580               6
   5.72003603               6
   5.73003626               6
   5.74003649               6
   5.75003672               6
   5.76003695               6
   5.77003717               6
   5.78003740               6
   5.79003763               6
   5.80003786               6
   5.81003809               5
   5.82003832               5
   5.83003855               5
   5.84003878               5
   5.85003901               5
   5.86003923               5
   5.87003946               5
   5.88003969               5
   5.89003992               5
   5.90004015               5
   5.91004038               5
   5.92004061               5
   5.93004084               5
   5.94004107               5
   5.95004129               5
   5.96004152               5
   5.97004175               5
   5.98004198               5
   5.99004221               5
   6.00004244               5
   6.01004267               5
   6.02004290               5
   6.03004313               5
   6.04004335               5
   6.05004358               5
   6.06004381               5
   6.07004404               5
   6.08004427               4
   6.09004450               4
   6.10004473               4
   6.11004496               4
   6.12004519               4
   6.13004541               4
   6.14004564               4
   6.15004587               4
   6.16004610               4
   6.17004633               4
   6.18004656               4
   6.19004679               4
   6.20004702               4
   6.21004725               4
   6.22004747               4
   6.23004770               4
   6.24004793               4
   6.25004816               4
   6.26004839               4
   6.27004862               4
   6.28004885               4
   6.29004908               4
   6.30004930               4
   6.31004953               4
   6.32004976               4
   6.33004999               4
   6.34005022               4
   6.35005045               4
   6.36005068               4
   6.37005091               4
   6.38005114               4
   6.39005136               4
   6.40005159               4
   6.41005182               4
   6.42005205               4
   6.43005228               4
   6.44005251               4
   6.45005274               4
   6.46005297               4
   6.47005320               4
   6.48005342               4
   6.49005365               4
   6.50005388               4
   6.51005411               4
   6.52005434               4
   6.53005457               4
   6.54005480               4
   6.55005503               4
   6.56005526               4
   6.57005548               4
   6.58005571               4
   6.59005594               4
   6.60005617               4
   6.61005640               4
   6.62005663               4
   6.63005686               4
   6.64005709               4
   6.65005732               4
   6.66005754               4
   6.67005777               4
   6.68005800               4
   6.69005823               4
   6.70005846               4
   6.71005869               4
   6.72005892               4
   6.73005915               4
   6.74005938               4
   6.75005960               4
   6.76005983               4
   6.77006006               4
   6.78006029               4
   6.79006052               4
   6.80006075               4
   6.81006098               4
   6.82006121               4
   6.83006144               4
   6.84006166               4
   6.85006189               4
   6.86006212               3
   6.87006235               3
   6.88006258               3
   6.89006281               3
   6.90006304               3
   6.91006327               3
   6.92006350               3
   6.93006372               3
   6.94006395               3
   6.95006418               3
   6.96006441               3
   6.97006464               3
   6.98006487               3
   6.99006510               3
   7.00006533               3
   7.01006556               3
   7.02006578               3
   7.03006601               3
   7.04006624               3
   7.05006647               3
   7.06006670               3
   7.07006693               3
   7.08006716               3
   7.09006739               3
   7.10006762               3
   7.11006784               3
   7.12006807               3
   7.13006830               3
   7.14006853               3
   7.15006876               3
   7.16006899               3
   7.17006922               3
   7.18006945               3
   7.19006968               3
   7.20006990               3
   7.21007013               3
   7.22007036               3
   7.23007059               3
   7.24007082               3
   7.25007105               3
   7.26007128               3
   7.27007151               3
   7.28007174               3
   7.29007196               3
   7.30007219               3
   7.31007242               3
   7.32007265               3
   7.33007288               3
   7.34007311               3
   7.35007334               2
   7.36007357               2
   7.37007380               2
   7.38007402               2
   7.39007425               2
   7.40007448               2
   7.41007471               2
   7.42007494               2
   7.43007517               2
   7.44007540               2
   7.45007563               2
   7.46007586               2
   7.47007608               2
   7.48007631               2
   7.49007654               2
   7.50007677               2
   7.51007700               2
   7.52007723               2
   7.53007746               2
   7.54007769               2
   7.55007792               2
   7.56007814               2
   7.57007837               2
   7.58007860               2
   7.59007883               2
   7.60007906               2
   7.61007929               2
   7.62007952               2
   7.63007975               2
   7.64007998               2
   7.65008020               2
   7.66008043               2
   7.67008066               2
   7.68008089               2
   7.69008112               2
   7.70008135               2
   7.71008158               2
   7.72008181               2
   7.73008204               2
   7.74008226               2
   7.75008249               2
   7.76008272               2
   7.77008295               2
   7.78008318               2
   7.79008341               2
   7.80008364               2
   7.81008387               2
   7.82008410               2
   7.83008432               2
   7.84008455               2
   7.85008478               2
   7.86008501               2
   7.87008524               2
   7.88008547               2
   7.89008570               2
   7.90008593               2
   7.91008615               2
   7.92008638               2
   7.93008661               2
   7.94008684               2
   7.95008707               2
   7.96008730               2
   7.97008753               1
   7.98008776               1
   7.99008799               1
   8.00008774               1
