   0.00000000             988
   9.99999978E-03         984
   1.99999996E-02         973
   2.99999993E-02         962
   3.99999991E-02         957
   4.99999970E-02         950
   5.99999949E-02         936
   6.99999928E-02         925
   7.99999908E-02         921
   8.99999887E-02         909
   9.99999866E-02         900
  0.109999985             895
  0.119999982             889
  0.129999980             880
  0.139999986             870
  0.149999991             857
  0.159999996             849
  0.170000002             833
  0.180000007             823
  0.190000013             814
  0.200000018             807
  0.210000023             801
  0.220000029             796
  0.230000034             791
  0.240000039             779
  0.250000030             773
  0.260000020             769
  0.270000011             758
  0.280000001             754
  0.289999992             751
  0.299999982             745
  0.309999973             741
  0.319999963             735
  0.329999954             728
  0.339999944             720
  0.349999934             716
  0.359999925             709
  0.369999915             699
  0.379999906             693
  0.389999896             684
  0.399999887             681
  0.409999877             675
  0.419999868             667
  0.429999858             662
  0.439999849             653
  0.449999839             646
  0.459999830             637
  0.469999820             630
  0.479999810             623
  0.489999801             615
  0.499999791             611
  0.509999812             604
  0.519999802             599
  0.529999793             588
  0.539999783             585
  0.549999774             578
  0.559999764             571
  0.569999754             564
  0.579999745             559
  0.589999735             553
  0.599999726             549
  0.609999716             542
  0.619999707             539
  0.629999697             533
  0.639999688             529
  0.649999678             525
  0.659999669             522
  0.669999659             516
  0.679999650             511
  0.689999640             509
  0.699999630             502
  0.709999621             498
  0.719999611             496
  0.729999602             493
  0.739999592             486
  0.749999583             476
  0.759999573             475
  0.769999564             467
  0.779999554             459
  0.789999545             456
  0.799999535             452
  0.809999526             449
  0.819999516             446
  0.829999506             444
  0.839999497             442
  0.849999487             436
  0.859999478             429
  0.869999468             421
  0.879999459             417
  0.889999449             414
  0.899999440             407
  0.909999430             402
  0.919999421             399
  0.929999411             396
  0.939999402             393
  0.949999392             386
  0.959999382             380
  0.969999373             371
  0.979999363             367
  0.989999354             365
  0.999999344             362
   1.00999939             361
   1.01999938             357
   1.02999938             354
   1.03999937             351
   1.04999936             350
   1.05999935             348
   1.06999934             343
   1.07999933             339
   1.08999932             336
   1.09999931             329
   1.10999930             327
   1.11999929             324
   1.12999928             321
   1.13999927             317
   1.14999926             314
   1.15999925             311
   1.16999924             306
   1.17999923             304
   1.18999922             303
   1.19999921             300
   1.20999920             295
   1.21999919             289
   1.22999918             282
   1.23999918             278
   1.24999917             276
   1.25999916             274
   1.26999915             269
   1.27999914             267
   1.28999913             265
   1.29999912             265
   1.30999911             262
   1.31999910             259
   1.32999909             255
   1.33999908             251
   1.34999907             250
   1.35999906             247
   1.36999905             244
   1.37999904             242
   1.38999903             239
   1.39999902             236
   1.40999901             233
   1.41999900             230
   1.42999899             229
   1.43999898             227
   1.44999897             222
   1.45999897             219
   1.46999896             219
   1.47999895             216
   1.48999894             213
   1.49999893             206
   1.50999892             202
   1.51999891             200
   1.52999890             199
   1.53999889             198
   1.54999888             196
   1.55999887             192
   1.56999886             190
   1.57999885             186
   1.58999884             183
   1.59999883             182
   1.60999882             180
   1.61999881             179
   1.62999880             177
   1.63999879             175
   1.64999878             174
   1.65999877             173
   1.66999876             172
   1.67999876             170
   1.68999875             165
   1.69999874             164
   1.70999873             162
   1.71999872             162
   1.72999871             158
   1.73999870             158
   1.74999869             158
   1.75999868             156
   1.76999867             154
   1.77999866             154
   1.78999865             153
   1.79999864             151
   1.80999863             150
   1.81999862             149
   1.82999861             148
   1.83999860             147
   1.84999859             143
   1.85999858             142
   1.86999857             142
   1.87999856             141
   1.88999856             138
   1.89999855             137
   1.90999854             136
   1.91999853             135
   1.92999852             133
   1.93999851             132
   1.94999850             129
   1.95999849             128
   1.96999848             127
   1.97999847             125
   1.98999846             125
   1.99999845             124
   2.00999856             123
   2.01999855             123
   2.02999854             122
   2.03999853             122
   2.04999852             120
   2.05999851             120
   2.06999850             116
   2.07999849             115
   2.08999848             114
   2.09999847             113
   2.10999846             113
   2.11999846             112
   2.12999845             109
   2.13999844             108
   2.14999843             107
   2.15999842             106
   2.16999841             106
   2.17999840             105
   2.18999839             102
   2.19999838             102
   2.20999837             101
   2.21999836             101
   2.22999835             101
   2.23999834              99
   2.24999833              98
   2.25999832              97
   2.26999831              96
   2.27999830              95
   2.28999829              95
   2.29999828              93
   2.30999827              93
   2.31999826              93
   2.32999825              91
   2.33999825              88
   2.34999824              88
   2.35999823              88
   2.36999822              87
   2.37999821              86
   2.38999820              85
   2.39999819              84
   2.40999818              82
   2.41999817              81
   2.42999816              81
   2.43999815              80
   2.44999814              79
   2.45999813              79
   2.46999812              79
   2.47999811              79
   2.48999810              78
   2.49999809              77
   2.50999808              76
   2.51999807              76
   2.52999806              76
   2.53999805              76
   2.54999804              75
   2.55999804              75
   2.56999803              74
   2.57999802              73
   2.58999801              72
   2.59999800              72
   2.60999799              71
   2.61999798              71
   2.62999797              71
   2.63999796              71
   2.64999795              71
   2.65999794              70
   2.66999793              69
   2.67999792              68
   2.68999791              66
   2.69999790              66
   2.70999789              66
   2.71999788              66
   2.72999787              66
   2.73999786              64
   2.74999785              64
   2.75999784              63
   2.76999784              62
   2.77999783              62
   2.78999782              62
   2.79999781              61
   2.80999780              61
   2.81999779              60
   2.82999778              60
   2.83999777              60
   2.84999776              58
   2.85999775              57
   2.86999774              55
   2.87999773              55
   2.88999772              53
   2.89999771              51
   2.90999770              51
   2.91999769              51
   2.92999768              50
   2.93999767              48
   2.94999766              47
   2.95999765              46
   2.96999764              46
   2.97999763              44
   2.98999763              44
   2.99999762              43
   3.00999761              42
   3.01999760              41
   3.02999759              41
   3.03999758              41
   3.04999757              41
   3.05999756              41
   3.06999755              41
   3.07999754              41
   3.08999753              41
   3.09999752              41
   3.10999751              41
   3.11999750              39
   3.12999749              37
   3.13999748              37
   3.14999747              36
   3.15999746              35
   3.16999745              34
   3.17999744              33
   3.18999743              33
   3.19999743              33
   3.20999742              33
   3.21999741              33
   3.22999740              32
   3.23999739              32
   3.24999738              32
   3.25999737              32
   3.26999736              31
   3.27999735              31
   3.28999734              31
   3.29999733              29
   3.30999732              28
   3.31999731              25
   3.32999730              24
   3.33999729              24
   3.34999728              24
   3.35999727              24
   3.36999726              24
   3.37999725              24
   3.38999724              23
   3.39999723              23
   3.40999722              23
   3.41999722              22
   3.42999721              21
   3.43999720              21
   3.44999719              21
   3.45999718              20
   3.46999717              20
   3.47999716              20
   3.48999715              20
   3.49999714              20
   3.50999713              19
   3.51999712              19
   3.52999711              19
   3.53999710              19
   3.54999709              19
   3.55999708              19
   3.56999707              19
   3.57999706              18
   3.58999705              18
   3.59999704              18
   3.60999703              18
   3.61999702              17
   3.62999701              16
   3.63999701              15
   3.64999700              15
   3.65999699              15
   3.66999698              14
   3.67999697              14
   3.68999696              14
   3.69999695              14
   3.70999694              14
   3.71999693              14
   3.72999692              14
   3.73999691              14
   3.74999690              12
   3.75999689              12
   3.76999688              12
   3.77999687              12
   3.78999686              12
   3.79999685              12
   3.80999684              12
   3.81999683              12
   3.82999682              12
   3.83999681              12
   3.84999681              12
   3.85999680              12
   3.86999679              12
   3.87999678              12
   3.88999677              12
   3.89999676              11
   3.90999675              11
   3.91999674              11
   3.92999673              11
   3.93999672              11
   3.94999671              11
   3.95999670              11
   3.96999669              11
   3.97999668              11
   3.98999667              11
   3.99999666              11
   4.00999689              11
   4.01999712              11
   4.02999735              11
   4.03999758              11
   4.04999781              11
   4.05999804              10
   4.06999826              10
   4.07999849               9
   4.08999872               8
   4.09999895               8
   4.10999918               8
   4.11999941               8
   4.12999964               8
   4.13999987               8
   4.15000010               8
   4.16000032               8
   4.17000055               8
   4.18000078               8
   4.19000101               8
   4.20000124               8
   4.21000147               8
   4.22000170               8
   4.23000193               8
   4.24000216               8
   4.25000238               8
   4.26000261               8
   4.27000284               8
   4.28000307               8
   4.29000330               8
   4.30000353               8
   4.31000376               8
   4.32000399               8
   4.33000422               8
   4.34000444               8
   4.35000467               8
   4.36000490               7
   4.37000513               7
   4.38000536               7
   4.39000559               7
   4.40000582               7
   4.41000605               7
   4.42000628               7
   4.43000650               7
   4.44000673               7
   4.45000696               7
   4.46000719               7
   4.47000742               7
   4.48000765               7
   4.49000788               6
   4.50000811               6
   4.51000834               6
   4.52000856               6
   4.53000879               6
   4.54000902               6
   4.55000925               6
   4.56000948               6
   4.57000971               6
   4.58000994               6
   4.59001017               6
   4.60001040               6
   4.61001062               6
   4.62001085               6
   4.63001108               5
   4.64001131               5
   4.65001154               5
   4.66001177               5
   4.67001200               5
   4.68001223               5
   4.69001245               5
   4.70001268               5
   4.71001291               5
   4.72001314               5
   4.73001337               5
   4.74001360               5
   4.75001383               5
   4.76001406               5
   4.77001429               4
   4.78001451               4
   4.79001474               4
   4.80001497               4
   4.81001520               4
   4.82001543               4
   4.83001566               4
   4.84001589               4
   4.85001612               4
   4.86001635               4
   4.87001657               4
   4.88001680               4
   4.89001703               4
   4.90001726               4
   4.91001749               4
   4.92001772               4
   4.93001795               4
   4.94001818               4
   4.95001841               4
   4.96001863               4
   4.97001886               4
   4.98001909               4
   4.99001932               4
   5.00001955               4
   5.01001978               4
   5.02002001               4
   5.03002024               4
   5.04002047               4
   5.05002069               4
   5.06002092               3
   5.07002115               3
   5.08002138               3
   5.09002161               3
   5.10002184               3
   5.11002207               3
   5.12002230               3
   5.13002253               3
   5.14002275               3
   5.15002298               3
   5.16002321               3
   5.17002344               3
   5.18002367               3
   5.19002390               3
   5.20002413               3
   5.21002436               3
   5.22002459               3
   5.23002481               3
   5.24002504               3
   5.25002527               3
   5.26002550               3
   5.27002573               3
   5.28002596               3
   5.29002619               3
   5.30002642               3
   5.31002665               3
   5.32002687               3
   5.33002710               3
   5.34002733               3
   5.35002756               3
   5.36002779               3
   5.37002802               3
   5.38002825               3
   5.39002848               3
   5.40002871               3
   5.41002893               3
   5.42002916               3
   5.43002939               3
   5.44002962               3
   5.45002985               3
   5.46003008               3
   5.47003031               3
   5.48003054               3
   5.49003077               3
   5.50003099               3
   5.51003122               3
   5.52003145               3
   5.53003168               3
   5.54003191               3
   5.55003214               3
   5.56003237               3
   5.57003260               3
   5.58003283               3
   5.59003305               3
   5.60003328               3
   5.61003351               3
   5.62003374               3
   5.63003397               3
   5.64003420               3
   5.65003443               3
   5.66003466               3
   5.67003489               3
   5.68003511               3
   5.69003534               3
   5.70003557               3
   5.71003580               3
   5.72003603               3
   5.73003626               3
   5.74003649               3
   5.75003672               3
   5.76003695               3
   5.77003717               3
   5.78003740               3
   5.79003763               3
   5.80003786               3
   5.81003809               3
   5.82003832               3
   5.83003855               3
   5.84003878               3
   5.85003901               3
   5.86003923               3
   5.87003946               3
   5.88003969               3
   5.89003992               3
   5.90004015               3
   5.91004038               3
   5.92004061               3
   5.93004084               3
   5.94004107               3
   5.95004129               3
   5.96004152               3
   5.97004175               3
   5.98004198               3
   5.99004221               3
   6.00004244               3
   6.01004267               3
   6.02004290               3
   6.03004313               3
   6.04004335               3
   6.05004358               3
   6.06004381               3
   6.07004404               3
   6.08004427               3
   6.09004450               3
   6.10004473               3
   6.11004496               3
   6.12004519               3
   6.13004541               3
   6.14004564               3
   6.15004587               3
   6.16004610               3
   6.17004633               3
   6.18004656               3
   6.19004679               3
   6.20004702               3
   6.21004725               3
   6.22004747               3
   6.23004770               3
   6.24004793               3
   6.25004816               3
   6.26004839               3
   6.27004862               3
   6.28004885               3
   6.29004908               3
   6.30004930               3
   6.31004953               3
   6.32004976               3
   6.33004999               3
   6.34005022               3
   6.35005045               3
   6.36005068               3
   6.37005091               2
   6.38005114               2
   6.39005136               2
   6.40005159               2
   6.41005182               2
   6.42005205               2
   6.43005228               2
   6.44005251               2
   6.45005274               2
   6.46005297               2
   6.47005320               2
   6.48005342               2
   6.49005365               2
   6.50005388               2
   6.51005411               2
   6.52005434               2
   6.53005457               2
   6.54005480               2
   6.55005503               2
   6.56005526               2
   6.57005548               2
   6.58005571               2
   6.59005594               2
   6.60005617               2
   6.61005640               2
   6.62005663               2
   6.63005686               2
   6.64005709               2
   6.65005732               2
   6.66005754               2
   6.67005777               2
   6.68005800               2
   6.69005823               2
   6.70005846               2
   6.71005869               2
   6.72005892               2
   6.73005915               1
   6.74005938               1
   6.75005960               1
   6.76005983               1
   6.77006006               1
   6.78006029               1
   6.79006052               1
   6.80006075               1
   6.81006098               1
   6.82006121               1
   6.83006144               1
   6.84006166               1
   6.85006189               1
   6.86006212               1
   6.87006235               1
   6.88006258               1
   6.89006281               1
   6.90006304               1
   6.91006327               1
   6.92006350               1
   6.93006372               1
   6.94006395               1
   6.95006418               1
   6.96006441               1
   6.97006464               1
   6.98006487               1
   6.99006510               1
   7.00006533               1
   7.01006556               1
   7.02006578               1
   7.03006601               1
   7.04006624               1
   7.05006647               1
   7.06006670               1
   7.07006693               1
   7.08006716               1
   7.09006739               1
   7.10006762               1
   7.11006784               1
   7.12006807               1
   7.13006830               1
   7.14006853               1
   7.15006876               1
   7.16006899               1
   7.17006922               1
   7.18006945               1
   7.19006968               1
   7.20006990               1
   7.21007013               1
   7.22007036               1
   7.23007059               1
   7.24007082               1
   7.25007105               1
   7.26007128               1
   7.27007151               1
   7.28007174               1
   7.29007196               1
   7.30007219               1
   7.31007242               1
   7.32007265               1
   7.33007288               1
   7.34007311               1
   7.35007334               1
   7.36007357               1
   7.37007380               1
   7.38007402               1
   7.39007425               1
   7.40007448               1
   7.41007471               1
   7.42007494               1
   7.43007517               1
   7.44007540               1
   7.45007563               1
   7.46007586               1
   7.47007608               1
   7.48007631               1
   7.49007654               1
   7.50007677               1
   7.51007700               1
   7.52007723               1
   7.53007746               1
   7.54007769               1
   7.55007792               1
   7.56007814               1
   7.57007837               1
   7.58007860               1
   7.59007883               1
   7.60007906               1
   7.61007929               1
   7.62007952               1
   7.63007975               1
   7.64007998               1
   7.65008020               1
   7.66008043               1
   7.67008066               1
   7.68008089               1
   7.69008112               1
   7.70008135               1
   7.71008158               1
   7.72008181               1
   7.73008204               1
   7.74008226               1
   7.75008249               1
   7.76008272               1
   7.77008295               1
   7.78008318               1
   7.79008341               1
   7.80008364               1
   7.81008387               1
   7.82008410               1
   7.83008432               1
   7.84008455               1
   7.85008478               1
   7.86008501               1
   7.87008524               1
   7.88008547               1
   7.89008570               1
   7.90008593               1
   7.91008615               1
   7.92008638               1
   7.93008661               1
   7.94008684               1
   7.95008707               1
   7.96008730               1
   7.97008753               1
   7.98008776               1
   7.99008799               1
   8.00008774               1
