   0.00000000             988
   9.99999978E-03         975
   1.99999996E-02         970
   2.99999993E-02         962
   3.99999991E-02         956
   4.99999970E-02         945
   5.99999949E-02         942
   6.99999928E-02         938
   7.99999908E-02         924
   8.99999887E-02         910
   9.99999866E-02         897
  0.109999985             888
  0.119999982             878
  0.129999980             869
  0.139999986             865
  0.149999991             857
  0.159999996             851
  0.170000002             842
  0.180000007             833
  0.190000013             826
  0.200000018             817
  0.210000023             813
  0.220000029             804
  0.230000034             802
  0.240000039             790
  0.250000030             783
  0.260000020             778
  0.270000011             769
  0.280000001             760
  0.289999992             749
  0.299999982             741
  0.309999973             738
  0.319999963             733
  0.329999954             725
  0.339999944             719
  0.349999934             709
  0.359999925             707
  0.369999915             702
  0.379999906             693
  0.389999896             688
  0.399999887             679
  0.409999877             673
  0.419999868             668
  0.429999858             660
  0.439999849             653
  0.449999839             648
  0.459999830             639
  0.469999820             635
  0.479999810             630
  0.489999801             623
  0.499999791             618
  0.509999812             614
  0.519999802             608
  0.529999793             598
  0.539999783             590
  0.549999774             587
  0.559999764             581
  0.569999754             571
  0.579999745             565
  0.589999735             559
  0.599999726             553
  0.609999716             545
  0.619999707             539
  0.629999697             536
  0.639999688             531
  0.649999678             522
  0.659999669             514
  0.669999659             510
  0.679999650             507
  0.689999640             504
  0.699999630             498
  0.709999621             497
  0.719999611             490
  0.729999602             487
  0.739999592             478
  0.749999583             475
  0.759999573             473
  0.769999564             467
  0.779999554             464
  0.789999545             461
  0.799999535             453
  0.809999526             450
  0.819999516             443
  0.829999506             434
  0.839999497             432
  0.849999487             429
  0.859999478             426
  0.869999468             420
  0.879999459             411
  0.889999449             405
  0.899999440             403
  0.909999430             402
  0.919999421             401
  0.929999411             397
  0.939999402             392
  0.949999392             390
  0.959999382             385
  0.969999373             382
  0.979999363             380
  0.989999354             377
  0.999999344             375
   1.00999939             371
   1.01999938             369
   1.02999938             364
   1.03999937             360
   1.04999936             356
   1.05999935             355
   1.06999934             350
   1.07999933             349
   1.08999932             346
   1.09999931             345
   1.10999930             341
   1.11999929             339
   1.12999928             337
   1.13999927             334
   1.14999926             328
   1.15999925             324
   1.16999924             322
   1.17999923             318
   1.18999922             315
   1.19999921             313
   1.20999920             308
   1.21999919             305
   1.22999918             298
   1.23999918             293
   1.24999917             288
   1.25999916             286
   1.26999915             285
   1.27999914             283
   1.28999913             280
   1.29999912             280
   1.30999911             278
   1.31999910             276
   1.32999909             274
   1.33999908             271
   1.34999907             270
   1.35999906             267
   1.36999905             265
   1.37999904             261
   1.38999903             259
   1.39999902             255
   1.40999901             253
   1.41999900             252
   1.42999899             251
   1.43999898             248
   1.44999897             247
   1.45999897             247
   1.46999896             244
   1.47999895             243
   1.48999894             241
   1.49999893             239
   1.50999892             236
   1.51999891             233
   1.52999890             229
   1.53999889             226
   1.54999888             223
   1.55999887             222
   1.56999886             220
   1.57999885             217
   1.58999884             216
   1.59999883             215
   1.60999882             210
   1.61999881             208
   1.62999880             204
   1.63999879             203
   1.64999878             203
   1.65999877             201
   1.66999876             197
   1.67999876             196
   1.68999875             195
   1.69999874             193
   1.70999873             190
   1.71999872             187
   1.72999871             187
   1.73999870             184
   1.74999869             181
   1.75999868             180
   1.76999867             179
   1.77999866             178
   1.78999865             178
   1.79999864             175
   1.80999863             174
   1.81999862             172
   1.82999861             170
   1.83999860             168
   1.84999859             167
   1.85999858             166
   1.86999857             161
   1.87999856             160
   1.88999856             158
   1.89999855             157
   1.90999854             153
   1.91999853             150
   1.92999852             150
   1.93999851             149
   1.94999850             149
   1.95999849             148
   1.96999848             146
   1.97999847             144
   1.98999846             141
   1.99999845             140
   2.00999856             139
   2.01999855             137
   2.02999854             134
   2.03999853             133
   2.04999852             131
   2.05999851             130
   2.06999850             129
   2.07999849             128
   2.08999848             128
   2.09999847             128
   2.10999846             128
   2.11999846             126
   2.12999845             124
   2.13999844             122
   2.14999843             121
   2.15999842             118
   2.16999841             115
   2.17999840             114
   2.18999839             113
   2.19999838             111
   2.20999837             110
   2.21999836             109
   2.22999835             107
   2.23999834             105
   2.24999833             103
   2.25999832             101
   2.26999831             100
   2.27999830             100
   2.28999829              98
   2.29999828              97
   2.30999827              97
   2.31999826              96
   2.32999825              94
   2.33999825              93
   2.34999824              92
   2.35999823              92
   2.36999822              92
   2.37999821              90
   2.38999820              90
   2.39999819              89
   2.40999818              89
   2.41999817              89
   2.42999816              88
   2.43999815              87
   2.44999814              85
   2.45999813              85
   2.46999812              85
   2.47999811              84
   2.48999810              82
   2.49999809              81
   2.50999808              80
   2.51999807              79
   2.52999806              79
   2.53999805              79
   2.54999804              78
   2.55999804              78
   2.56999803              77
   2.57999802              77
   2.58999801              77
   2.59999800              76
   2.60999799              76
   2.61999798              71
   2.62999797              71
   2.63999796              70
   2.64999795              70
   2.65999794              69
   2.66999793              68
   2.67999792              68
   2.68999791              67
   2.69999790              66
   2.70999789              65
   2.71999788              65
   2.72999787              65
   2.73999786              65
   2.74999785              64
   2.75999784              64
   2.76999784              62
   2.77999783              61
   2.78999782              60
   2.79999781              60
   2.80999780              60
   2.81999779              58
   2.82999778              58
   2.83999777              58
   2.84999776              58
   2.85999775              58
   2.86999774              57
   2.87999773              56
   2.88999772              55
   2.89999771              54
   2.90999770              53
   2.91999769              51
   2.92999768              49
   2.93999767              47
   2.94999766              47
   2.95999765              46
   2.96999764              45
   2.97999763              45
   2.98999763              45
   2.99999762              45
   3.00999761              44
   3.01999760              43
   3.02999759              43
   3.03999758              43
   3.04999757              42
   3.05999756              42
   3.06999755              42
   3.07999754              40
   3.08999753              38
   3.09999752              38
   3.10999751              38
   3.11999750              37
   3.12999749              37
   3.13999748              37
   3.14999747              37
   3.15999746              35
   3.16999745              34
   3.17999744              34
   3.18999743              34
   3.19999743              33
   3.20999742              33
   3.21999741              33
   3.22999740              33
   3.23999739              33
   3.24999738              32
   3.25999737              32
   3.26999736              32
   3.27999735              31
   3.28999734              30
   3.29999733              30
   3.30999732              29
   3.31999731              29
   3.32999730              29
   3.33999729              29
   3.34999728              28
   3.35999727              28
   3.36999726              28
   3.37999725              27
   3.38999724              27
   3.39999723              27
   3.40999722              27
   3.41999722              27
   3.42999721              27
   3.43999720              27
   3.44999719              27
   3.45999718              26
   3.46999717              25
   3.47999716              24
   3.48999715              24
   3.49999714              23
   3.50999713              23
   3.51999712              23
   3.52999711              23
   3.53999710              22
   3.54999709              22
   3.55999708              22
   3.56999707              22
   3.57999706              22
   3.58999705              22
   3.59999704              20
   3.60999703              20
   3.61999702              20
   3.62999701              20
   3.63999701              19
   3.64999700              19
   3.65999699              17
   3.66999698              17
   3.67999697              17
   3.68999696              17
   3.69999695              17
   3.70999694              17
   3.71999693              16
   3.72999692              16
   3.73999691              16
   3.74999690              16
   3.75999689              16
   3.76999688              16
   3.77999687              16
   3.78999686              16
   3.79999685              15
   3.80999684              15
   3.81999683              14
   3.82999682              14
   3.83999681              14
   3.84999681              13
   3.85999680              13
   3.86999679              13
   3.87999678              13
   3.88999677              13
   3.89999676              13
   3.90999675              13
   3.91999674              13
   3.92999673              13
   3.93999672              13
   3.94999671              13
   3.95999670              13
   3.96999669              13
   3.97999668              12
   3.98999667              12
   3.99999666              12
   4.00999689              12
   4.01999712              10
   4.02999735              10
   4.03999758              10
   4.04999781              10
   4.05999804              10
   4.06999826              10
   4.07999849               9
   4.08999872               9
   4.09999895               9
   4.10999918               9
   4.11999941               9
   4.12999964               8
   4.13999987               8
   4.15000010               8
   4.16000032               8
   4.17000055               8
   4.18000078               8
   4.19000101               8
   4.20000124               8
   4.21000147               8
   4.22000170               8
   4.23000193               8
   4.24000216               8
   4.25000238               8
   4.26000261               8
   4.27000284               8
   4.28000307               8
   4.29000330               8
   4.30000353               8
   4.31000376               8
   4.32000399               8
   4.33000422               8
   4.34000444               8
   4.35000467               8
   4.36000490               8
   4.37000513               8
   4.38000536               8
   4.39000559               8
   4.40000582               8
   4.41000605               8
   4.42000628               8
   4.43000650               8
   4.44000673               8
   4.45000696               8
   4.46000719               8
   4.47000742               8
   4.48000765               8
   4.49000788               8
   4.50000811               8
   4.51000834               7
   4.52000856               7
   4.53000879               7
   4.54000902               7
   4.55000925               7
   4.56000948               7
   4.57000971               7
   4.58000994               7
   4.59001017               7
   4.60001040               7
   4.61001062               7
   4.62001085               7
   4.63001108               7
   4.64001131               6
   4.65001154               6
   4.66001177               6
   4.67001200               6
   4.68001223               6
   4.69001245               5
   4.70001268               5
   4.71001291               5
   4.72001314               5
   4.73001337               5
   4.74001360               5
   4.75001383               5
   4.76001406               5
   4.77001429               5
   4.78001451               5
   4.79001474               5
   4.80001497               5
   4.81001520               5
   4.82001543               5
   4.83001566               5
   4.84001589               5
   4.85001612               5
   4.86001635               5
   4.87001657               5
   4.88001680               5
   4.89001703               5
   4.90001726               5
   4.91001749               5
   4.92001772               5
   4.93001795               5
   4.94001818               5
   4.95001841               5
   4.96001863               5
   4.97001886               5
   4.98001909               5
   4.99001932               5
   5.00001955               5
   5.01001978               5
   5.02002001               5
   5.03002024               5
   5.04002047               5
   5.05002069               5
   5.06002092               5
   5.07002115               5
   5.08002138               5
   5.09002161               5
   5.10002184               5
   5.11002207               5
   5.12002230               5
   5.13002253               5
   5.14002275               5
   5.15002298               5
   5.16002321               5
   5.17002344               5
   5.18002367               5
   5.19002390               5
   5.20002413               5
   5.21002436               5
   5.22002459               5
   5.23002481               5
   5.24002504               5
   5.25002527               5
   5.26002550               5
   5.27002573               5
   5.28002596               5
   5.29002619               5
   5.30002642               5
   5.31002665               5
   5.32002687               5
   5.33002710               5
   5.34002733               5
   5.35002756               5
   5.36002779               5
   5.37002802               5
   5.38002825               5
   5.39002848               5
   5.40002871               5
   5.41002893               5
   5.42002916               5
   5.43002939               5
   5.44002962               5
   5.45002985               5
   5.46003008               5
   5.47003031               5
   5.48003054               5
   5.49003077               5
   5.50003099               5
   5.51003122               5
   5.52003145               5
   5.53003168               5
   5.54003191               5
   5.55003214               5
   5.56003237               5
   5.57003260               4
   5.58003283               4
   5.59003305               4
   5.60003328               4
   5.61003351               3
   5.62003374               3
   5.63003397               3
   5.64003420               3
   5.65003443               3
   5.66003466               3
   5.67003489               3
   5.68003511               3
   5.69003534               3
   5.70003557               3
   5.71003580               3
   5.72003603               3
   5.73003626               3
   5.74003649               3
   5.75003672               3
   5.76003695               3
   5.77003717               3
   5.78003740               3
   5.79003763               3
   5.80003786               3
   5.81003809               3
   5.82003832               3
   5.83003855               3
   5.84003878               3
   5.85003901               3
   5.86003923               3
   5.87003946               3
   5.88003969               3
   5.89003992               3
   5.90004015               3
   5.91004038               3
   5.92004061               3
   5.93004084               3
   5.94004107               2
   5.95004129               2
   5.96004152               2
   5.97004175               2
   5.98004198               2
   5.99004221               2
   6.00004244               2
   6.01004267               2
   6.02004290               2
   6.03004313               2
   6.04004335               2
   6.05004358               2
   6.06004381               2
   6.07004404               2
   6.08004427               2
   6.09004450               2
   6.10004473               2
   6.11004496               2
   6.12004519               2
   6.13004541               2
   6.14004564               2
   6.15004587               2
   6.16004610               2
   6.17004633               2
   6.18004656               2
   6.19004679               2
   6.20004702               2
   6.21004725               2
   6.22004747               2
   6.23004770               1
   6.24004793               1
   6.25004816               1
   6.26004839               1
   6.27004862               1
   6.28004885               1
   6.29004908               1
   6.30004930               1
   6.31004953               1
   6.32004976               1
   6.33004999               1
   6.34005022               1
   6.35005045               1
   6.36005068               1
   6.37005091               1
   6.38005114               1
   6.39005136               1
   6.40005159               1
   6.41005182               1
   6.42005205               0
   6.43005228               0
   6.44005251               0
   6.45005274               0
   6.46005297               0
   6.47005320               0
   6.48005342               0
   6.49005365               0
   6.50005388               0
   6.51005411               0
   6.52005434               0
   6.53005457               0
   6.54005480               0
   6.55005503               0
   6.56005526               0
   6.57005548               0
   6.58005571               0
   6.59005594               0
   6.60005617               0
   6.61005640               0
   6.62005663               0
   6.63005686               0
   6.64005709               0
   6.65005732               0
   6.66005754               0
   6.67005777               0
   6.68005800               0
   6.69005823               0
   6.70005846               0
   6.71005869               0
   6.72005892               0
   6.73005915               0
   6.74005938               0
   6.75005960               0
   6.76005983               0
   6.77006006               0
   6.78006029               0
   6.79006052               0
   6.80006075               0
   6.81006098               0
   6.82006121               0
   6.83006144               0
   6.84006166               0
   6.85006189               0
   6.86006212               0
   6.87006235               0
   6.88006258               0
   6.89006281               0
   6.90006304               0
   6.91006327               0
   6.92006350               0
   6.93006372               0
   6.94006395               0
   6.95006418               0
   6.96006441               0
   6.97006464               0
   6.98006487               0
   6.99006510               0
   7.00006533               0
   7.01006556               0
   7.02006578               0
   7.03006601               0
   7.04006624               0
   7.05006647               0
   7.06006670               0
   7.07006693               0
   7.08006716               0
   7.09006739               0
   7.10006762               0
   7.11006784               0
   7.12006807               0
   7.13006830               0
   7.14006853               0
   7.15006876               0
   7.16006899               0
   7.17006922               0
   7.18006945               0
   7.19006968               0
   7.20006990               0
   7.21007013               0
   7.22007036               0
   7.23007059               0
   7.24007082               0
   7.25007105               0
   7.26007128               0
   7.27007151               0
   7.28007174               0
   7.29007196               0
   7.30007219               0
   7.31007242               0
   7.32007265               0
   7.33007288               0
   7.34007311               0
   7.35007334               0
   7.36007357               0
   7.37007380               0
   7.38007402               0
   7.39007425               0
   7.40007448               0
   7.41007471               0
   7.42007494               0
   7.43007517               0
   7.44007540               0
   7.45007563               0
   7.46007586               0
   7.47007608               0
   7.48007631               0
   7.49007654               0
   7.50007677               0
   7.51007700               0
   7.52007723               0
   7.53007746               0
   7.54007769               0
   7.55007792               0
   7.56007814               0
   7.57007837               0
   7.58007860               0
   7.59007883               0
   7.60007906               0
   7.61007929               0
   7.62007952               0
   7.63007975               0
   7.64007998               0
   7.65008020               0
   7.66008043               0
   7.67008066               0
   7.68008089               0
   7.69008112               0
   7.70008135               0
   7.71008158               0
   7.72008181               0
   7.73008204               0
   7.74008226               0
   7.75008249               0
   7.76008272               0
   7.77008295               0
   7.78008318               0
   7.79008341               0
   7.80008364               0
   7.81008387               0
   7.82008410               0
   7.83008432               0
   7.84008455               0
   7.85008478               0
   7.86008501               0
   7.87008524               0
   7.88008547               0
   7.89008570               0
   7.90008593               0
   7.91008615               0
   7.92008638               0
   7.93008661               0
   7.94008684               0
   7.95008707               0
   7.96008730               0
   7.97008753               0
   7.98008776               0
   7.99008799               0
   8.00008774               0
