   0.00000000             990
   9.99999978E-03         983
   1.99999996E-02         976
   2.99999993E-02         965
   3.99999991E-02         953
   4.99999970E-02         940
   5.99999949E-02         928
   6.99999928E-02         922
   7.99999908E-02         914
   8.99999887E-02         908
   9.99999866E-02         902
  0.109999985             892
  0.119999982             883
  0.129999980             872
  0.139999986             862
  0.149999991             854
  0.159999996             844
  0.170000002             837
  0.180000007             834
  0.190000013             827
  0.200000018             818
  0.210000023             810
  0.220000029             798
  0.230000034             793
  0.240000039             784
  0.250000030             774
  0.260000020             763
  0.270000011             751
  0.280000001             747
  0.289999992             737
  0.299999982             727
  0.309999973             717
  0.319999963             703
  0.329999954             698
  0.339999944             689
  0.349999934             683
  0.359999925             679
  0.369999915             674
  0.379999906             669
  0.389999896             665
  0.399999887             654
  0.409999877             648
  0.419999868             641
  0.429999858             633
  0.439999849             626
  0.449999839             621
  0.459999830             610
  0.469999820             606
  0.479999810             601
  0.489999801             597
  0.499999791             587
  0.509999812             578
  0.519999802             569
  0.529999793             559
  0.539999783             554
  0.549999774             549
  0.559999764             547
  0.569999754             543
  0.579999745             542
  0.589999735             530
  0.599999726             524
  0.609999716             522
  0.619999707             518
  0.629999697             514
  0.639999688             509
  0.649999678             502
  0.659999669             495
  0.669999659             493
  0.679999650             487
  0.689999640             481
  0.699999630             476
  0.709999621             470
  0.719999611             464
  0.729999602             462
  0.739999592             460
  0.749999583             458
  0.759999573             450
  0.769999564             449
  0.779999554             446
  0.789999545             441
  0.799999535             440
  0.809999526             436
  0.819999516             431
  0.829999506             428
  0.839999497             424
  0.849999487             419
  0.859999478             415
  0.869999468             411
  0.879999459             408
  0.889999449             403
  0.899999440             402
  0.909999430             394
  0.919999421             391
  0.929999411             386
  0.939999402             381
  0.949999392             375
  0.959999382             370
  0.969999373             369
  0.979999363             363
  0.989999354             358
  0.999999344             357
   1.00999939             356
   1.01999938             347
   1.02999938             344
   1.03999937             342
   1.04999936             339
   1.05999935             337
   1.06999934             334
   1.07999933             326
   1.08999932             321
   1.09999931             317
   1.10999930             315
   1.11999929             313
   1.12999928             312
   1.13999927             308
   1.14999926             308
   1.15999925             303
   1.16999924             298
   1.17999923             293
   1.18999922             289
   1.19999921             286
   1.20999920             283
   1.21999919             281
   1.22999918             278
   1.23999918             275
   1.24999917             272
   1.25999916             272
   1.26999915             269
   1.27999914             267
   1.28999913             264
   1.29999912             263
   1.30999911             258
   1.31999910             256
   1.32999909             253
   1.33999908             252
   1.34999907             249
   1.35999906             247
   1.36999905             245
   1.37999904             245
   1.38999903             244
   1.39999902             242
   1.40999901             238
   1.41999900             234
   1.42999899             234
   1.43999898             232
   1.44999897             231
   1.45999897             229
   1.46999896             225
   1.47999895             223
   1.48999894             218
   1.49999893             217
   1.50999892             213
   1.51999891             209
   1.52999890             207
   1.53999889             205
   1.54999888             204
   1.55999887             204
   1.56999886             204
   1.57999885             202
   1.58999884             201
   1.59999883             199
   1.60999882             198
   1.61999881             197
   1.62999880             195
   1.63999879             192
   1.64999878             191
   1.65999877             190
   1.66999876             186
   1.67999876             185
   1.68999875             182
   1.69999874             178
   1.70999873             177
   1.71999872             176
   1.72999871             174
   1.73999870             170
   1.74999869             168
   1.75999868             168
   1.76999867             167
   1.77999866             165
   1.78999865             161
   1.79999864             159
   1.80999863             157
   1.81999862             155
   1.82999861             154
   1.83999860             153
   1.84999859             153
   1.85999858             152
   1.86999857             150
   1.87999856             149
   1.88999856             149
   1.89999855             147
   1.90999854             146
   1.91999853             145
   1.92999852             144
   1.93999851             143
   1.94999850             142
   1.95999849             139
   1.96999848             138
   1.97999847             137
   1.98999846             136
   1.99999845             134
   2.00999856             131
   2.01999855             129
   2.02999854             127
   2.03999853             125
   2.04999852             124
   2.05999851             122
   2.06999850             122
   2.07999849             120
   2.08999848             119
   2.09999847             119
   2.10999846             118
   2.11999846             118
   2.12999845             114
   2.13999844             113
   2.14999843             111
   2.15999842             111
   2.16999841             109
   2.17999840             107
   2.18999839             107
   2.19999838             107
   2.20999837             107
   2.21999836             106
   2.22999835             106
   2.23999834             105
   2.24999833             103
   2.25999832             102
   2.26999831             101
   2.27999830              99
   2.28999829              97
   2.29999828              96
   2.30999827              96
   2.31999826              96
   2.32999825              94
   2.33999825              94
   2.34999824              94
   2.35999823              94
   2.36999822              93
   2.37999821              92
   2.38999820              92
   2.39999819              92
   2.40999818              92
   2.41999817              91
   2.42999816              91
   2.43999815              91
   2.44999814              91
   2.45999813              90
   2.46999812              89
   2.47999811              88
   2.48999810              85
   2.49999809              84
   2.50999808              82
   2.51999807              81
   2.52999806              80
   2.53999805              79
   2.54999804              79
   2.55999804              79
   2.56999803              78
   2.57999802              77
   2.58999801              75
   2.59999800              75
   2.60999799              74
   2.61999798              73
   2.62999797              71
   2.63999796              71
   2.64999795              70
   2.65999794              70
   2.66999793              69
   2.67999792              69
   2.68999791              69
   2.69999790              69
   2.70999789              69
   2.71999788              69
   2.72999787              69
   2.73999786              67
   2.74999785              66
   2.75999784              65
   2.76999784              65
   2.77999783              63
   2.78999782              63
   2.79999781              63
   2.80999780              62
   2.81999779              62
   2.82999778              62
   2.83999777              60
   2.84999776              59
   2.85999775              59
   2.86999774              59
   2.87999773              59
   2.88999772              58
   2.89999771              58
   2.90999770              58
   2.91999769              55
   2.92999768              55
   2.93999767              54
   2.94999766              52
   2.95999765              52
   2.96999764              52
   2.97999763              52
   2.98999763              50
   2.99999762              50
   3.00999761              50
   3.01999760              49
   3.02999759              49
   3.03999758              49
   3.04999757              49
   3.05999756              49
   3.06999755              49
   3.07999754              47
   3.08999753              47
   3.09999752              47
   3.10999751              46
   3.11999750              46
   3.12999749              46
   3.13999748              46
   3.14999747              46
   3.15999746              46
   3.16999745              46
   3.17999744              45
   3.18999743              45
   3.19999743              45
   3.20999742              44
   3.21999741              44
   3.22999740              44
   3.23999739              44
   3.24999738              43
   3.25999737              43
   3.26999736              42
   3.27999735              42
   3.28999734              41
   3.29999733              41
   3.30999732              41
   3.31999731              40
   3.32999730              39
   3.33999729              38
   3.34999728              38
   3.35999727              38
   3.36999726              38
   3.37999725              38
   3.38999724              37
   3.39999723              37
   3.40999722              34
   3.41999722              34
   3.42999721              34
   3.43999720              34
   3.44999719              34
   3.45999718              34
   3.46999717              33
   3.47999716              32
   3.48999715              32
   3.49999714              32
   3.50999713              32
   3.51999712              32
   3.52999711              32
   3.53999710              31
   3.54999709              30
   3.55999708              30
   3.56999707              30
   3.57999706              30
   3.58999705              30
   3.59999704              30
   3.60999703              30
   3.61999702              29
   3.62999701              29
   3.63999701              28
   3.64999700              28
   3.65999699              28
   3.66999698              27
   3.67999697              27
   3.68999696              25
   3.69999695              24
   3.70999694              24
   3.71999693              22
   3.72999692              22
   3.73999691              22
   3.74999690              22
   3.75999689              22
   3.76999688              21
   3.77999687              21
   3.78999686              20
   3.79999685              20
   3.80999684              19
   3.81999683              19
   3.82999682              18
   3.83999681              18
   3.84999681              17
   3.85999680              17
   3.86999679              17
   3.87999678              17
   3.88999677              17
   3.89999676              17
   3.90999675              17
   3.91999674              17
   3.92999673              17
   3.93999672              17
   3.94999671              17
   3.95999670              17
   3.96999669              17
   3.97999668              16
   3.98999667              15
   3.99999666              15
   4.00999689              15
   4.01999712              15
   4.02999735              15
   4.03999758              15
   4.04999781              15
   4.05999804              15
   4.06999826              15
   4.07999849              15
   4.08999872              15
   4.09999895              15
   4.10999918              13
   4.11999941              12
   4.12999964              12
   4.13999987              12
   4.15000010              11
   4.16000032              11
   4.17000055              11
   4.18000078              11
   4.19000101              11
   4.20000124              11
   4.21000147              11
   4.22000170              11
   4.23000193              11
   4.24000216              11
   4.25000238              11
   4.26000261              11
   4.27000284              11
   4.28000307              11
   4.29000330              11
   4.30000353              11
   4.31000376              11
   4.32000399              11
   4.33000422              11
   4.34000444              11
   4.35000467              11
   4.36000490              11
   4.37000513              11
   4.38000536              11
   4.39000559              11
   4.40000582              11
   4.41000605              11
   4.42000628              11
   4.43000650              10
   4.44000673               9
   4.45000696               9
   4.46000719               9
   4.47000742               9
   4.48000765               9
   4.49000788               9
   4.50000811               9
   4.51000834               7
   4.52000856               7
   4.53000879               7
   4.54000902               7
   4.55000925               7
   4.56000948               7
   4.57000971               7
   4.58000994               5
   4.59001017               5
   4.60001040               5
   4.61001062               5
   4.62001085               5
   4.63001108               5
   4.64001131               5
   4.65001154               5
   4.66001177               4
   4.67001200               3
   4.68001223               3
   4.69001245               3
   4.70001268               3
   4.71001291               3
   4.72001314               3
   4.73001337               3
   4.74001360               3
   4.75001383               3
   4.76001406               2
   4.77001429               2
   4.78001451               2
   4.79001474               2
   4.80001497               2
   4.81001520               2
   4.82001543               2
   4.83001566               2
   4.84001589               2
   4.85001612               2
   4.86001635               2
   4.87001657               2
   4.88001680               2
   4.89001703               2
   4.90001726               2
   4.91001749               2
   4.92001772               2
   4.93001795               2
   4.94001818               2
   4.95001841               2
   4.96001863               2
   4.97001886               2
   4.98001909               2
   4.99001932               2
   5.00001955               2
   5.01001978               2
   5.02002001               2
   5.03002024               2
   5.04002047               2
   5.05002069               2
   5.06002092               2
   5.07002115               2
   5.08002138               2
   5.09002161               2
   5.10002184               2
   5.11002207               2
   5.12002230               2
   5.13002253               2
   5.14002275               1
   5.15002298               1
   5.16002321               1
   5.17002344               1
   5.18002367               1
   5.19002390               1
   5.20002413               1
   5.21002436               1
   5.22002459               1
   5.23002481               1
   5.24002504               1
   5.25002527               1
   5.26002550               1
   5.27002573               1
   5.28002596               1
   5.29002619               1
   5.30002642               1
   5.31002665               1
   5.32002687               1
   5.33002710               1
   5.34002733               1
   5.35002756               1
   5.36002779               1
   5.37002802               1
   5.38002825               1
   5.39002848               1
   5.40002871               1
   5.41002893               1
   5.42002916               1
   5.43002939               1
   5.44002962               1
   5.45002985               1
   5.46003008               1
   5.47003031               1
   5.48003054               1
   5.49003077               1
   5.50003099               1
   5.51003122               1
   5.52003145               1
   5.53003168               1
   5.54003191               1
   5.55003214               1
   5.56003237               1
   5.57003260               1
   5.58003283               1
   5.59003305               1
   5.60003328               1
   5.61003351               1
   5.62003374               1
   5.63003397               1
   5.64003420               1
   5.65003443               1
   5.66003466               1
   5.67003489               1
   5.68003511               1
   5.69003534               1
   5.70003557               1
   5.71003580               1
   5.72003603               1
   5.73003626               1
   5.74003649               1
   5.75003672               1
   5.76003695               1
   5.77003717               1
   5.78003740               1
   5.79003763               1
   5.80003786               1
   5.81003809               1
   5.82003832               1
   5.83003855               1
   5.84003878               1
   5.85003901               1
   5.86003923               1
   5.87003946               1
   5.88003969               1
   5.89003992               1
   5.90004015               1
   5.91004038               1
   5.92004061               1
   5.93004084               1
   5.94004107               1
   5.95004129               1
   5.96004152               1
   5.97004175               1
   5.98004198               1
   5.99004221               1
   6.00004244               1
   6.01004267               1
   6.02004290               1
   6.03004313               1
   6.04004335               1
   6.05004358               1
   6.06004381               1
   6.07004404               1
   6.08004427               1
   6.09004450               1
   6.10004473               1
   6.11004496               1
   6.12004519               1
   6.13004541               1
   6.14004564               1
   6.15004587               1
   6.16004610               1
   6.17004633               1
   6.18004656               1
   6.19004679               1
   6.20004702               1
   6.21004725               1
   6.22004747               1
   6.23004770               1
   6.24004793               1
   6.25004816               1
   6.26004839               1
   6.27004862               1
   6.28004885               1
   6.29004908               1
   6.30004930               1
   6.31004953               1
   6.32004976               1
   6.33004999               1
   6.34005022               1
   6.35005045               1
   6.36005068               1
   6.37005091               1
   6.38005114               1
   6.39005136               1
   6.40005159               1
   6.41005182               1
   6.42005205               1
   6.43005228               1
   6.44005251               1
   6.45005274               1
   6.46005297               1
   6.47005320               1
   6.48005342               1
   6.49005365               1
   6.50005388               1
   6.51005411               1
   6.52005434               1
   6.53005457               1
   6.54005480               1
   6.55005503               1
   6.56005526               1
   6.57005548               1
   6.58005571               1
   6.59005594               1
   6.60005617               1
   6.61005640               1
   6.62005663               1
   6.63005686               1
   6.64005709               1
   6.65005732               1
   6.66005754               1
   6.67005777               1
   6.68005800               1
   6.69005823               1
   6.70005846               1
   6.71005869               1
   6.72005892               1
   6.73005915               1
   6.74005938               1
   6.75005960               1
   6.76005983               1
   6.77006006               1
   6.78006029               1
   6.79006052               1
   6.80006075               1
   6.81006098               1
   6.82006121               1
   6.83006144               1
   6.84006166               1
   6.85006189               1
   6.86006212               1
   6.87006235               1
   6.88006258               1
   6.89006281               1
   6.90006304               1
   6.91006327               1
   6.92006350               1
   6.93006372               1
   6.94006395               1
   6.95006418               1
   6.96006441               1
   6.97006464               1
   6.98006487               1
   6.99006510               1
   7.00006533               1
   7.01006556               1
   7.02006578               1
   7.03006601               1
   7.04006624               1
   7.05006647               1
   7.06006670               1
   7.07006693               1
   7.08006716               1
   7.09006739               1
   7.10006762               1
   7.11006784               1
   7.12006807               1
   7.13006830               1
   7.14006853               1
   7.15006876               1
   7.16006899               1
   7.17006922               1
   7.18006945               1
   7.19006968               1
   7.20006990               1
   7.21007013               1
   7.22007036               1
   7.23007059               1
   7.24007082               1
   7.25007105               1
   7.26007128               1
   7.27007151               1
   7.28007174               1
   7.29007196               1
   7.30007219               1
   7.31007242               1
   7.32007265               1
   7.33007288               1
   7.34007311               1
   7.35007334               1
   7.36007357               1
   7.37007380               1
   7.38007402               1
   7.39007425               1
   7.40007448               1
   7.41007471               1
   7.42007494               1
   7.43007517               1
   7.44007540               1
   7.45007563               1
   7.46007586               1
   7.47007608               1
   7.48007631               1
   7.49007654               1
   7.50007677               1
   7.51007700               1
   7.52007723               1
   7.53007746               1
   7.54007769               1
   7.55007792               1
   7.56007814               1
   7.57007837               1
   7.58007860               1
   7.59007883               1
   7.60007906               1
   7.61007929               1
   7.62007952               1
   7.63007975               1
   7.64007998               0
   7.65008020               0
   7.66008043               0
   7.67008066               0
   7.68008089               0
   7.69008112               0
   7.70008135               0
   7.71008158               0
   7.72008181               0
   7.73008204               0
   7.74008226               0
   7.75008249               0
   7.76008272               0
   7.77008295               0
   7.78008318               0
   7.79008341               0
   7.80008364               0
   7.81008387               0
   7.82008410               0
   7.83008432               0
   7.84008455               0
   7.85008478               0
   7.86008501               0
   7.87008524               0
   7.88008547               0
   7.89008570               0
   7.90008593               0
   7.91008615               0
   7.92008638               0
   7.93008661               0
   7.94008684               0
   7.95008707               0
   7.96008730               0
   7.97008753               0
   7.98008776               0
   7.99008799               0
   8.00008774               0
