   0.00000000             990
   9.99999978E-03         978
   1.99999996E-02         965
   2.99999993E-02         959
   3.99999991E-02         954
   4.99999970E-02         943
   5.99999949E-02         934
   6.99999928E-02         924
   7.99999908E-02         915
   8.99999887E-02         909
   9.99999866E-02         903
  0.109999985             896
  0.119999982             891
  0.129999980             880
  0.139999986             872
  0.149999991             863
  0.159999996             857
  0.170000002             845
  0.180000007             836
  0.190000013             826
  0.200000018             821
  0.210000023             812
  0.220000029             802
  0.230000034             796
  0.240000039             790
  0.250000030             782
  0.260000020             776
  0.270000011             767
  0.280000001             762
  0.289999992             751
  0.299999982             741
  0.309999973             730
  0.319999963             721
  0.329999954             708
  0.339999944             703
  0.349999934             694
  0.359999925             687
  0.369999915             678
  0.379999906             671
  0.389999896             666
  0.399999887             661
  0.409999877             657
  0.419999868             651
  0.429999858             647
  0.439999849             642
  0.449999839             639
  0.459999830             634
  0.469999820             627
  0.479999810             619
  0.489999801             612
  0.499999791             605
  0.509999812             600
  0.519999802             590
  0.529999793             585
  0.539999783             582
  0.549999774             579
  0.559999764             572
  0.569999754             569
  0.579999745             560
  0.589999735             557
  0.599999726             546
  0.609999716             542
  0.619999707             538
  0.629999697             535
  0.639999688             531
  0.649999678             522
  0.659999669             518
  0.669999659             513
  0.679999650             509
  0.689999640             506
  0.699999630             501
  0.709999621             497
  0.719999611             492
  0.729999602             486
  0.739999592             480
  0.749999583             479
  0.759999573             478
  0.769999564             473
  0.779999554             469
  0.789999545             464
  0.799999535             460
  0.809999526             458
  0.819999516             455
  0.829999506             450
  0.839999497             449
  0.849999487             441
  0.859999478             435
  0.869999468             434
  0.879999459             431
  0.889999449             429
  0.899999440             424
  0.909999430             421
  0.919999421             417
  0.929999411             412
  0.939999402             407
  0.949999392             405
  0.959999382             401
  0.969999373             398
  0.979999363             393
  0.989999354             389
  0.999999344             383
   1.00999939             378
   1.01999938             375
   1.02999938             374
   1.03999937             368
   1.04999936             363
   1.05999935             357
   1.06999934             355
   1.07999933             354
   1.08999932             353
   1.09999931             353
   1.10999930             351
   1.11999929             348
   1.12999928             345
   1.13999927             340
   1.14999926             335
   1.15999925             329
   1.16999924             326
   1.17999923             323
   1.18999922             321
   1.19999921             317
   1.20999920             316
   1.21999919             316
   1.22999918             311
   1.23999918             308
   1.24999917             308
   1.25999916             306
   1.26999915             302
   1.27999914             296
   1.28999913             294
   1.29999912             291
   1.30999911             287
   1.31999910             284
   1.32999909             280
   1.33999908             277
   1.34999907             275
   1.35999906             272
   1.36999905             272
   1.37999904             270
   1.38999903             270
   1.39999902             269
   1.40999901             263
   1.41999900             261
   1.42999899             261
   1.43999898             258
   1.44999897             257
   1.45999897             251
   1.46999896             250
   1.47999895             249
   1.48999894             246
   1.49999893             243
   1.50999892             242
   1.51999891             237
   1.52999890             235
   1.53999889             234
   1.54999888             233
   1.55999887             230
   1.56999886             229
   1.57999885             226
   1.58999884             224
   1.59999883             220
   1.60999882             217
   1.61999881             212
   1.62999880             211
   1.63999879             207
   1.64999878             205
   1.65999877             204
   1.66999876             202
   1.67999876             201
   1.68999875             199
   1.69999874             198
   1.70999873             196
   1.71999872             195
   1.72999871             191
   1.73999870             190
   1.74999869             190
   1.75999868             187
   1.76999867             186
   1.77999866             183
   1.78999865             180
   1.79999864             180
   1.80999863             177
   1.81999862             177
   1.82999861             175
   1.83999860             173
   1.84999859             172
   1.85999858             171
   1.86999857             171
   1.87999856             167
   1.88999856             166
   1.89999855             164
   1.90999854             164
   1.91999853             164
   1.92999852             164
   1.93999851             162
   1.94999850             161
   1.95999849             159
   1.96999848             158
   1.97999847             157
   1.98999846             156
   1.99999845             151
   2.00999856             149
   2.01999855             148
   2.02999854             146
   2.03999853             143
   2.04999852             142
   2.05999851             141
   2.06999850             141
   2.07999849             138
   2.08999848             137
   2.09999847             136
   2.10999846             136
   2.11999846             131
   2.12999845             127
   2.13999844             125
   2.14999843             124
   2.15999842             124
   2.16999841             121
   2.17999840             119
   2.18999839             118
   2.19999838             118
   2.20999837             117
   2.21999836             112
   2.22999835             111
   2.23999834             109
   2.24999833             109
   2.25999832             109
   2.26999831             107
   2.27999830             105
   2.28999829             103
   2.29999828             102
   2.30999827             101
   2.31999826             101
   2.32999825             100
   2.33999825              99
   2.34999824              98
   2.35999823              96
   2.36999822              95
   2.37999821              92
   2.38999820              91
   2.39999819              90
   2.40999818              89
   2.41999817              89
   2.42999816              88
   2.43999815              88
   2.44999814              88
   2.45999813              86
   2.46999812              86
   2.47999811              86
   2.48999810              86
   2.49999809              84
   2.50999808              81
   2.51999807              81
   2.52999806              78
   2.53999805              78
   2.54999804              77
   2.55999804              77
   2.56999803              77
   2.57999802              77
   2.58999801              76
   2.59999800              75
   2.60999799              75
   2.61999798              75
   2.62999797              73
   2.63999796              73
   2.64999795              71
   2.65999794              70
   2.66999793              70
   2.67999792              69
   2.68999791              69
   2.69999790              68
   2.70999789              67
   2.71999788              67
   2.72999787              67
   2.73999786              67
   2.74999785              67
   2.75999784              66
   2.76999784              65
   2.77999783              63
   2.78999782              62
   2.79999781              62
   2.80999780              61
   2.81999779              61
   2.82999778              60
   2.83999777              57
   2.84999776              57
   2.85999775              57
   2.86999774              56
   2.87999773              56
   2.88999772              55
   2.89999771              54
   2.90999770              51
   2.91999769              51
   2.92999768              51
   2.93999767              51
   2.94999766              51
   2.95999765              50
   2.96999764              50
   2.97999763              49
   2.98999763              49
   2.99999762              49
   3.00999761              49
   3.01999760              47
   3.02999759              46
   3.03999758              46
   3.04999757              45
   3.05999756              45
   3.06999755              45
   3.07999754              45
   3.08999753              45
   3.09999752              45
   3.10999751              44
   3.11999750              44
   3.12999749              43
   3.13999748              43
   3.14999747              42
   3.15999746              42
   3.16999745              42
   3.17999744              40
   3.18999743              40
   3.19999743              40
   3.20999742              39
   3.21999741              39
   3.22999740              39
   3.23999739              39
   3.24999738              39
   3.25999737              39
   3.26999736              39
   3.27999735              39
   3.28999734              39
   3.29999733              39
   3.30999732              39
   3.31999731              38
   3.32999730              37
   3.33999729              36
   3.34999728              36
   3.35999727              36
   3.36999726              36
   3.37999725              35
   3.38999724              34
   3.39999723              33
   3.40999722              33
   3.41999722              32
   3.42999721              32
   3.43999720              32
   3.44999719              32
   3.45999718              31
   3.46999717              30
   3.47999716              30
   3.48999715              30
   3.49999714              30
   3.50999713              30
   3.51999712              30
   3.52999711              30
   3.53999710              30
   3.54999709              30
   3.55999708              29
   3.56999707              29
   3.57999706              29
   3.58999705              29
   3.59999704              29
   3.60999703              29
   3.61999702              29
   3.62999701              29
   3.63999701              29
   3.64999700              29
   3.65999699              29
   3.66999698              29
   3.67999697              29
   3.68999696              29
   3.69999695              29
   3.70999694              29
   3.71999693              29
   3.72999692              29
   3.73999691              29
   3.74999690              29
   3.75999689              29
   3.76999688              29
   3.77999687              29
   3.78999686              28
   3.79999685              26
   3.80999684              25
   3.81999683              25
   3.82999682              25
   3.83999681              25
   3.84999681              25
   3.85999680              24
   3.86999679              24
   3.87999678              24
   3.88999677              24
   3.89999676              24
   3.90999675              22
   3.91999674              22
   3.92999673              22
   3.93999672              22
   3.94999671              21
   3.95999670              20
   3.96999669              20
   3.97999668              20
   3.98999667              20
   3.99999666              20
   4.00999689              20
   4.01999712              20
   4.02999735              19
   4.03999758              19
   4.04999781              18
   4.05999804              18
   4.06999826              18
   4.07999849              18
   4.08999872              18
   4.09999895              18
   4.10999918              18
   4.11999941              18
   4.12999964              18
   4.13999987              18
   4.15000010              17
   4.16000032              16
   4.17000055              16
   4.18000078              16
   4.19000101              16
   4.20000124              16
   4.21000147              16
   4.22000170              16
   4.23000193              16
   4.24000216              16
   4.25000238              16
   4.26000261              16
   4.27000284              16
   4.28000307              16
   4.29000330              16
   4.30000353              16
   4.31000376              16
   4.32000399              16
   4.33000422              16
   4.34000444              16
   4.35000467              16
   4.36000490              16
   4.37000513              16
   4.38000536              15
   4.39000559              15
   4.40000582              15
   4.41000605              14
   4.42000628              14
   4.43000650              14
   4.44000673              14
   4.45000696              14
   4.46000719              14
   4.47000742              14
   4.48000765              14
   4.49000788              14
   4.50000811              14
   4.51000834              14
   4.52000856              14
   4.53000879              13
   4.54000902              13
   4.55000925              13
   4.56000948              13
   4.57000971              12
   4.58000994              12
   4.59001017              11
   4.60001040              11
   4.61001062              11
   4.62001085              11
   4.63001108              11
   4.64001131              11
   4.65001154              11
   4.66001177              11
   4.67001200              11
   4.68001223              10
   4.69001245              10
   4.70001268              10
   4.71001291              10
   4.72001314              10
   4.73001337              10
   4.74001360              10
   4.75001383              10
   4.76001406              10
   4.77001429               9
   4.78001451               9
   4.79001474               9
   4.80001497               9
   4.81001520               9
   4.82001543               9
   4.83001566               9
   4.84001589               9
   4.85001612               9
   4.86001635               9
   4.87001657               9
   4.88001680               9
   4.89001703               9
   4.90001726               8
   4.91001749               8
   4.92001772               8
   4.93001795               8
   4.94001818               8
   4.95001841               8
   4.96001863               8
   4.97001886               7
   4.98001909               7
   4.99001932               7
   5.00001955               7
   5.01001978               7
   5.02002001               7
   5.03002024               7
   5.04002047               7
   5.05002069               7
   5.06002092               7
   5.07002115               7
   5.08002138               7
   5.09002161               7
   5.10002184               7
   5.11002207               7
   5.12002230               7
   5.13002253               7
   5.14002275               7
   5.15002298               7
   5.16002321               7
   5.17002344               7
   5.18002367               6
   5.19002390               6
   5.20002413               6
   5.21002436               6
   5.22002459               6
   5.23002481               6
   5.24002504               6
   5.25002527               6
   5.26002550               6
   5.27002573               6
   5.28002596               6
   5.29002619               6
   5.30002642               6
   5.31002665               6
   5.32002687               6
   5.33002710               6
   5.34002733               6
   5.35002756               6
   5.36002779               6
   5.37002802               6
   5.38002825               6
   5.39002848               6
   5.40002871               6
   5.41002893               6
   5.42002916               6
   5.43002939               6
   5.44002962               6
   5.45002985               6
   5.46003008               6
   5.47003031               6
   5.48003054               6
   5.49003077               6
   5.50003099               6
   5.51003122               6
   5.52003145               6
   5.53003168               6
   5.54003191               6
   5.55003214               6
   5.56003237               5
   5.57003260               5
   5.58003283               5
   5.59003305               5
   5.60003328               5
   5.61003351               5
   5.62003374               5
   5.63003397               5
   5.64003420               5
   5.65003443               5
   5.66003466               5
   5.67003489               5
   5.68003511               5
   5.69003534               4
   5.70003557               4
   5.71003580               3
   5.72003603               3
   5.73003626               3
   5.74003649               3
   5.75003672               3
   5.76003695               3
   5.77003717               3
   5.78003740               3
   5.79003763               3
   5.80003786               3
   5.81003809               3
   5.82003832               3
   5.83003855               3
   5.84003878               3
   5.85003901               3
   5.86003923               3
   5.87003946               3
   5.88003969               3
   5.89003992               3
   5.90004015               3
   5.91004038               3
   5.92004061               3
   5.93004084               3
   5.94004107               3
   5.95004129               3
   5.96004152               3
   5.97004175               3
   5.98004198               3
   5.99004221               3
   6.00004244               3
   6.01004267               3
   6.02004290               3
   6.03004313               3
   6.04004335               3
   6.05004358               3
   6.06004381               3
   6.07004404               3
   6.08004427               3
   6.09004450               3
   6.10004473               3
   6.11004496               3
   6.12004519               3
   6.13004541               3
   6.14004564               3
   6.15004587               3
   6.16004610               3
   6.17004633               3
   6.18004656               3
   6.19004679               3
   6.20004702               3
   6.21004725               3
   6.22004747               3
   6.23004770               3
   6.24004793               3
   6.25004816               3
   6.26004839               3
   6.27004862               3
   6.28004885               2
   6.29004908               2
   6.30004930               2
   6.31004953               2
   6.32004976               2
   6.33004999               2
   6.34005022               2
   6.35005045               2
   6.36005068               2
   6.37005091               2
   6.38005114               2
   6.39005136               2
   6.40005159               2
   6.41005182               2
   6.42005205               2
   6.43005228               2
   6.44005251               2
   6.45005274               2
   6.46005297               2
   6.47005320               2
   6.48005342               2
   6.49005365               2
   6.50005388               2
   6.51005411               2
   6.52005434               2
   6.53005457               2
   6.54005480               2
   6.55005503               2
   6.56005526               2
   6.57005548               2
   6.58005571               2
   6.59005594               2
   6.60005617               2
   6.61005640               2
   6.62005663               2
   6.63005686               2
   6.64005709               2
   6.65005732               1
   6.66005754               1
   6.67005777               1
   6.68005800               1
   6.69005823               1
   6.70005846               1
   6.71005869               1
   6.72005892               1
   6.73005915               1
   6.74005938               1
   6.75005960               1
   6.76005983               1
   6.77006006               1
   6.78006029               1
   6.79006052               1
   6.80006075               1
   6.81006098               1
   6.82006121               1
   6.83006144               1
   6.84006166               1
   6.85006189               1
   6.86006212               1
   6.87006235               1
   6.88006258               1
   6.89006281               1
   6.90006304               1
   6.91006327               1
   6.92006350               1
   6.93006372               1
   6.94006395               1
   6.95006418               1
   6.96006441               1
   6.97006464               1
   6.98006487               1
   6.99006510               1
   7.00006533               1
   7.01006556               1
   7.02006578               1
   7.03006601               1
   7.04006624               1
   7.05006647               1
   7.06006670               1
   7.07006693               1
   7.08006716               1
   7.09006739               1
   7.10006762               1
   7.11006784               1
   7.12006807               1
   7.13006830               1
   7.14006853               1
   7.15006876               1
   7.16006899               1
   7.17006922               1
   7.18006945               0
   7.19006968               0
   7.20006990               0
   7.21007013               0
   7.22007036               0
   7.23007059               0
   7.24007082               0
   7.25007105               0
   7.26007128               0
   7.27007151               0
   7.28007174               0
   7.29007196               0
   7.30007219               0
   7.31007242               0
   7.32007265               0
   7.33007288               0
   7.34007311               0
   7.35007334               0
   7.36007357               0
   7.37007380               0
   7.38007402               0
   7.39007425               0
   7.40007448               0
   7.41007471               0
   7.42007494               0
   7.43007517               0
   7.44007540               0
   7.45007563               0
   7.46007586               0
   7.47007608               0
   7.48007631               0
   7.49007654               0
   7.50007677               0
   7.51007700               0
   7.52007723               0
   7.53007746               0
   7.54007769               0
   7.55007792               0
   7.56007814               0
   7.57007837               0
   7.58007860               0
   7.59007883               0
   7.60007906               0
   7.61007929               0
   7.62007952               0
   7.63007975               0
   7.64007998               0
   7.65008020               0
   7.66008043               0
   7.67008066               0
   7.68008089               0
   7.69008112               0
   7.70008135               0
   7.71008158               0
   7.72008181               0
   7.73008204               0
   7.74008226               0
   7.75008249               0
   7.76008272               0
   7.77008295               0
   7.78008318               0
   7.79008341               0
   7.80008364               0
   7.81008387               0
   7.82008410               0
   7.83008432               0
   7.84008455               0
   7.85008478               0
   7.86008501               0
   7.87008524               0
   7.88008547               0
   7.89008570               0
   7.90008593               0
   7.91008615               0
   7.92008638               0
   7.93008661               0
   7.94008684               0
   7.95008707               0
   7.96008730               0
   7.97008753               0
   7.98008776               0
   7.99008799               0
   8.00008774               0
