   0.00000000             988
   9.99999978E-03         977
   1.99999996E-02         963
   2.99999993E-02         951
   3.99999991E-02         940
   4.99999970E-02         935
   5.99999949E-02         926
   6.99999928E-02         913
   7.99999908E-02         900
   8.99999887E-02         888
   9.99999866E-02         882
  0.109999985             877
  0.119999982             868
  0.129999980             856
  0.139999986             853
  0.149999991             843
  0.159999996             832
  0.170000002             820
  0.180000007             816
  0.190000013             809
  0.200000018             802
  0.210000023             793
  0.220000029             785
  0.230000034             773
  0.240000039             768
  0.250000030             760
  0.260000020             755
  0.270000011             747
  0.280000001             737
  0.289999992             729
  0.299999982             723
  0.309999973             713
  0.319999963             709
  0.329999954             702
  0.339999944             692
  0.349999934             680
  0.359999925             673
  0.369999915             669
  0.379999906             659
  0.389999896             652
  0.399999887             651
  0.409999877             645
  0.419999868             644
  0.429999858             635
  0.439999849             626
  0.449999839             625
  0.459999830             620
  0.469999820             616
  0.479999810             609
  0.489999801             602
  0.499999791             593
  0.509999812             587
  0.519999802             580
  0.529999793             573
  0.539999783             569
  0.549999774             563
  0.559999764             558
  0.569999754             555
  0.579999745             548
  0.589999735             543
  0.599999726             539
  0.609999716             535
  0.619999707             532
  0.629999697             526
  0.639999688             524
  0.649999678             517
  0.659999669             515
  0.669999659             507
  0.679999650             502
  0.689999640             494
  0.699999630             490
  0.709999621             486
  0.719999611             481
  0.729999602             479
  0.739999592             472
  0.749999583             469
  0.759999573             466
  0.769999564             462
  0.779999554             461
  0.789999545             454
  0.799999535             451
  0.809999526             448
  0.819999516             443
  0.829999506             440
  0.839999497             432
  0.849999487             429
  0.859999478             426
  0.869999468             423
  0.879999459             419
  0.889999449             415
  0.899999440             414
  0.909999430             408
  0.919999421             404
  0.929999411             400
  0.939999402             394
  0.949999392             387
  0.959999382             386
  0.969999373             380
  0.979999363             378
  0.989999354             375
  0.999999344             371
   1.00999939             368
   1.01999938             366
   1.02999938             365
   1.03999937             364
   1.04999936             363
   1.05999935             360
   1.06999934             356
   1.07999933             354
   1.08999932             351
   1.09999931             347
   1.10999930             345
   1.11999929             343
   1.12999928             339
   1.13999927             334
   1.14999926             330
   1.15999925             325
   1.16999924             321
   1.17999923             319
   1.18999922             319
   1.19999921             314
   1.20999920             309
   1.21999919             307
   1.22999918             303
   1.23999918             301
   1.24999917             299
   1.25999916             297
   1.26999915             292
   1.27999914             288
   1.28999913             288
   1.29999912             285
   1.30999911             281
   1.31999910             278
   1.32999909             274
   1.33999908             273
   1.34999907             272
   1.35999906             270
   1.36999905             267
   1.37999904             264
   1.38999903             259
   1.39999902             257
   1.40999901             254
   1.41999900             252
   1.42999899             249
   1.43999898             245
   1.44999897             241
   1.45999897             240
   1.46999896             238
   1.47999895             236
   1.48999894             231
   1.49999893             229
   1.50999892             227
   1.51999891             225
   1.52999890             225
   1.53999889             221
   1.54999888             218
   1.55999887             217
   1.56999886             217
   1.57999885             212
   1.58999884             209
   1.59999883             206
   1.60999882             205
   1.61999881             204
   1.62999880             203
   1.63999879             201
   1.64999878             199
   1.65999877             198
   1.66999876             198
   1.67999876             192
   1.68999875             190
   1.69999874             190
   1.70999873             182
   1.71999872             182
   1.72999871             179
   1.73999870             178
   1.74999869             174
   1.75999868             172
   1.76999867             171
   1.77999866             171
   1.78999865             168
   1.79999864             167
   1.80999863             166
   1.81999862             164
   1.82999861             162
   1.83999860             162
   1.84999859             162
   1.85999858             160
   1.86999857             159
   1.87999856             158
   1.88999856             155
   1.89999855             155
   1.90999854             154
   1.91999853             153
   1.92999852             150
   1.93999851             149
   1.94999850             146
   1.95999849             143
   1.96999848             142
   1.97999847             141
   1.98999846             140
   1.99999845             139
   2.00999856             139
   2.01999855             139
   2.02999854             139
   2.03999853             138
   2.04999852             136
   2.05999851             135
   2.06999850             132
   2.07999849             131
   2.08999848             128
   2.09999847             127
   2.10999846             126
   2.11999846             125
   2.12999845             125
   2.13999844             123
   2.14999843             121
   2.15999842             120
   2.16999841             119
   2.17999840             119
   2.18999839             119
   2.19999838             117
   2.20999837             116
   2.21999836             114
   2.22999835             113
   2.23999834             111
   2.24999833             111
   2.25999832             111
   2.26999831             111
   2.27999830             110
   2.28999829             110
   2.29999828             110
   2.30999827             110
   2.31999826             110
   2.32999825             109
   2.33999825             107
   2.34999824             105
   2.35999823             105
   2.36999822             103
   2.37999821             101
   2.38999820              99
   2.39999819              99
   2.40999818              98
   2.41999817              96
   2.42999816              95
   2.43999815              93
   2.44999814              93
   2.45999813              91
   2.46999812              91
   2.47999811              91
   2.48999810              88
   2.49999809              88
   2.50999808              88
   2.51999807              84
   2.52999806              83
   2.53999805              83
   2.54999804              81
   2.55999804              80
   2.56999803              79
   2.57999802              79
   2.58999801              79
   2.59999800              79
   2.60999799              79
   2.61999798              79
   2.62999797              79
   2.63999796              78
   2.64999795              76
   2.65999794              76
   2.66999793              75
   2.67999792              74
   2.68999791              74
   2.69999790              71
   2.70999789              70
   2.71999788              70
   2.72999787              67
   2.73999786              66
   2.74999785              66
   2.75999784              65
   2.76999784              65
   2.77999783              65
   2.78999782              65
   2.79999781              64
   2.80999780              63
   2.81999779              63
   2.82999778              61
   2.83999777              59
   2.84999776              59
   2.85999775              59
   2.86999774              58
   2.87999773              56
   2.88999772              56
   2.89999771              55
   2.90999770              55
   2.91999769              55
   2.92999768              54
   2.93999767              54
   2.94999766              52
   2.95999765              52
   2.96999764              52
   2.97999763              51
   2.98999763              51
   2.99999762              51
   3.00999761              51
   3.01999760              51
   3.02999759              51
   3.03999758              50
   3.04999757              50
   3.05999756              50
   3.06999755              50
   3.07999754              50
   3.08999753              48
   3.09999752              48
   3.10999751              48
   3.11999750              46
   3.12999749              45
   3.13999748              45
   3.14999747              45
   3.15999746              45
   3.16999745              43
   3.17999744              43
   3.18999743              42
   3.19999743              41
   3.20999742              41
   3.21999741              41
   3.22999740              41
   3.23999739              40
   3.24999738              40
   3.25999737              40
   3.26999736              40
   3.27999735              39
   3.28999734              38
   3.29999733              38
   3.30999732              38
   3.31999731              38
   3.32999730              38
   3.33999729              38
   3.34999728              38
   3.35999727              38
   3.36999726              37
   3.37999725              37
   3.38999724              37
   3.39999723              37
   3.40999722              36
   3.41999722              36
   3.42999721              36
   3.43999720              35
   3.44999719              35
   3.45999718              34
   3.46999717              34
   3.47999716              34
   3.48999715              34
   3.49999714              34
   3.50999713              34
   3.51999712              34
   3.52999711              34
   3.53999710              34
   3.54999709              34
   3.55999708              33
   3.56999707              32
   3.57999706              31
   3.58999705              31
   3.59999704              31
   3.60999703              31
   3.61999702              31
   3.62999701              30
   3.63999701              30
   3.64999700              30
   3.65999699              30
   3.66999698              30
   3.67999697              30
   3.68999696              30
   3.69999695              30
   3.70999694              30
   3.71999693              30
   3.72999692              30
   3.73999691              29
   3.74999690              29
   3.75999689              28
   3.76999688              28
   3.77999687              28
   3.78999686              27
   3.79999685              27
   3.80999684              27
   3.81999683              27
   3.82999682              26
   3.83999681              26
   3.84999681              26
   3.85999680              26
   3.86999679              24
   3.87999678              24
   3.88999677              24
   3.89999676              24
   3.90999675              24
   3.91999674              23
   3.92999673              23
   3.93999672              23
   3.94999671              23
   3.95999670              23
   3.96999669              22
   3.97999668              21
   3.98999667              21
   3.99999666              21
   4.00999689              21
   4.01999712              21
   4.02999735              19
   4.03999758              19
   4.04999781              19
   4.05999804              19
   4.06999826              19
   4.07999849              19
   4.08999872              18
   4.09999895              18
   4.10999918              17
   4.11999941              17
   4.12999964              17
   4.13999987              17
   4.15000010              17
   4.16000032              16
   4.17000055              16
   4.18000078              16
   4.19000101              16
   4.20000124              15
   4.21000147              15
   4.22000170              15
   4.23000193              15
   4.24000216              15
   4.25000238              15
   4.26000261              15
   4.27000284              14
   4.28000307              14
   4.29000330              14
   4.30000353              14
   4.31000376              14
   4.32000399              14
   4.33000422              13
   4.34000444              13
   4.35000467              13
   4.36000490              13
   4.37000513              13
   4.38000536              13
   4.39000559              13
   4.40000582              12
   4.41000605              11
   4.42000628              11
   4.43000650              11
   4.44000673              11
   4.45000696              11
   4.46000719              11
   4.47000742              11
   4.48000765              11
   4.49000788              11
   4.50000811              11
   4.51000834              11
   4.52000856              11
   4.53000879              11
   4.54000902              11
   4.55000925              11
   4.56000948              10
   4.57000971              10
   4.58000994              10
   4.59001017              10
   4.60001040              10
   4.61001062              10
   4.62001085              10
   4.63001108              10
   4.64001131              10
   4.65001154              10
   4.66001177              10
   4.67001200              10
   4.68001223              10
   4.69001245              10
   4.70001268              10
   4.71001291              10
   4.72001314              10
   4.73001337              10
   4.74001360              10
   4.75001383              10
   4.76001406              10
   4.77001429              10
   4.78001451              10
   4.79001474               9
   4.80001497               9
   4.81001520               9
   4.82001543               9
   4.83001566               9
   4.84001589               8
   4.85001612               8
   4.86001635               8
   4.87001657               8
   4.88001680               6
   4.89001703               6
   4.90001726               6
   4.91001749               6
   4.92001772               6
   4.93001795               6
   4.94001818               6
   4.95001841               6
   4.96001863               6
   4.97001886               6
   4.98001909               6
   4.99001932               5
   5.00001955               5
   5.01001978               5
   5.02002001               5
   5.03002024               5
   5.04002047               5
   5.05002069               5
   5.06002092               5
   5.07002115               5
   5.08002138               5
   5.09002161               5
   5.10002184               5
   5.11002207               5
   5.12002230               5
   5.13002253               5
   5.14002275               5
   5.15002298               5
   5.16002321               5
   5.17002344               5
   5.18002367               5
   5.19002390               5
   5.20002413               5
   5.21002436               5
   5.22002459               5
   5.23002481               4
   5.24002504               4
   5.25002527               4
   5.26002550               4
   5.27002573               4
   5.28002596               4
   5.29002619               4
   5.30002642               4
   5.31002665               4
   5.32002687               4
   5.33002710               4
   5.34002733               4
   5.35002756               4
   5.36002779               4
   5.37002802               4
   5.38002825               4
   5.39002848               4
   5.40002871               4
   5.41002893               4
   5.42002916               4
   5.43002939               4
   5.44002962               4
   5.45002985               3
   5.46003008               3
   5.47003031               3
   5.48003054               3
   5.49003077               3
   5.50003099               3
   5.51003122               3
   5.52003145               3
   5.53003168               3
   5.54003191               3
   5.55003214               3
   5.56003237               3
   5.57003260               3
   5.58003283               3
   5.59003305               3
   5.60003328               3
   5.61003351               2
   5.62003374               2
   5.63003397               2
   5.64003420               2
   5.65003443               2
   5.66003466               2
   5.67003489               2
   5.68003511               2
   5.69003534               2
   5.70003557               2
   5.71003580               2
   5.72003603               2
   5.73003626               2
   5.74003649               2
   5.75003672               2
   5.76003695               2
   5.77003717               2
   5.78003740               1
   5.79003763               1
   5.80003786               1
   5.81003809               1
   5.82003832               1
   5.83003855               1
   5.84003878               1
   5.85003901               1
   5.86003923               1
   5.87003946               1
   5.88003969               1
   5.89003992               1
   5.90004015               1
   5.91004038               1
   5.92004061               0
   5.93004084               0
   5.94004107               0
   5.95004129               0
   5.96004152               0
   5.97004175               0
   5.98004198               0
   5.99004221               0
   6.00004244               0
   6.01004267               0
   6.02004290               0
   6.03004313               0
   6.04004335               0
   6.05004358               0
   6.06004381               0
   6.07004404               0
   6.08004427               0
   6.09004450               0
   6.10004473               0
   6.11004496               0
   6.12004519               0
   6.13004541               0
   6.14004564               0
   6.15004587               0
   6.16004610               0
   6.17004633               0
   6.18004656               0
   6.19004679               0
   6.20004702               0
   6.21004725               0
   6.22004747               0
   6.23004770               0
   6.24004793               0
   6.25004816               0
   6.26004839               0
   6.27004862               0
   6.28004885               0
   6.29004908               0
   6.30004930               0
   6.31004953               0
   6.32004976               0
   6.33004999               0
   6.34005022               0
   6.35005045               0
   6.36005068               0
   6.37005091               0
   6.38005114               0
   6.39005136               0
   6.40005159               0
   6.41005182               0
   6.42005205               0
   6.43005228               0
   6.44005251               0
   6.45005274               0
   6.46005297               0
   6.47005320               0
   6.48005342               0
   6.49005365               0
   6.50005388               0
   6.51005411               0
   6.52005434               0
   6.53005457               0
   6.54005480               0
   6.55005503               0
   6.56005526               0
   6.57005548               0
   6.58005571               0
   6.59005594               0
   6.60005617               0
   6.61005640               0
   6.62005663               0
   6.63005686               0
   6.64005709               0
   6.65005732               0
   6.66005754               0
   6.67005777               0
   6.68005800               0
   6.69005823               0
   6.70005846               0
   6.71005869               0
   6.72005892               0
   6.73005915               0
   6.74005938               0
   6.75005960               0
   6.76005983               0
   6.77006006               0
   6.78006029               0
   6.79006052               0
   6.80006075               0
   6.81006098               0
   6.82006121               0
   6.83006144               0
   6.84006166               0
   6.85006189               0
   6.86006212               0
   6.87006235               0
   6.88006258               0
   6.89006281               0
   6.90006304               0
   6.91006327               0
   6.92006350               0
   6.93006372               0
   6.94006395               0
   6.95006418               0
   6.96006441               0
   6.97006464               0
   6.98006487               0
   6.99006510               0
   7.00006533               0
   7.01006556               0
   7.02006578               0
   7.03006601               0
   7.04006624               0
   7.05006647               0
   7.06006670               0
   7.07006693               0
   7.08006716               0
   7.09006739               0
   7.10006762               0
   7.11006784               0
   7.12006807               0
   7.13006830               0
   7.14006853               0
   7.15006876               0
   7.16006899               0
   7.17006922               0
   7.18006945               0
   7.19006968               0
   7.20006990               0
   7.21007013               0
   7.22007036               0
   7.23007059               0
   7.24007082               0
   7.25007105               0
   7.26007128               0
   7.27007151               0
   7.28007174               0
   7.29007196               0
   7.30007219               0
   7.31007242               0
   7.32007265               0
   7.33007288               0
   7.34007311               0
   7.35007334               0
   7.36007357               0
   7.37007380               0
   7.38007402               0
   7.39007425               0
   7.40007448               0
   7.41007471               0
   7.42007494               0
   7.43007517               0
   7.44007540               0
   7.45007563               0
   7.46007586               0
   7.47007608               0
   7.48007631               0
   7.49007654               0
   7.50007677               0
   7.51007700               0
   7.52007723               0
   7.53007746               0
   7.54007769               0
   7.55007792               0
   7.56007814               0
   7.57007837               0
   7.58007860               0
   7.59007883               0
   7.60007906               0
   7.61007929               0
   7.62007952               0
   7.63007975               0
   7.64007998               0
   7.65008020               0
   7.66008043               0
   7.67008066               0
   7.68008089               0
   7.69008112               0
   7.70008135               0
   7.71008158               0
   7.72008181               0
   7.73008204               0
   7.74008226               0
   7.75008249               0
   7.76008272               0
   7.77008295               0
   7.78008318               0
   7.79008341               0
   7.80008364               0
   7.81008387               0
   7.82008410               0
   7.83008432               0
   7.84008455               0
   7.85008478               0
   7.86008501               0
   7.87008524               0
   7.88008547               0
   7.89008570               0
   7.90008593               0
   7.91008615               0
   7.92008638               0
   7.93008661               0
   7.94008684               0
   7.95008707               0
   7.96008730               0
   7.97008753               0
   7.98008776               0
   7.99008799               0
   8.00008774               0
