   0.00000000             990
   9.99999978E-03         985
   1.99999996E-02         978
   2.99999993E-02         970
   3.99999991E-02         960
   4.99999970E-02         949
   5.99999949E-02         941
   6.99999928E-02         930
   7.99999908E-02         917
   8.99999887E-02         912
   9.99999866E-02         906
  0.109999985             899
  0.119999982             888
  0.129999980             882
  0.139999986             875
  0.149999991             864
  0.159999996             857
  0.170000002             850
  0.180000007             840
  0.190000013             831
  0.200000018             821
  0.210000023             813
  0.220000029             806
  0.230000034             797
  0.240000039             790
  0.250000030             783
  0.260000020             776
  0.270000011             768
  0.280000001             760
  0.289999992             755
  0.299999982             749
  0.309999973             741
  0.319999963             735
  0.329999954             726
  0.339999944             723
  0.349999934             715
  0.359999925             706
  0.369999915             698
  0.379999906             688
  0.389999896             679
  0.399999887             675
  0.409999877             670
  0.419999868             664
  0.429999858             660
  0.439999849             653
  0.449999839             647
  0.459999830             641
  0.469999820             634
  0.479999810             623
  0.489999801             614
  0.499999791             611
  0.509999812             602
  0.519999802             596
  0.529999793             588
  0.539999783             582
  0.549999774             577
  0.559999764             571
  0.569999754             570
  0.579999745             566
  0.589999735             558
  0.599999726             548
  0.609999716             544
  0.619999707             539
  0.629999697             538
  0.639999688             535
  0.649999678             533
  0.659999669             531
  0.669999659             530
  0.679999650             526
  0.689999640             519
  0.699999630             511
  0.709999621             505
  0.719999611             500
  0.729999602             495
  0.739999592             491
  0.749999583             488
  0.759999573             484
  0.769999564             480
  0.779999554             474
  0.789999545             470
  0.799999535             464
  0.809999526             460
  0.819999516             456
  0.829999506             451
  0.839999497             445
  0.849999487             443
  0.859999478             437
  0.869999468             433
  0.879999459             430
  0.889999449             429
  0.899999440             423
  0.909999430             418
  0.919999421             415
  0.929999411             411
  0.939999402             406
  0.949999392             403
  0.959999382             393
  0.969999373             391
  0.979999363             387
  0.989999354             384
  0.999999344             381
   1.00999939             377
   1.01999938             376
   1.02999938             374
   1.03999937             369
   1.04999936             365
   1.05999935             361
   1.06999934             356
   1.07999933             353
   1.08999932             351
   1.09999931             346
   1.10999930             337
   1.11999929             330
   1.12999928             326
   1.13999927             324
   1.14999926             321
   1.15999925             320
   1.16999924             315
   1.17999923             310
   1.18999922             307
   1.19999921             303
   1.20999920             300
   1.21999919             298
   1.22999918             295
   1.23999918             294
   1.24999917             292
   1.25999916             286
   1.26999915             281
   1.27999914             280
   1.28999913             277
   1.29999912             271
   1.30999911             266
   1.31999910             263
   1.32999909             260
   1.33999908             257
   1.34999907             251
   1.35999906             250
   1.36999905             248
   1.37999904             245
   1.38999903             245
   1.39999902             243
   1.40999901             242
   1.41999900             241
   1.42999899             238
   1.43999898             234
   1.44999897             231
   1.45999897             228
   1.46999896             222
   1.47999895             222
   1.48999894             220
   1.49999893             218
   1.50999892             214
   1.51999891             209
   1.52999890             209
   1.53999889             206
   1.54999888             205
   1.55999887             204
   1.56999886             203
   1.57999885             199
   1.58999884             197
   1.59999883             197
   1.60999882             195
   1.61999881             193
   1.62999880             189
   1.63999879             187
   1.64999878             186
   1.65999877             182
   1.66999876             179
   1.67999876             176
   1.68999875             174
   1.69999874             172
   1.70999873             169
   1.71999872             166
   1.72999871             165
   1.73999870             164
   1.74999869             163
   1.75999868             162
   1.76999867             161
   1.77999866             160
   1.78999865             159
   1.79999864             157
   1.80999863             156
   1.81999862             154
   1.82999861             153
   1.83999860             151
   1.84999859             150
   1.85999858             148
   1.86999857             148
   1.87999856             148
   1.88999856             147
   1.89999855             144
   1.90999854             141
   1.91999853             137
   1.92999852             137
   1.93999851             134
   1.94999850             134
   1.95999849             134
   1.96999848             134
   1.97999847             133
   1.98999846             133
   1.99999845             131
   2.00999856             131
   2.01999855             131
   2.02999854             130
   2.03999853             128
   2.04999852             125
   2.05999851             124
   2.06999850             122
   2.07999849             119
   2.08999848             118
   2.09999847             117
   2.10999846             116
   2.11999846             115
   2.12999845             112
   2.13999844             110
   2.14999843             110
   2.15999842             110
   2.16999841             109
   2.17999840             106
   2.18999839             105
   2.19999838             105
   2.20999837             104
   2.21999836             103
   2.22999835             100
   2.23999834              98
   2.24999833              95
   2.25999832              93
   2.26999831              91
   2.27999830              91
   2.28999829              91
   2.29999828              89
   2.30999827              88
   2.31999826              87
   2.32999825              87
   2.33999825              87
   2.34999824              87
   2.35999823              86
   2.36999822              83
   2.37999821              82
   2.38999820              79
   2.39999819              79
   2.40999818              77
   2.41999817              77
   2.42999816              76
   2.43999815              75
   2.44999814              75
   2.45999813              74
   2.46999812              73
   2.47999811              73
   2.48999810              71
   2.49999809              71
   2.50999808              71
   2.51999807              70
   2.52999806              70
   2.53999805              68
   2.54999804              67
   2.55999804              67
   2.56999803              65
   2.57999802              65
   2.58999801              65
   2.59999800              64
   2.60999799              64
   2.61999798              64
   2.62999797              63
   2.63999796              63
   2.64999795              63
   2.65999794              62
   2.66999793              61
   2.67999792              60
   2.68999791              59
   2.69999790              58
   2.70999789              58
   2.71999788              58
   2.72999787              57
   2.73999786              57
   2.74999785              55
   2.75999784              54
   2.76999784              54
   2.77999783              53
   2.78999782              52
   2.79999781              50
   2.80999780              49
   2.81999779              49
   2.82999778              47
   2.83999777              47
   2.84999776              47
   2.85999775              47
   2.86999774              46
   2.87999773              45
   2.88999772              45
   2.89999771              44
   2.90999770              44
   2.91999769              44
   2.92999768              43
   2.93999767              43
   2.94999766              43
   2.95999765              43
   2.96999764              41
   2.97999763              40
   2.98999763              39
   2.99999762              39
   3.00999761              38
   3.01999760              38
   3.02999759              37
   3.03999758              37
   3.04999757              37
   3.05999756              36
   3.06999755              36
   3.07999754              36
   3.08999753              35
   3.09999752              35
   3.10999751              35
   3.11999750              35
   3.12999749              34
   3.13999748              34
   3.14999747              34
   3.15999746              34
   3.16999745              34
   3.17999744              34
   3.18999743              34
   3.19999743              34
   3.20999742              33
   3.21999741              33
   3.22999740              33
   3.23999739              33
   3.24999738              33
   3.25999737              33
   3.26999736              33
   3.27999735              33
   3.28999734              31
   3.29999733              31
   3.30999732              31
   3.31999731              31
   3.32999730              31
   3.33999729              31
   3.34999728              31
   3.35999727              30
   3.36999726              30
   3.37999725              29
   3.38999724              28
   3.39999723              27
   3.40999722              27
   3.41999722              27
   3.42999721              25
   3.43999720              25
   3.44999719              25
   3.45999718              25
   3.46999717              25
   3.47999716              25
   3.48999715              24
   3.49999714              24
   3.50999713              24
   3.51999712              23
   3.52999711              22
   3.53999710              22
   3.54999709              21
   3.55999708              21
   3.56999707              21
   3.57999706              20
   3.58999705              20
   3.59999704              20
   3.60999703              20
   3.61999702              19
   3.62999701              19
   3.63999701              19
   3.64999700              19
   3.65999699              19
   3.66999698              19
   3.67999697              19
   3.68999696              19
   3.69999695              18
   3.70999694              18
   3.71999693              18
   3.72999692              18
   3.73999691              18
   3.74999690              18
   3.75999689              17
   3.76999688              17
   3.77999687              17
   3.78999686              16
   3.79999685              16
   3.80999684              15
   3.81999683              15
   3.82999682              15
   3.83999681              15
   3.84999681              15
   3.85999680              14
   3.86999679              14
   3.87999678              14
   3.88999677              14
   3.89999676              14
   3.90999675              14
   3.91999674              14
   3.92999673              13
   3.93999672              13
   3.94999671              13
   3.95999670              13
   3.96999669              13
   3.97999668              13
   3.98999667              13
   3.99999666              13
   4.00999689              13
   4.01999712              13
   4.02999735              13
   4.03999758              13
   4.04999781              13
   4.05999804              13
   4.06999826              13
   4.07999849              13
   4.08999872              13
   4.09999895              13
   4.10999918              13
   4.11999941              13
   4.12999964              13
   4.13999987              13
   4.15000010              13
   4.16000032              13
   4.17000055              13
   4.18000078              13
   4.19000101              13
   4.20000124              13
   4.21000147              13
   4.22000170              13
   4.23000193              13
   4.24000216              13
   4.25000238              13
   4.26000261              13
   4.27000284              13
   4.28000307              13
   4.29000330              13
   4.30000353              13
   4.31000376              13
   4.32000399              13
   4.33000422              13
   4.34000444              13
   4.35000467              13
   4.36000490              13
   4.37000513              13
   4.38000536              13
   4.39000559              13
   4.40000582              13
   4.41000605              13
   4.42000628              13
   4.43000650              13
   4.44000673              13
   4.45000696              13
   4.46000719              13
   4.47000742              13
   4.48000765              13
   4.49000788              13
   4.50000811              13
   4.51000834              13
   4.52000856              13
   4.53000879              13
   4.54000902              13
   4.55000925              13
   4.56000948              13
   4.57000971              13
   4.58000994              12
   4.59001017              12
   4.60001040              12
   4.61001062              11
   4.62001085              11
   4.63001108              11
   4.64001131              11
   4.65001154              11
   4.66001177              11
   4.67001200              10
   4.68001223              10
   4.69001245              10
   4.70001268              10
   4.71001291              10
   4.72001314              10
   4.73001337              10
   4.74001360              10
   4.75001383               8
   4.76001406               8
   4.77001429               8
   4.78001451               8
   4.79001474               8
   4.80001497               8
   4.81001520               8
   4.82001543               8
   4.83001566               8
   4.84001589               8
   4.85001612               8
   4.86001635               8
   4.87001657               8
   4.88001680               8
   4.89001703               8
   4.90001726               8
   4.91001749               8
   4.92001772               8
   4.93001795               8
   4.94001818               8
   4.95001841               8
   4.96001863               8
   4.97001886               8
   4.98001909               8
   4.99001932               6
   5.00001955               6
   5.01001978               6
   5.02002001               6
   5.03002024               6
   5.04002047               6
   5.05002069               6
   5.06002092               6
   5.07002115               6
   5.08002138               6
   5.09002161               6
   5.10002184               6
   5.11002207               6
   5.12002230               6
   5.13002253               6
   5.14002275               6
   5.15002298               6
   5.16002321               6
   5.17002344               6
   5.18002367               6
   5.19002390               6
   5.20002413               6
   5.21002436               6
   5.22002459               6
   5.23002481               6
   5.24002504               6
   5.25002527               6
   5.26002550               6
   5.27002573               6
   5.28002596               6
   5.29002619               6
   5.30002642               6
   5.31002665               6
   5.32002687               6
   5.33002710               6
   5.34002733               6
   5.35002756               6
   5.36002779               6
   5.37002802               6
   5.38002825               6
   5.39002848               6
   5.40002871               6
   5.41002893               6
   5.42002916               6
   5.43002939               6
   5.44002962               6
   5.45002985               6
   5.46003008               5
   5.47003031               5
   5.48003054               5
   5.49003077               5
   5.50003099               5
   5.51003122               5
   5.52003145               5
   5.53003168               5
   5.54003191               5
   5.55003214               5
   5.56003237               4
   5.57003260               4
   5.58003283               4
   5.59003305               4
   5.60003328               4
   5.61003351               4
   5.62003374               4
   5.63003397               4
   5.64003420               4
   5.65003443               4
   5.66003466               4
   5.67003489               4
   5.68003511               4
   5.69003534               4
   5.70003557               4
   5.71003580               4
   5.72003603               4
   5.73003626               4
   5.74003649               4
   5.75003672               4
   5.76003695               4
   5.77003717               4
   5.78003740               4
   5.79003763               4
   5.80003786               4
   5.81003809               4
   5.82003832               4
   5.83003855               4
   5.84003878               3
   5.85003901               3
   5.86003923               3
   5.87003946               3
   5.88003969               3
   5.89003992               3
   5.90004015               3
   5.91004038               3
   5.92004061               3
   5.93004084               3
   5.94004107               3
   5.95004129               3
   5.96004152               3
   5.97004175               3
   5.98004198               3
   5.99004221               3
   6.00004244               3
   6.01004267               3
   6.02004290               3
   6.03004313               3
   6.04004335               3
   6.05004358               3
   6.06004381               3
   6.07004404               3
   6.08004427               3
   6.09004450               3
   6.10004473               3
   6.11004496               3
   6.12004519               3
   6.13004541               3
   6.14004564               3
   6.15004587               3
   6.16004610               3
   6.17004633               3
   6.18004656               3
   6.19004679               3
   6.20004702               3
   6.21004725               3
   6.22004747               3
   6.23004770               2
   6.24004793               2
   6.25004816               2
   6.26004839               2
   6.27004862               2
   6.28004885               2
   6.29004908               2
   6.30004930               2
   6.31004953               2
   6.32004976               2
   6.33004999               2
   6.34005022               2
   6.35005045               2
   6.36005068               2
   6.37005091               2
   6.38005114               2
   6.39005136               2
   6.40005159               2
   6.41005182               2
   6.42005205               2
   6.43005228               2
   6.44005251               2
   6.45005274               2
   6.46005297               2
   6.47005320               2
   6.48005342               2
   6.49005365               2
   6.50005388               2
   6.51005411               2
   6.52005434               2
   6.53005457               2
   6.54005480               2
   6.55005503               2
   6.56005526               2
   6.57005548               2
   6.58005571               2
   6.59005594               2
   6.60005617               2
   6.61005640               2
   6.62005663               2
   6.63005686               2
   6.64005709               2
   6.65005732               2
   6.66005754               2
   6.67005777               2
   6.68005800               2
   6.69005823               2
   6.70005846               2
   6.71005869               2
   6.72005892               2
   6.73005915               2
   6.74005938               2
   6.75005960               2
   6.76005983               2
   6.77006006               2
   6.78006029               2
   6.79006052               2
   6.80006075               2
   6.81006098               1
   6.82006121               1
   6.83006144               1
   6.84006166               1
   6.85006189               1
   6.86006212               1
   6.87006235               1
   6.88006258               1
   6.89006281               1
   6.90006304               1
   6.91006327               1
   6.92006350               1
   6.93006372               1
   6.94006395               1
   6.95006418               1
   6.96006441               1
   6.97006464               1
   6.98006487               1
   6.99006510               1
   7.00006533               1
   7.01006556               1
   7.02006578               1
   7.03006601               1
   7.04006624               1
   7.05006647               1
   7.06006670               1
   7.07006693               1
   7.08006716               1
   7.09006739               1
   7.10006762               1
   7.11006784               1
   7.12006807               1
   7.13006830               1
   7.14006853               1
   7.15006876               1
   7.16006899               1
   7.17006922               1
   7.18006945               1
   7.19006968               1
   7.20006990               1
   7.21007013               1
   7.22007036               1
   7.23007059               1
   7.24007082               1
   7.25007105               1
   7.26007128               1
   7.27007151               1
   7.28007174               1
   7.29007196               1
   7.30007219               1
   7.31007242               1
   7.32007265               1
   7.33007288               1
   7.34007311               1
   7.35007334               1
   7.36007357               1
   7.37007380               1
   7.38007402               1
   7.39007425               1
   7.40007448               1
   7.41007471               1
   7.42007494               1
   7.43007517               1
   7.44007540               1
   7.45007563               1
   7.46007586               1
   7.47007608               1
   7.48007631               1
   7.49007654               1
   7.50007677               1
   7.51007700               1
   7.52007723               1
   7.53007746               1
   7.54007769               1
   7.55007792               1
   7.56007814               1
   7.57007837               1
   7.58007860               1
   7.59007883               1
   7.60007906               1
   7.61007929               1
   7.62007952               1
   7.63007975               1
   7.64007998               1
   7.65008020               1
   7.66008043               1
   7.67008066               1
   7.68008089               1
   7.69008112               1
   7.70008135               1
   7.71008158               1
   7.72008181               1
   7.73008204               1
   7.74008226               1
   7.75008249               1
   7.76008272               1
   7.77008295               1
   7.78008318               1
   7.79008341               1
   7.80008364               1
   7.81008387               1
   7.82008410               1
   7.83008432               1
   7.84008455               1
   7.85008478               1
   7.86008501               1
   7.87008524               1
   7.88008547               1
   7.89008570               1
   7.90008593               1
   7.91008615               1
   7.92008638               1
   7.93008661               1
   7.94008684               1
   7.95008707               1
   7.96008730               1
   7.97008753               1
   7.98008776               1
   7.99008799               1
   8.00008774               1
