   0.00000000             991
   9.99999978E-03         983
   1.99999996E-02         971
   2.99999993E-02         956
   3.99999991E-02         940
   4.99999970E-02         928
   5.99999949E-02         919
   6.99999928E-02         915
   7.99999908E-02         910
   8.99999887E-02         899
   9.99999866E-02         892
  0.109999985             878
  0.119999982             868
  0.129999980             858
  0.139999986             851
  0.149999991             842
  0.159999996             835
  0.170000002             824
  0.180000007             814
  0.190000013             802
  0.200000018             790
  0.210000023             783
  0.220000029             774
  0.230000034             764
  0.240000039             758
  0.250000030             752
  0.260000020             746
  0.270000011             740
  0.280000001             726
  0.289999992             718
  0.299999982             711
  0.309999973             707
  0.319999963             700
  0.329999954             694
  0.339999944             691
  0.349999934             681
  0.359999925             674
  0.369999915             670
  0.379999906             664
  0.389999896             660
  0.399999887             654
  0.409999877             648
  0.419999868             639
  0.429999858             639
  0.439999849             635
  0.449999839             628
  0.459999830             623
  0.469999820             615
  0.479999810             609
  0.489999801             603
  0.499999791             597
  0.509999812             591
  0.519999802             588
  0.529999793             580
  0.539999783             571
  0.549999774             564
  0.559999764             559
  0.569999754             553
  0.579999745             547
  0.589999735             542
  0.599999726             532
  0.609999716             526
  0.619999707             517
  0.629999697             510
  0.639999688             503
  0.649999678             500
  0.659999669             495
  0.669999659             489
  0.679999650             486
  0.689999640             482
  0.699999630             478
  0.709999621             473
  0.719999611             469
  0.729999602             467
  0.739999592             463
  0.749999583             459
  0.759999573             457
  0.769999564             454
  0.779999554             452
  0.789999545             449
  0.799999535             444
  0.809999526             441
  0.819999516             439
  0.829999506             435
  0.839999497             433
  0.849999487             428
  0.859999478             421
  0.869999468             416
  0.879999459             413
  0.889999449             412
  0.899999440             410
  0.909999430             405
  0.919999421             399
  0.929999411             391
  0.939999402             387
  0.949999392             379
  0.959999382             376
  0.969999373             373
  0.979999363             368
  0.989999354             359
  0.999999344             354
   1.00999939             347
   1.01999938             343
   1.02999938             339
   1.03999937             336
   1.04999936             334
   1.05999935             331
   1.06999934             329
   1.07999933             327
   1.08999932             323
   1.09999931             321
   1.10999930             319
   1.11999929             313
   1.12999928             310
   1.13999927             299
   1.14999926             295
   1.15999925             292
   1.16999924             289
   1.17999923             288
   1.18999922             285
   1.19999921             285
   1.20999920             282
   1.21999919             280
   1.22999918             280
   1.23999918             273
   1.24999917             271
   1.25999916             265
   1.26999915             262
   1.27999914             261
   1.28999913             258
   1.29999912             257
   1.30999911             255
   1.31999910             253
   1.32999909             246
   1.33999908             242
   1.34999907             237
   1.35999906             233
   1.36999905             229
   1.37999904             228
   1.38999903             227
   1.39999902             227
   1.40999901             225
   1.41999900             222
   1.42999899             219
   1.43999898             216
   1.44999897             214
   1.45999897             211
   1.46999896             207
   1.47999895             205
   1.48999894             205
   1.49999893             200
   1.50999892             198
   1.51999891             198
   1.52999890             198
   1.53999889             196
   1.54999888             193
   1.55999887             193
   1.56999886             190
   1.57999885             189
   1.58999884             185
   1.59999883             184
   1.60999882             183
   1.61999881             180
   1.62999880             179
   1.63999879             179
   1.64999878             177
   1.65999877             177
   1.66999876             175
   1.67999876             174
   1.68999875             174
   1.69999874             170
   1.70999873             169
   1.71999872             169
   1.72999871             168
   1.73999870             167
   1.74999869             166
   1.75999868             165
   1.76999867             164
   1.77999866             164
   1.78999865             162
   1.79999864             161
   1.80999863             158
   1.81999862             157
   1.82999861             154
   1.83999860             152
   1.84999859             150
   1.85999858             148
   1.86999857             147
   1.87999856             145
   1.88999856             143
   1.89999855             141
   1.90999854             138
   1.91999853             136
   1.92999852             136
   1.93999851             134
   1.94999850             133
   1.95999849             132
   1.96999848             128
   1.97999847             127
   1.98999846             125
   1.99999845             125
   2.00999856             123
   2.01999855             121
   2.02999854             121
   2.03999853             120
   2.04999852             119
   2.05999851             117
   2.06999850             117
   2.07999849             115
   2.08999848             115
   2.09999847             115
   2.10999846             115
   2.11999846             114
   2.12999845             114
   2.13999844             114
   2.14999843             114
   2.15999842             113
   2.16999841             113
   2.17999840             112
   2.18999839             111
   2.19999838             106
   2.20999837             106
   2.21999836             104
   2.22999835             102
   2.23999834             101
   2.24999833             101
   2.25999832              97
   2.26999831              95
   2.27999830              95
   2.28999829              95
   2.29999828              94
   2.30999827              92
   2.31999826              91
   2.32999825              89
   2.33999825              88
   2.34999824              86
   2.35999823              84
   2.36999822              83
   2.37999821              83
   2.38999820              83
   2.39999819              81
   2.40999818              80
   2.41999817              80
   2.42999816              78
   2.43999815              77
   2.44999814              77
   2.45999813              74
   2.46999812              73
   2.47999811              73
   2.48999810              72
   2.49999809              68
   2.50999808              68
   2.51999807              68
   2.52999806              67
   2.53999805              66
   2.54999804              66
   2.55999804              65
   2.56999803              64
   2.57999802              64
   2.58999801              64
   2.59999800              64
   2.60999799              63
   2.61999798              63
   2.62999797              63
   2.63999796              62
   2.64999795              62
   2.65999794              62
   2.66999793              62
   2.67999792              62
   2.68999791              62
   2.69999790              62
   2.70999789              60
   2.71999788              59
   2.72999787              59
   2.73999786              58
   2.74999785              55
   2.75999784              53
   2.76999784              52
   2.77999783              51
   2.78999782              50
   2.79999781              50
   2.80999780              50
   2.81999779              50
   2.82999778              50
   2.83999777              50
   2.84999776              50
   2.85999775              49
   2.86999774              48
   2.87999773              45
   2.88999772              45
   2.89999771              43
   2.90999770              43
   2.91999769              41
   2.92999768              41
   2.93999767              41
   2.94999766              39
   2.95999765              37
   2.96999764              36
   2.97999763              34
   2.98999763              33
   2.99999762              33
   3.00999761              32
   3.01999760              31
   3.02999759              30
   3.03999758              30
   3.04999757              30
   3.05999756              30
   3.06999755              30
   3.07999754              30
   3.08999753              30
   3.09999752              30
   3.10999751              28
   3.11999750              28
   3.12999749              28
   3.13999748              28
   3.14999747              27
   3.15999746              27
   3.16999745              27
   3.17999744              27
   3.18999743              27
   3.19999743              27
   3.20999742              25
   3.21999741              24
   3.22999740              24
   3.23999739              23
   3.24999738              22
   3.25999737              22
   3.26999736              22
   3.27999735              22
   3.28999734              22
   3.29999733              22
   3.30999732              22
   3.31999731              22
   3.32999730              22
   3.33999729              22
   3.34999728              22
   3.35999727              22
   3.36999726              22
   3.37999725              21
   3.38999724              20
   3.39999723              20
   3.40999722              20
   3.41999722              20
   3.42999721              20
   3.43999720              20
   3.44999719              20
   3.45999718              20
   3.46999717              20
   3.47999716              20
   3.48999715              20
   3.49999714              20
   3.50999713              20
   3.51999712              20
   3.52999711              20
   3.53999710              20
   3.54999709              20
   3.55999708              20
   3.56999707              20
   3.57999706              20
   3.58999705              20
   3.59999704              20
   3.60999703              20
   3.61999702              20
   3.62999701              20
   3.63999701              20
   3.64999700              20
   3.65999699              20
   3.66999698              20
   3.67999697              20
   3.68999696              20
   3.69999695              20
   3.70999694              20
   3.71999693              20
   3.72999692              20
   3.73999691              19
   3.74999690              19
   3.75999689              19
   3.76999688              19
   3.77999687              19
   3.78999686              18
   3.79999685              18
   3.80999684              18
   3.81999683              17
   3.82999682              17
   3.83999681              16
   3.84999681              16
   3.85999680              16
   3.86999679              16
   3.87999678              16
   3.88999677              16
   3.89999676              15
   3.90999675              15
   3.91999674              15
   3.92999673              14
   3.93999672              14
   3.94999671              14
   3.95999670              13
   3.96999669              13
   3.97999668              13
   3.98999667              13
   3.99999666              13
   4.00999689              13
   4.01999712              13
   4.02999735              13
   4.03999758              13
   4.04999781              13
   4.05999804              12
   4.06999826              12
   4.07999849              12
   4.08999872              11
   4.09999895              11
   4.10999918              11
   4.11999941              11
   4.12999964              11
   4.13999987              11
   4.15000010              11
   4.16000032              11
   4.17000055              11
   4.18000078              11
   4.19000101              10
   4.20000124              10
   4.21000147               9
   4.22000170               9
   4.23000193               8
   4.24000216               7
   4.25000238               7
   4.26000261               7
   4.27000284               7
   4.28000307               7
   4.29000330               7
   4.30000353               7
   4.31000376               7
   4.32000399               7
   4.33000422               7
   4.34000444               7
   4.35000467               7
   4.36000490               7
   4.37000513               7
   4.38000536               7
   4.39000559               7
   4.40000582               7
   4.41000605               7
   4.42000628               7
   4.43000650               7
   4.44000673               7
   4.45000696               7
   4.46000719               7
   4.47000742               7
   4.48000765               7
   4.49000788               7
   4.50000811               7
   4.51000834               7
   4.52000856               7
   4.53000879               7
   4.54000902               7
   4.55000925               7
   4.56000948               7
   4.57000971               7
   4.58000994               7
   4.59001017               7
   4.60001040               7
   4.61001062               6
   4.62001085               6
   4.63001108               6
   4.64001131               6
   4.65001154               6
   4.66001177               6
   4.67001200               6
   4.68001223               6
   4.69001245               6
   4.70001268               6
   4.71001291               6
   4.72001314               6
   4.73001337               6
   4.74001360               6
   4.75001383               6
   4.76001406               6
   4.77001429               6
   4.78001451               6
   4.79001474               6
   4.80001497               6
   4.81001520               6
   4.82001543               6
   4.83001566               6
   4.84001589               6
   4.85001612               6
   4.86001635               6
   4.87001657               6
   4.88001680               6
   4.89001703               6
   4.90001726               5
   4.91001749               5
   4.92001772               5
   4.93001795               5
   4.94001818               5
   4.95001841               5
   4.96001863               5
   4.97001886               5
   4.98001909               5
   4.99001932               5
   5.00001955               5
   5.01001978               5
   5.02002001               5
   5.03002024               5
   5.04002047               5
   5.05002069               5
   5.06002092               5
   5.07002115               5
   5.08002138               5
   5.09002161               5
   5.10002184               5
   5.11002207               4
   5.12002230               4
   5.13002253               4
   5.14002275               4
   5.15002298               4
   5.16002321               4
   5.17002344               4
   5.18002367               4
   5.19002390               4
   5.20002413               4
   5.21002436               4
   5.22002459               4
   5.23002481               4
   5.24002504               4
   5.25002527               4
   5.26002550               4
   5.27002573               4
   5.28002596               4
   5.29002619               4
   5.30002642               4
   5.31002665               4
   5.32002687               4
   5.33002710               4
   5.34002733               4
   5.35002756               4
   5.36002779               4
   5.37002802               4
   5.38002825               4
   5.39002848               4
   5.40002871               4
   5.41002893               4
   5.42002916               4
   5.43002939               4
   5.44002962               4
   5.45002985               4
   5.46003008               4
   5.47003031               4
   5.48003054               4
   5.49003077               4
   5.50003099               4
   5.51003122               4
   5.52003145               3
   5.53003168               3
   5.54003191               3
   5.55003214               3
   5.56003237               3
   5.57003260               3
   5.58003283               3
   5.59003305               3
   5.60003328               3
   5.61003351               3
   5.62003374               3
   5.63003397               3
   5.64003420               3
   5.65003443               3
   5.66003466               3
   5.67003489               3
   5.68003511               3
   5.69003534               3
   5.70003557               3
   5.71003580               3
   5.72003603               3
   5.73003626               3
   5.74003649               3
   5.75003672               3
   5.76003695               3
   5.77003717               3
   5.78003740               3
   5.79003763               3
   5.80003786               3
   5.81003809               3
   5.82003832               3
   5.83003855               3
   5.84003878               3
   5.85003901               3
   5.86003923               3
   5.87003946               3
   5.88003969               3
   5.89003992               3
   5.90004015               3
   5.91004038               3
   5.92004061               3
   5.93004084               3
   5.94004107               3
   5.95004129               3
   5.96004152               3
   5.97004175               3
   5.98004198               3
   5.99004221               3
   6.00004244               3
   6.01004267               3
   6.02004290               3
   6.03004313               3
   6.04004335               3
   6.05004358               3
   6.06004381               3
   6.07004404               3
   6.08004427               3
   6.09004450               3
   6.10004473               3
   6.11004496               3
   6.12004519               3
   6.13004541               3
   6.14004564               3
   6.15004587               3
   6.16004610               3
   6.17004633               3
   6.18004656               3
   6.19004679               3
   6.20004702               3
   6.21004725               3
   6.22004747               3
   6.23004770               3
   6.24004793               3
   6.25004816               3
   6.26004839               3
   6.27004862               3
   6.28004885               3
   6.29004908               3
   6.30004930               3
   6.31004953               3
   6.32004976               3
   6.33004999               3
   6.34005022               3
   6.35005045               3
   6.36005068               3
   6.37005091               3
   6.38005114               3
   6.39005136               3
   6.40005159               3
   6.41005182               3
   6.42005205               3
   6.43005228               3
   6.44005251               3
   6.45005274               3
   6.46005297               3
   6.47005320               3
   6.48005342               3
   6.49005365               3
   6.50005388               3
   6.51005411               3
   6.52005434               3
   6.53005457               3
   6.54005480               3
   6.55005503               3
   6.56005526               3
   6.57005548               3
   6.58005571               3
   6.59005594               3
   6.60005617               3
   6.61005640               3
   6.62005663               3
   6.63005686               3
   6.64005709               3
   6.65005732               3
   6.66005754               3
   6.67005777               3
   6.68005800               3
   6.69005823               3
   6.70005846               3
   6.71005869               3
   6.72005892               3
   6.73005915               3
   6.74005938               3
   6.75005960               3
   6.76005983               3
   6.77006006               3
   6.78006029               3
   6.79006052               3
   6.80006075               3
   6.81006098               3
   6.82006121               3
   6.83006144               3
   6.84006166               3
   6.85006189               3
   6.86006212               3
   6.87006235               3
   6.88006258               3
   6.89006281               3
   6.90006304               3
   6.91006327               3
   6.92006350               3
   6.93006372               3
   6.94006395               3
   6.95006418               3
   6.96006441               3
   6.97006464               3
   6.98006487               3
   6.99006510               3
   7.00006533               3
   7.01006556               3
   7.02006578               3
   7.03006601               3
   7.04006624               3
   7.05006647               3
   7.06006670               3
   7.07006693               3
   7.08006716               3
   7.09006739               3
   7.10006762               3
   7.11006784               3
   7.12006807               3
   7.13006830               3
   7.14006853               3
   7.15006876               3
   7.16006899               3
   7.17006922               3
   7.18006945               3
   7.19006968               3
   7.20006990               3
   7.21007013               3
   7.22007036               3
   7.23007059               3
   7.24007082               3
   7.25007105               3
   7.26007128               3
   7.27007151               3
   7.28007174               3
   7.29007196               3
   7.30007219               3
   7.31007242               3
   7.32007265               3
   7.33007288               3
   7.34007311               3
   7.35007334               3
   7.36007357               3
   7.37007380               3
   7.38007402               3
   7.39007425               3
   7.40007448               3
   7.41007471               3
   7.42007494               3
   7.43007517               3
   7.44007540               3
   7.45007563               2
   7.46007586               2
   7.47007608               2
   7.48007631               2
   7.49007654               2
   7.50007677               2
   7.51007700               2
   7.52007723               2
   7.53007746               2
   7.54007769               2
   7.55007792               2
   7.56007814               2
   7.57007837               2
   7.58007860               2
   7.59007883               2
   7.60007906               2
   7.61007929               2
   7.62007952               2
   7.63007975               2
   7.64007998               2
   7.65008020               2
   7.66008043               2
   7.67008066               2
   7.68008089               2
   7.69008112               2
   7.70008135               2
   7.71008158               2
   7.72008181               2
   7.73008204               2
   7.74008226               2
   7.75008249               1
   7.76008272               1
   7.77008295               1
   7.78008318               1
   7.79008341               1
   7.80008364               1
   7.81008387               1
   7.82008410               1
   7.83008432               1
   7.84008455               1
   7.85008478               1
   7.86008501               1
   7.87008524               1
   7.88008547               1
   7.89008570               1
   7.90008593               1
   7.91008615               1
   7.92008638               1
   7.93008661               1
   7.94008684               1
   7.95008707               1
   7.96008730               1
   7.97008753               1
   7.98008776               1
   7.99008799               0
   8.00008774               0
