   0.00000000             990
   9.99999978E-03         982
   1.99999996E-02         968
   2.99999993E-02         959
   3.99999991E-02         950
   4.99999970E-02         941
   5.99999949E-02         934
   6.99999928E-02         928
   7.99999908E-02         919
   8.99999887E-02         908
   9.99999866E-02         900
  0.109999985             893
  0.119999982             891
  0.129999980             883
  0.139999986             876
  0.149999991             866
  0.159999996             856
  0.170000002             846
  0.180000007             839
  0.190000013             831
  0.200000018             816
  0.210000023             804
  0.220000029             793
  0.230000034             789
  0.240000039             784
  0.250000030             774
  0.260000020             765
  0.270000011             757
  0.280000001             752
  0.289999992             749
  0.299999982             739
  0.309999973             732
  0.319999963             730
  0.329999954             721
  0.339999944             717
  0.349999934             707
  0.359999925             701
  0.369999915             694
  0.379999906             685
  0.389999896             680
  0.399999887             677
  0.409999877             672
  0.419999868             667
  0.429999858             662
  0.439999849             654
  0.449999839             645
  0.459999830             640
  0.469999820             634
  0.479999810             627
  0.489999801             621
  0.499999791             612
  0.509999812             608
  0.519999802             600
  0.529999793             594
  0.539999783             589
  0.549999774             584
  0.559999764             581
  0.569999754             574
  0.579999745             565
  0.589999735             561
  0.599999726             558
  0.609999716             551
  0.619999707             546
  0.629999697             541
  0.639999688             532
  0.649999678             528
  0.659999669             520
  0.669999659             516
  0.679999650             509
  0.689999640             506
  0.699999630             503
  0.709999621             499
  0.719999611             493
  0.729999602             489
  0.739999592             485
  0.749999583             476
  0.759999573             468
  0.769999564             465
  0.779999554             460
  0.789999545             456
  0.799999535             452
  0.809999526             444
  0.819999516             439
  0.829999506             435
  0.839999497             435
  0.849999487             426
  0.859999478             421
  0.869999468             418
  0.879999459             413
  0.889999449             409
  0.899999440             405
  0.909999430             400
  0.919999421             391
  0.929999411             387
  0.939999402             383
  0.949999392             379
  0.959999382             377
  0.969999373             374
  0.979999363             373
  0.989999354             367
  0.999999344             366
   1.00999939             360
   1.01999938             357
   1.02999938             354
   1.03999937             352
   1.04999936             349
   1.05999935             346
   1.06999934             342
   1.07999933             339
   1.08999932             335
   1.09999931             333
   1.10999930             329
   1.11999929             324
   1.12999928             320
   1.13999927             318
   1.14999926             315
   1.15999925             312
   1.16999924             309
   1.17999923             304
   1.18999922             301
   1.19999921             298
   1.20999920             297
   1.21999919             294
   1.22999918             290
   1.23999918             288
   1.24999917             285
   1.25999916             284
   1.26999915             282
   1.27999914             276
   1.28999913             272
   1.29999912             269
   1.30999911             267
   1.31999910             267
   1.32999909             265
   1.33999908             264
   1.34999907             264
   1.35999906             262
   1.36999905             259
   1.37999904             257
   1.38999903             255
   1.39999902             254
   1.40999901             252
   1.41999900             250
   1.42999899             247
   1.43999898             247
   1.44999897             242
   1.45999897             241
   1.46999896             240
   1.47999895             238
   1.48999894             235
   1.49999893             232
   1.50999892             230
   1.51999891             227
   1.52999890             224
   1.53999889             219
   1.54999888             216
   1.55999887             215
   1.56999886             211
   1.57999885             208
   1.58999884             208
   1.59999883             207
   1.60999882             205
   1.61999881             203
   1.62999880             203
   1.63999879             203
   1.64999878             202
   1.65999877             200
   1.66999876             199
   1.67999876             195
   1.68999875             194
   1.69999874             193
   1.70999873             193
   1.71999872             190
   1.72999871             190
   1.73999870             188
   1.74999869             186
   1.75999868             186
   1.76999867             185
   1.77999866             183
   1.78999865             181
   1.79999864             181
   1.80999863             179
   1.81999862             177
   1.82999861             175
   1.83999860             173
   1.84999859             173
   1.85999858             172
   1.86999857             170
   1.87999856             169
   1.88999856             169
   1.89999855             167
   1.90999854             167
   1.91999853             165
   1.92999852             165
   1.93999851             165
   1.94999850             163
   1.95999849             162
   1.96999848             160
   1.97999847             157
   1.98999846             157
   1.99999845             156
   2.00999856             154
   2.01999855             154
   2.02999854             152
   2.03999853             152
   2.04999852             152
   2.05999851             152
   2.06999850             151
   2.07999849             150
   2.08999848             150
   2.09999847             149
   2.10999846             148
   2.11999846             147
   2.12999845             145
   2.13999844             144
   2.14999843             142
   2.15999842             142
   2.16999841             142
   2.17999840             142
   2.18999839             139
   2.19999838             139
   2.20999837             137
   2.21999836             137
   2.22999835             135
   2.23999834             135
   2.24999833             133
   2.25999832             131
   2.26999831             129
   2.27999830             128
   2.28999829             128
   2.29999828             126
   2.30999827             124
   2.31999826             124
   2.32999825             123
   2.33999825             122
   2.34999824             121
   2.35999823             119
   2.36999822             117
   2.37999821             112
   2.38999820             111
   2.39999819             110
   2.40999818             109
   2.41999817             107
   2.42999816             103
   2.43999815             102
   2.44999814             100
   2.45999813              99
   2.46999812              99
   2.47999811              99
   2.48999810              98
   2.49999809              98
   2.50999808              96
   2.51999807              94
   2.52999806              93
   2.53999805              92
   2.54999804              92
   2.55999804              92
   2.56999803              91
   2.57999802              91
   2.58999801              90
   2.59999800              89
   2.60999799              88
   2.61999798              88
   2.62999797              88
   2.63999796              86
   2.64999795              86
   2.65999794              85
   2.66999793              85
   2.67999792              84
   2.68999791              84
   2.69999790              82
   2.70999789              80
   2.71999788              80
   2.72999787              80
   2.73999786              78
   2.74999785              77
   2.75999784              75
   2.76999784              72
   2.77999783              70
   2.78999782              69
   2.79999781              69
   2.80999780              66
   2.81999779              65
   2.82999778              64
   2.83999777              64
   2.84999776              64
   2.85999775              63
   2.86999774              62
   2.87999773              62
   2.88999772              61
   2.89999771              61
   2.90999770              61
   2.91999769              61
   2.92999768              60
   2.93999767              60
   2.94999766              60
   2.95999765              58
   2.96999764              57
   2.97999763              56
   2.98999763              54
   2.99999762              54
   3.00999761              54
   3.01999760              54
   3.02999759              54
   3.03999758              53
   3.04999757              52
   3.05999756              51
   3.06999755              51
   3.07999754              51
   3.08999753              51
   3.09999752              51
   3.10999751              50
   3.11999750              50
   3.12999749              49
   3.13999748              49
   3.14999747              48
   3.15999746              48
   3.16999745              47
   3.17999744              46
   3.18999743              46
   3.19999743              46
   3.20999742              46
   3.21999741              46
   3.22999740              46
   3.23999739              45
   3.24999738              45
   3.25999737              45
   3.26999736              45
   3.27999735              45
   3.28999734              45
   3.29999733              44
   3.30999732              43
   3.31999731              43
   3.32999730              42
   3.33999729              42
   3.34999728              41
   3.35999727              41
   3.36999726              39
   3.37999725              39
   3.38999724              39
   3.39999723              36
   3.40999722              36
   3.41999722              36
   3.42999721              36
   3.43999720              35
   3.44999719              35
   3.45999718              35
   3.46999717              34
   3.47999716              34
   3.48999715              34
   3.49999714              33
   3.50999713              33
   3.51999712              33
   3.52999711              31
   3.53999710              31
   3.54999709              31
   3.55999708              31
   3.56999707              31
   3.57999706              30
   3.58999705              30
   3.59999704              30
   3.60999703              29
   3.61999702              28
   3.62999701              28
   3.63999701              28
   3.64999700              28
   3.65999699              28
   3.66999698              27
   3.67999697              27
   3.68999696              26
   3.69999695              25
   3.70999694              25
   3.71999693              25
   3.72999692              25
   3.73999691              25
   3.74999690              24
   3.75999689              23
   3.76999688              23
   3.77999687              22
   3.78999686              21
   3.79999685              20
   3.80999684              20
   3.81999683              20
   3.82999682              19
   3.83999681              19
   3.84999681              19
   3.85999680              19
   3.86999679              19
   3.87999678              19
   3.88999677              19
   3.89999676              19
   3.90999675              19
   3.91999674              19
   3.92999673              19
   3.93999672              19
   3.94999671              19
   3.95999670              19
   3.96999669              18
   3.97999668              18
   3.98999667              18
   3.99999666              17
   4.00999689              17
   4.01999712              17
   4.02999735              17
   4.03999758              16
   4.04999781              16
   4.05999804              16
   4.06999826              16
   4.07999849              16
   4.08999872              16
   4.09999895              15
   4.10999918              15
   4.11999941              15
   4.12999964              14
   4.13999987              14
   4.15000010              14
   4.16000032              14
   4.17000055              14
   4.18000078              14
   4.19000101              14
   4.20000124              14
   4.21000147              14
   4.22000170              14
   4.23000193              14
   4.24000216              14
   4.25000238              14
   4.26000261              14
   4.27000284              13
   4.28000307              13
   4.29000330              13
   4.30000353              12
   4.31000376              12
   4.32000399              12
   4.33000422              12
   4.34000444              12
   4.35000467              12
   4.36000490              12
   4.37000513              12
   4.38000536              12
   4.39000559              11
   4.40000582              11
   4.41000605              11
   4.42000628              11
   4.43000650              10
   4.44000673               9
   4.45000696               9
   4.46000719               9
   4.47000742               9
   4.48000765               9
   4.49000788               9
   4.50000811               9
   4.51000834               9
   4.52000856               9
   4.53000879               9
   4.54000902               9
   4.55000925               9
   4.56000948               7
   4.57000971               7
   4.58000994               7
   4.59001017               7
   4.60001040               7
   4.61001062               7
   4.62001085               7
   4.63001108               7
   4.64001131               6
   4.65001154               6
   4.66001177               6
   4.67001200               6
   4.68001223               6
   4.69001245               6
   4.70001268               6
   4.71001291               6
   4.72001314               6
   4.73001337               6
   4.74001360               6
   4.75001383               6
   4.76001406               6
   4.77001429               5
   4.78001451               5
   4.79001474               5
   4.80001497               5
   4.81001520               5
   4.82001543               5
   4.83001566               5
   4.84001589               5
   4.85001612               5
   4.86001635               5
   4.87001657               5
   4.88001680               5
   4.89001703               5
   4.90001726               5
   4.91001749               5
   4.92001772               5
   4.93001795               5
   4.94001818               5
   4.95001841               5
   4.96001863               5
   4.97001886               5
   4.98001909               5
   4.99001932               5
   5.00001955               5
   5.01001978               5
   5.02002001               5
   5.03002024               4
   5.04002047               4
   5.05002069               4
   5.06002092               4
   5.07002115               4
   5.08002138               4
   5.09002161               4
   5.10002184               4
   5.11002207               4
   5.12002230               4
   5.13002253               4
   5.14002275               4
   5.15002298               4
   5.16002321               4
   5.17002344               4
   5.18002367               4
   5.19002390               4
   5.20002413               4
   5.21002436               4
   5.22002459               4
   5.23002481               4
   5.24002504               4
   5.25002527               3
   5.26002550               3
   5.27002573               3
   5.28002596               3
   5.29002619               3
   5.30002642               3
   5.31002665               3
   5.32002687               3
   5.33002710               3
   5.34002733               3
   5.35002756               3
   5.36002779               3
   5.37002802               3
   5.38002825               3
   5.39002848               3
   5.40002871               3
   5.41002893               3
   5.42002916               3
   5.43002939               3
   5.44002962               3
   5.45002985               3
   5.46003008               3
   5.47003031               3
   5.48003054               3
   5.49003077               2
   5.50003099               2
   5.51003122               2
   5.52003145               2
   5.53003168               2
   5.54003191               2
   5.55003214               2
   5.56003237               2
   5.57003260               2
   5.58003283               2
   5.59003305               2
   5.60003328               2
   5.61003351               2
   5.62003374               2
   5.63003397               2
   5.64003420               2
   5.65003443               2
   5.66003466               2
   5.67003489               2
   5.68003511               2
   5.69003534               1
   5.70003557               1
   5.71003580               1
   5.72003603               1
   5.73003626               1
   5.74003649               1
   5.75003672               1
   5.76003695               1
   5.77003717               1
   5.78003740               1
   5.79003763               1
   5.80003786               1
   5.81003809               1
   5.82003832               1
   5.83003855               1
   5.84003878               1
   5.85003901               1
   5.86003923               1
   5.87003946               1
   5.88003969               1
   5.89003992               1
   5.90004015               1
   5.91004038               1
   5.92004061               1
   5.93004084               1
   5.94004107               1
   5.95004129               1
   5.96004152               1
   5.97004175               1
   5.98004198               1
   5.99004221               1
   6.00004244               1
   6.01004267               1
   6.02004290               1
   6.03004313               0
   6.04004335               0
   6.05004358               0
   6.06004381               0
   6.07004404               0
   6.08004427               0
   6.09004450               0
   6.10004473               0
   6.11004496               0
   6.12004519               0
   6.13004541               0
   6.14004564               0
   6.15004587               0
   6.16004610               0
   6.17004633               0
   6.18004656               0
   6.19004679               0
   6.20004702               0
   6.21004725               0
   6.22004747               0
   6.23004770               0
   6.24004793               0
   6.25004816               0
   6.26004839               0
   6.27004862               0
   6.28004885               0
   6.29004908               0
   6.30004930               0
   6.31004953               0
   6.32004976               0
   6.33004999               0
   6.34005022               0
   6.35005045               0
   6.36005068               0
   6.37005091               0
   6.38005114               0
   6.39005136               0
   6.40005159               0
   6.41005182               0
   6.42005205               0
   6.43005228               0
   6.44005251               0
   6.45005274               0
   6.46005297               0
   6.47005320               0
   6.48005342               0
   6.49005365               0
   6.50005388               0
   6.51005411               0
   6.52005434               0
   6.53005457               0
   6.54005480               0
   6.55005503               0
   6.56005526               0
   6.57005548               0
   6.58005571               0
   6.59005594               0
   6.60005617               0
   6.61005640               0
   6.62005663               0
   6.63005686               0
   6.64005709               0
   6.65005732               0
   6.66005754               0
   6.67005777               0
   6.68005800               0
   6.69005823               0
   6.70005846               0
   6.71005869               0
   6.72005892               0
   6.73005915               0
   6.74005938               0
   6.75005960               0
   6.76005983               0
   6.77006006               0
   6.78006029               0
   6.79006052               0
   6.80006075               0
   6.81006098               0
   6.82006121               0
   6.83006144               0
   6.84006166               0
   6.85006189               0
   6.86006212               0
   6.87006235               0
   6.88006258               0
   6.89006281               0
   6.90006304               0
   6.91006327               0
   6.92006350               0
   6.93006372               0
   6.94006395               0
   6.95006418               0
   6.96006441               0
   6.97006464               0
   6.98006487               0
   6.99006510               0
   7.00006533               0
   7.01006556               0
   7.02006578               0
   7.03006601               0
   7.04006624               0
   7.05006647               0
   7.06006670               0
   7.07006693               0
   7.08006716               0
   7.09006739               0
   7.10006762               0
   7.11006784               0
   7.12006807               0
   7.13006830               0
   7.14006853               0
   7.15006876               0
   7.16006899               0
   7.17006922               0
   7.18006945               0
   7.19006968               0
   7.20006990               0
   7.21007013               0
   7.22007036               0
   7.23007059               0
   7.24007082               0
   7.25007105               0
   7.26007128               0
   7.27007151               0
   7.28007174               0
   7.29007196               0
   7.30007219               0
   7.31007242               0
   7.32007265               0
   7.33007288               0
   7.34007311               0
   7.35007334               0
   7.36007357               0
   7.37007380               0
   7.38007402               0
   7.39007425               0
   7.40007448               0
   7.41007471               0
   7.42007494               0
   7.43007517               0
   7.44007540               0
   7.45007563               0
   7.46007586               0
   7.47007608               0
   7.48007631               0
   7.49007654               0
   7.50007677               0
   7.51007700               0
   7.52007723               0
   7.53007746               0
   7.54007769               0
   7.55007792               0
   7.56007814               0
   7.57007837               0
   7.58007860               0
   7.59007883               0
   7.60007906               0
   7.61007929               0
   7.62007952               0
   7.63007975               0
   7.64007998               0
   7.65008020               0
   7.66008043               0
   7.67008066               0
   7.68008089               0
   7.69008112               0
   7.70008135               0
   7.71008158               0
   7.72008181               0
   7.73008204               0
   7.74008226               0
   7.75008249               0
   7.76008272               0
   7.77008295               0
   7.78008318               0
   7.79008341               0
   7.80008364               0
   7.81008387               0
   7.82008410               0
   7.83008432               0
   7.84008455               0
   7.85008478               0
   7.86008501               0
   7.87008524               0
   7.88008547               0
   7.89008570               0
   7.90008593               0
   7.91008615               0
   7.92008638               0
   7.93008661               0
   7.94008684               0
   7.95008707               0
   7.96008730               0
   7.97008753               0
   7.98008776               0
   7.99008799               0
   8.00008774               0
