   0.00000000             984
   9.99999978E-03         973
   1.99999996E-02         960
   2.99999993E-02         955
   3.99999991E-02         944
   4.99999970E-02         938
   5.99999949E-02         930
   6.99999928E-02         922
   7.99999908E-02         912
   8.99999887E-02         908
   9.99999866E-02         902
  0.109999985             896
  0.119999982             885
  0.129999980             877
  0.139999986             868
  0.149999991             859
  0.159999996             854
  0.170000002             844
  0.180000007             834
  0.190000013             826
  0.200000018             819
  0.210000023             812
  0.220000029             803
  0.230000034             794
  0.240000039             791
  0.250000030             784
  0.260000020             778
  0.270000011             771
  0.280000001             764
  0.289999992             755
  0.299999982             740
  0.309999973             735
  0.319999963             730
  0.329999954             726
  0.339999944             719
  0.349999934             718
  0.359999925             709
  0.369999915             706
  0.379999906             701
  0.389999896             696
  0.399999887             692
  0.409999877             686
  0.419999868             681
  0.429999858             676
  0.439999849             673
  0.449999839             669
  0.459999830             662
  0.469999820             656
  0.479999810             649
  0.489999801             642
  0.499999791             636
  0.509999812             632
  0.519999802             628
  0.529999793             620
  0.539999783             616
  0.549999774             608
  0.559999764             600
  0.569999754             595
  0.579999745             587
  0.589999735             580
  0.599999726             575
  0.609999716             568
  0.619999707             563
  0.629999697             559
  0.639999688             555
  0.649999678             549
  0.659999669             544
  0.669999659             541
  0.679999650             538
  0.689999640             531
  0.699999630             524
  0.709999621             518
  0.719999611             511
  0.729999602             507
  0.739999592             506
  0.749999583             502
  0.759999573             498
  0.769999564             494
  0.779999554             491
  0.789999545             485
  0.799999535             482
  0.809999526             480
  0.819999516             472
  0.829999506             465
  0.839999497             458
  0.849999487             453
  0.859999478             447
  0.869999468             441
  0.879999459             437
  0.889999449             432
  0.899999440             429
  0.909999430             426
  0.919999421             425
  0.929999411             421
  0.939999402             416
  0.949999392             412
  0.959999382             410
  0.969999373             409
  0.979999363             404
  0.989999354             399
  0.999999344             397
   1.00999939             394
   1.01999938             388
   1.02999938             386
   1.03999937             383
   1.04999936             378
   1.05999935             375
   1.06999934             372
   1.07999933             369
   1.08999932             362
   1.09999931             361
   1.10999930             359
   1.11999929             353
   1.12999928             349
   1.13999927             342
   1.14999926             338
   1.15999925             333
   1.16999924             332
   1.17999923             327
   1.18999922             325
   1.19999921             319
   1.20999920             315
   1.21999919             314
   1.22999918             310
   1.23999918             307
   1.24999917             303
   1.25999916             297
   1.26999915             296
   1.27999914             295
   1.28999913             295
   1.29999912             291
   1.30999911             288
   1.31999910             284
   1.32999909             282
   1.33999908             279
   1.34999907             277
   1.35999906             277
   1.36999905             274
   1.37999904             272
   1.38999903             269
   1.39999902             267
   1.40999901             267
   1.41999900             262
   1.42999899             259
   1.43999898             256
   1.44999897             252
   1.45999897             252
   1.46999896             250
   1.47999895             246
   1.48999894             244
   1.49999893             243
   1.50999892             241
   1.51999891             240
   1.52999890             238
   1.53999889             238
   1.54999888             236
   1.55999887             234
   1.56999886             231
   1.57999885             229
   1.58999884             222
   1.59999883             220
   1.60999882             219
   1.61999881             217
   1.62999880             215
   1.63999879             210
   1.64999878             209
   1.65999877             209
   1.66999876             206
   1.67999876             204
   1.68999875             202
   1.69999874             199
   1.70999873             199
   1.71999872             197
   1.72999871             195
   1.73999870             192
   1.74999869             190
   1.75999868             186
   1.76999867             185
   1.77999866             184
   1.78999865             184
   1.79999864             181
   1.80999863             178
   1.81999862             177
   1.82999861             176
   1.83999860             173
   1.84999859             170
   1.85999858             170
   1.86999857             167
   1.87999856             165
   1.88999856             164
   1.89999855             161
   1.90999854             158
   1.91999853             158
   1.92999852             154
   1.93999851             151
   1.94999850             149
   1.95999849             147
   1.96999848             144
   1.97999847             144
   1.98999846             144
   1.99999845             143
   2.00999856             142
   2.01999855             142
   2.02999854             142
   2.03999853             139
   2.04999852             139
   2.05999851             136
   2.06999850             136
   2.07999849             135
   2.08999848             135
   2.09999847             133
   2.10999846             132
   2.11999846             131
   2.12999845             131
   2.13999844             131
   2.14999843             129
   2.15999842             128
   2.16999841             128
   2.17999840             127
   2.18999839             126
   2.19999838             124
   2.20999837             123
   2.21999836             121
   2.22999835             120
   2.23999834             119
   2.24999833             117
   2.25999832             115
   2.26999831             113
   2.27999830             113
   2.28999829             113
   2.29999828             113
   2.30999827             113
   2.31999826             113
   2.32999825             112
   2.33999825             110
   2.34999824             110
   2.35999823             109
   2.36999822             104
   2.37999821             103
   2.38999820             103
   2.39999819             103
   2.40999818             103
   2.41999817             101
   2.42999816             100
   2.43999815              99
   2.44999814              99
   2.45999813              96
   2.46999812              93
   2.47999811              92
   2.48999810              90
   2.49999809              88
   2.50999808              86
   2.51999807              86
   2.52999806              86
   2.53999805              86
   2.54999804              85
   2.55999804              84
   2.56999803              83
   2.57999802              83
   2.58999801              79
   2.59999800              77
   2.60999799              76
   2.61999798              76
   2.62999797              73
   2.63999796              72
   2.64999795              72
   2.65999794              72
   2.66999793              72
   2.67999792              72
   2.68999791              70
   2.69999790              69
   2.70999789              69
   2.71999788              69
   2.72999787              69
   2.73999786              68
   2.74999785              67
   2.75999784              66
   2.76999784              66
   2.77999783              63
   2.78999782              63
   2.79999781              63
   2.80999780              63
   2.81999779              62
   2.82999778              62
   2.83999777              62
   2.84999776              59
   2.85999775              58
   2.86999774              58
   2.87999773              57
   2.88999772              57
   2.89999771              57
   2.90999770              57
   2.91999769              56
   2.92999768              54
   2.93999767              53
   2.94999766              53
   2.95999765              51
   2.96999764              51
   2.97999763              51
   2.98999763              49
   2.99999762              49
   3.00999761              49
   3.01999760              49
   3.02999759              48
   3.03999758              48
   3.04999757              47
   3.05999756              46
   3.06999755              46
   3.07999754              44
   3.08999753              43
   3.09999752              43
   3.10999751              43
   3.11999750              43
   3.12999749              43
   3.13999748              43
   3.14999747              43
   3.15999746              42
   3.16999745              42
   3.17999744              42
   3.18999743              42
   3.19999743              42
   3.20999742              42
   3.21999741              42
   3.22999740              41
   3.23999739              40
   3.24999738              40
   3.25999737              40
   3.26999736              39
   3.27999735              39
   3.28999734              39
   3.29999733              38
   3.30999732              38
   3.31999731              38
   3.32999730              38
   3.33999729              38
   3.34999728              38
   3.35999727              38
   3.36999726              38
   3.37999725              36
   3.38999724              36
   3.39999723              36
   3.40999722              36
   3.41999722              35
   3.42999721              35
   3.43999720              35
   3.44999719              35
   3.45999718              33
   3.46999717              33
   3.47999716              33
   3.48999715              33
   3.49999714              33
   3.50999713              33
   3.51999712              33
   3.52999711              32
   3.53999710              32
   3.54999709              32
   3.55999708              31
   3.56999707              31
   3.57999706              31
   3.58999705              30
   3.59999704              30
   3.60999703              30
   3.61999702              29
   3.62999701              28
   3.63999701              28
   3.64999700              27
   3.65999699              27
   3.66999698              26
   3.67999697              25
   3.68999696              25
   3.69999695              25
   3.70999694              25
   3.71999693              25
   3.72999692              25
   3.73999691              25
   3.74999690              25
   3.75999689              25
   3.76999688              25
   3.77999687              25
   3.78999686              25
   3.79999685              25
   3.80999684              25
   3.81999683              25
   3.82999682              24
   3.83999681              24
   3.84999681              24
   3.85999680              24
   3.86999679              24
   3.87999678              23
   3.88999677              23
   3.89999676              23
   3.90999675              23
   3.91999674              23
   3.92999673              22
   3.93999672              22
   3.94999671              22
   3.95999670              22
   3.96999669              22
   3.97999668              22
   3.98999667              22
   3.99999666              22
   4.00999689              22
   4.01999712              21
   4.02999735              21
   4.03999758              21
   4.04999781              21
   4.05999804              21
   4.06999826              21
   4.07999849              21
   4.08999872              21
   4.09999895              21
   4.10999918              21
   4.11999941              21
   4.12999964              21
   4.13999987              20
   4.15000010              20
   4.16000032              20
   4.17000055              20
   4.18000078              20
   4.19000101              20
   4.20000124              20
   4.21000147              20
   4.22000170              20
   4.23000193              20
   4.24000216              20
   4.25000238              20
   4.26000261              20
   4.27000284              19
   4.28000307              19
   4.29000330              19
   4.30000353              19
   4.31000376              19
   4.32000399              18
   4.33000422              18
   4.34000444              18
   4.35000467              18
   4.36000490              17
   4.37000513              17
   4.38000536              17
   4.39000559              17
   4.40000582              17
   4.41000605              17
   4.42000628              17
   4.43000650              17
   4.44000673              17
   4.45000696              17
   4.46000719              17
   4.47000742              17
   4.48000765              17
   4.49000788              17
   4.50000811              16
   4.51000834              16
   4.52000856              15
   4.53000879              15
   4.54000902              14
   4.55000925              14
   4.56000948              13
   4.57000971              13
   4.58000994              13
   4.59001017              13
   4.60001040              13
   4.61001062              13
   4.62001085              13
   4.63001108              13
   4.64001131              13
   4.65001154              13
   4.66001177              13
   4.67001200              13
   4.68001223              13
   4.69001245              13
   4.70001268              13
   4.71001291              13
   4.72001314              13
   4.73001337              13
   4.74001360              13
   4.75001383              13
   4.76001406              13
   4.77001429              12
   4.78001451              12
   4.79001474              12
   4.80001497              12
   4.81001520              12
   4.82001543              12
   4.83001566              12
   4.84001589              12
   4.85001612              12
   4.86001635              12
   4.87001657              12
   4.88001680              12
   4.89001703              12
   4.90001726              12
   4.91001749              12
   4.92001772              12
   4.93001795              12
   4.94001818              12
   4.95001841              12
   4.96001863              11
   4.97001886              11
   4.98001909              11
   4.99001932              11
   5.00001955              11
   5.01001978              11
   5.02002001              10
   5.03002024              10
   5.04002047              10
   5.05002069              10
   5.06002092              10
   5.07002115              10
   5.08002138               9
   5.09002161               9
   5.10002184               9
   5.11002207               9
   5.12002230               9
   5.13002253               9
   5.14002275               9
   5.15002298               9
   5.16002321               9
   5.17002344               9
   5.18002367               9
   5.19002390               9
   5.20002413               9
   5.21002436               9
   5.22002459               9
   5.23002481               9
   5.24002504               9
   5.25002527               9
   5.26002550               9
   5.27002573               9
   5.28002596               9
   5.29002619               9
   5.30002642               9
   5.31002665               9
   5.32002687               9
   5.33002710               9
   5.34002733               9
   5.35002756               9
   5.36002779               8
   5.37002802               8
   5.38002825               8
   5.39002848               8
   5.40002871               8
   5.41002893               8
   5.42002916               8
   5.43002939               8
   5.44002962               8
   5.45002985               8
   5.46003008               8
   5.47003031               8
   5.48003054               8
   5.49003077               8
   5.50003099               8
   5.51003122               8
   5.52003145               8
   5.53003168               8
   5.54003191               8
   5.55003214               8
   5.56003237               8
   5.57003260               8
   5.58003283               8
   5.59003305               8
   5.60003328               8
   5.61003351               8
   5.62003374               8
   5.63003397               8
   5.64003420               8
   5.65003443               8
   5.66003466               8
   5.67003489               8
   5.68003511               8
   5.69003534               8
   5.70003557               8
   5.71003580               8
   5.72003603               8
   5.73003626               8
   5.74003649               8
   5.75003672               8
   5.76003695               8
   5.77003717               8
   5.78003740               8
   5.79003763               8
   5.80003786               8
   5.81003809               8
   5.82003832               8
   5.83003855               8
   5.84003878               8
   5.85003901               8
   5.86003923               8
   5.87003946               8
   5.88003969               8
   5.89003992               8
   5.90004015               8
   5.91004038               8
   5.92004061               8
   5.93004084               8
   5.94004107               8
   5.95004129               8
   5.96004152               8
   5.97004175               8
   5.98004198               8
   5.99004221               8
   6.00004244               8
   6.01004267               8
   6.02004290               8
   6.03004313               8
   6.04004335               8
   6.05004358               8
   6.06004381               8
   6.07004404               8
   6.08004427               8
   6.09004450               8
   6.10004473               8
   6.11004496               8
   6.12004519               8
   6.13004541               8
   6.14004564               8
   6.15004587               8
   6.16004610               8
   6.17004633               8
   6.18004656               8
   6.19004679               8
   6.20004702               8
   6.21004725               8
   6.22004747               7
   6.23004770               7
   6.24004793               7
   6.25004816               7
   6.26004839               7
   6.27004862               7
   6.28004885               7
   6.29004908               7
   6.30004930               7
   6.31004953               7
   6.32004976               7
   6.33004999               7
   6.34005022               7
   6.35005045               7
   6.36005068               7
   6.37005091               7
   6.38005114               7
   6.39005136               7
   6.40005159               7
   6.41005182               7
   6.42005205               7
   6.43005228               7
   6.44005251               7
   6.45005274               7
   6.46005297               7
   6.47005320               7
   6.48005342               7
   6.49005365               7
   6.50005388               7
   6.51005411               7
   6.52005434               7
   6.53005457               7
   6.54005480               7
   6.55005503               7
   6.56005526               7
   6.57005548               7
   6.58005571               7
   6.59005594               7
   6.60005617               7
   6.61005640               6
   6.62005663               6
   6.63005686               6
   6.64005709               5
   6.65005732               5
   6.66005754               5
   6.67005777               5
   6.68005800               5
   6.69005823               5
   6.70005846               5
   6.71005869               5
   6.72005892               5
   6.73005915               5
   6.74005938               5
   6.75005960               5
   6.76005983               5
   6.77006006               5
   6.78006029               5
   6.79006052               5
   6.80006075               5
   6.81006098               5
   6.82006121               5
   6.83006144               5
   6.84006166               5
   6.85006189               5
   6.86006212               5
   6.87006235               5
   6.88006258               5
   6.89006281               5
   6.90006304               5
   6.91006327               5
   6.92006350               5
   6.93006372               5
   6.94006395               5
   6.95006418               5
   6.96006441               5
   6.97006464               5
   6.98006487               5
   6.99006510               5
   7.00006533               5
   7.01006556               5
   7.02006578               5
   7.03006601               5
   7.04006624               5
   7.05006647               5
   7.06006670               5
   7.07006693               5
   7.08006716               5
   7.09006739               5
   7.10006762               5
   7.11006784               5
   7.12006807               5
   7.13006830               5
   7.14006853               5
   7.15006876               5
   7.16006899               5
   7.17006922               5
   7.18006945               5
   7.19006968               5
   7.20006990               5
   7.21007013               5
   7.22007036               5
   7.23007059               5
   7.24007082               5
   7.25007105               5
   7.26007128               5
   7.27007151               5
   7.28007174               5
   7.29007196               5
   7.30007219               5
   7.31007242               5
   7.32007265               5
   7.33007288               5
   7.34007311               5
   7.35007334               5
   7.36007357               5
   7.37007380               5
   7.38007402               5
   7.39007425               5
   7.40007448               4
   7.41007471               4
   7.42007494               4
   7.43007517               4
   7.44007540               4
   7.45007563               4
   7.46007586               4
   7.47007608               4
   7.48007631               4
   7.49007654               4
   7.50007677               4
   7.51007700               4
   7.52007723               4
   7.53007746               4
   7.54007769               4
   7.55007792               3
   7.56007814               3
   7.57007837               3
   7.58007860               3
   7.59007883               3
   7.60007906               3
   7.61007929               3
   7.62007952               3
   7.63007975               3
   7.64007998               3
   7.65008020               3
   7.66008043               3
   7.67008066               3
   7.68008089               3
   7.69008112               3
   7.70008135               3
   7.71008158               3
   7.72008181               3
   7.73008204               3
   7.74008226               3
   7.75008249               3
   7.76008272               3
   7.77008295               3
   7.78008318               3
   7.79008341               3
   7.80008364               3
   7.81008387               3
   7.82008410               3
   7.83008432               3
   7.84008455               3
   7.85008478               3
   7.86008501               3
   7.87008524               3
   7.88008547               3
   7.89008570               3
   7.90008593               3
   7.91008615               3
   7.92008638               3
   7.93008661               3
   7.94008684               3
   7.95008707               3
   7.96008730               3
   7.97008753               3
   7.98008776               3
   7.99008799               3
   8.00008774               3
