   0.00000000             991
   9.99999978E-03         980
   1.99999996E-02         967
   2.99999993E-02         951
   3.99999991E-02         939
   4.99999970E-02         925
   5.99999949E-02         914
   6.99999928E-02         905
   7.99999908E-02         892
   8.99999887E-02         885
   9.99999866E-02         874
  0.109999985             865
  0.119999982             858
  0.129999980             851
  0.139999986             844
  0.149999991             837
  0.159999996             825
  0.170000002             813
  0.180000007             804
  0.190000013             795
  0.200000018             793
  0.210000023             783
  0.220000029             775
  0.230000034             770
  0.240000039             763
  0.250000030             760
  0.260000020             752
  0.270000011             748
  0.280000001             747
  0.289999992             745
  0.299999982             734
  0.309999973             725
  0.319999963             719
  0.329999954             707
  0.339999944             699
  0.349999934             689
  0.359999925             681
  0.369999915             676
  0.379999906             670
  0.389999896             664
  0.399999887             656
  0.409999877             651
  0.419999868             645
  0.429999858             638
  0.439999849             635
  0.449999839             630
  0.459999830             619
  0.469999820             614
  0.479999810             609
  0.489999801             599
  0.499999791             596
  0.509999812             596
  0.519999802             585
  0.529999793             578
  0.539999783             571
  0.549999774             563
  0.559999764             557
  0.569999754             553
  0.579999745             545
  0.589999735             540
  0.599999726             535
  0.609999716             528
  0.619999707             521
  0.629999697             516
  0.639999688             514
  0.649999678             510
  0.659999669             506
  0.669999659             500
  0.679999650             496
  0.689999640             491
  0.699999630             485
  0.709999621             480
  0.719999611             476
  0.729999602             470
  0.739999592             466
  0.749999583             459
  0.759999573             453
  0.769999564             448
  0.779999554             445
  0.789999545             443
  0.799999535             438
  0.809999526             430
  0.819999516             424
  0.829999506             419
  0.839999497             419
  0.849999487             415
  0.859999478             411
  0.869999468             406
  0.879999459             403
  0.889999449             397
  0.899999440             392
  0.909999430             389
  0.919999421             385
  0.929999411             381
  0.939999402             381
  0.949999392             377
  0.959999382             368
  0.969999373             363
  0.979999363             358
  0.989999354             355
  0.999999344             348
   1.00999939             346
   1.01999938             343
   1.02999938             341
   1.03999937             337
   1.04999936             334
   1.05999935             331
   1.06999934             328
   1.07999933             324
   1.08999932             321
   1.09999931             317
   1.10999930             312
   1.11999929             309
   1.12999928             307
   1.13999927             305
   1.14999926             300
   1.15999925             300
   1.16999924             295
   1.17999923             292
   1.18999922             287
   1.19999921             281
   1.20999920             281
   1.21999919             277
   1.22999918             272
   1.23999918             269
   1.24999917             264
   1.25999916             262
   1.26999915             261
   1.27999914             260
   1.28999913             256
   1.29999912             253
   1.30999911             253
   1.31999910             252
   1.32999909             250
   1.33999908             246
   1.34999907             244
   1.35999906             241
   1.36999905             239
   1.37999904             235
   1.38999903             229
   1.39999902             228
   1.40999901             227
   1.41999900             225
   1.42999899             222
   1.43999898             218
   1.44999897             217
   1.45999897             212
   1.46999896             208
   1.47999895             204
   1.48999894             202
   1.49999893             198
   1.50999892             196
   1.51999891             195
   1.52999890             194
   1.53999889             193
   1.54999888             193
   1.55999887             192
   1.56999886             191
   1.57999885             189
   1.58999884             189
   1.59999883             187
   1.60999882             186
   1.61999881             185
   1.62999880             184
   1.63999879             183
   1.64999878             181
   1.65999877             180
   1.66999876             179
   1.67999876             176
   1.68999875             176
   1.69999874             175
   1.70999873             173
   1.71999872             172
   1.72999871             170
   1.73999870             167
   1.74999869             165
   1.75999868             163
   1.76999867             162
   1.77999866             160
   1.78999865             160
   1.79999864             160
   1.80999863             158
   1.81999862             157
   1.82999861             155
   1.83999860             155
   1.84999859             155
   1.85999858             153
   1.86999857             152
   1.87999856             150
   1.88999856             149
   1.89999855             149
   1.90999854             148
   1.91999853             146
   1.92999852             145
   1.93999851             145
   1.94999850             142
   1.95999849             140
   1.96999848             140
   1.97999847             140
   1.98999846             140
   1.99999845             140
   2.00999856             139
   2.01999855             136
   2.02999854             136
   2.03999853             135
   2.04999852             135
   2.05999851             132
   2.06999850             132
   2.07999849             131
   2.08999848             129
   2.09999847             127
   2.10999846             126
   2.11999846             125
   2.12999845             125
   2.13999844             123
   2.14999843             121
   2.15999842             119
   2.16999841             116
   2.17999840             115
   2.18999839             114
   2.19999838             113
   2.20999837             112
   2.21999836             111
   2.22999835             110
   2.23999834             109
   2.24999833             106
   2.25999832             102
   2.26999831             101
   2.27999830             101
   2.28999829              99
   2.29999828              98
   2.30999827              97
   2.31999826              97
   2.32999825              93
   2.33999825              92
   2.34999824              91
   2.35999823              89
   2.36999822              89
   2.37999821              87
   2.38999820              87
   2.39999819              86
   2.40999818              86
   2.41999817              86
   2.42999816              84
   2.43999815              83
   2.44999814              83
   2.45999813              81
   2.46999812              80
   2.47999811              79
   2.48999810              79
   2.49999809              78
   2.50999808              78
   2.51999807              77
   2.52999806              76
   2.53999805              72
   2.54999804              71
   2.55999804              71
   2.56999803              70
   2.57999802              69
   2.58999801              69
   2.59999800              69
   2.60999799              69
   2.61999798              68
   2.62999797              67
   2.63999796              67
   2.64999795              66
   2.65999794              64
   2.66999793              63
   2.67999792              62
   2.68999791              61
   2.69999790              60
   2.70999789              58
   2.71999788              56
   2.72999787              55
   2.73999786              53
   2.74999785              52
   2.75999784              52
   2.76999784              52
   2.77999783              51
   2.78999782              51
   2.79999781              51
   2.80999780              51
   2.81999779              50
   2.82999778              50
   2.83999777              50
   2.84999776              49
   2.85999775              48
   2.86999774              48
   2.87999773              48
   2.88999772              48
   2.89999771              47
   2.90999770              47
   2.91999769              47
   2.92999768              47
   2.93999767              47
   2.94999766              46
   2.95999765              45
   2.96999764              45
   2.97999763              44
   2.98999763              44
   2.99999762              44
   3.00999761              42
   3.01999760              42
   3.02999759              42
   3.03999758              42
   3.04999757              42
   3.05999756              42
   3.06999755              42
   3.07999754              41
   3.08999753              41
   3.09999752              41
   3.10999751              41
   3.11999750              41
   3.12999749              41
   3.13999748              41
   3.14999747              41
   3.15999746              41
   3.16999745              41
   3.17999744              40
   3.18999743              40
   3.19999743              39
   3.20999742              39
   3.21999741              39
   3.22999740              39
   3.23999739              39
   3.24999738              39
   3.25999737              39
   3.26999736              39
   3.27999735              39
   3.28999734              39
   3.29999733              37
   3.30999732              37
   3.31999731              37
   3.32999730              37
   3.33999729              37
   3.34999728              37
   3.35999727              37
   3.36999726              36
   3.37999725              36
   3.38999724              35
   3.39999723              35
   3.40999722              35
   3.41999722              35
   3.42999721              33
   3.43999720              33
   3.44999719              31
   3.45999718              29
   3.46999717              29
   3.47999716              29
   3.48999715              29
   3.49999714              29
   3.50999713              28
   3.51999712              28
   3.52999711              28
   3.53999710              28
   3.54999709              28
   3.55999708              28
   3.56999707              28
   3.57999706              27
   3.58999705              27
   3.59999704              27
   3.60999703              27
   3.61999702              26
   3.62999701              25
   3.63999701              25
   3.64999700              25
   3.65999699              25
   3.66999698              25
   3.67999697              25
   3.68999696              25
   3.69999695              25
   3.70999694              25
   3.71999693              25
   3.72999692              25
   3.73999691              25
   3.74999690              25
   3.75999689              24
   3.76999688              24
   3.77999687              24
   3.78999686              24
   3.79999685              24
   3.80999684              24
   3.81999683              24
   3.82999682              24
   3.83999681              24
   3.84999681              24
   3.85999680              23
   3.86999679              23
   3.87999678              23
   3.88999677              23
   3.89999676              23
   3.90999675              23
   3.91999674              23
   3.92999673              23
   3.93999672              23
   3.94999671              23
   3.95999670              23
   3.96999669              23
   3.97999668              23
   3.98999667              23
   3.99999666              23
   4.00999689              23
   4.01999712              23
   4.02999735              23
   4.03999758              23
   4.04999781              22
   4.05999804              22
   4.06999826              21
   4.07999849              21
   4.08999872              21
   4.09999895              21
   4.10999918              21
   4.11999941              20
   4.12999964              20
   4.13999987              20
   4.15000010              20
   4.16000032              19
   4.17000055              19
   4.18000078              19
   4.19000101              18
   4.20000124              18
   4.21000147              17
   4.22000170              16
   4.23000193              16
   4.24000216              16
   4.25000238              16
   4.26000261              16
   4.27000284              16
   4.28000307              16
   4.29000330              16
   4.30000353              16
   4.31000376              16
   4.32000399              15
   4.33000422              15
   4.34000444              15
   4.35000467              15
   4.36000490              15
   4.37000513              15
   4.38000536              15
   4.39000559              15
   4.40000582              15
   4.41000605              14
   4.42000628              14
   4.43000650              14
   4.44000673              14
   4.45000696              14
   4.46000719              14
   4.47000742              14
   4.48000765              14
   4.49000788              14
   4.50000811              14
   4.51000834              14
   4.52000856              14
   4.53000879              14
   4.54000902              13
   4.55000925              13
   4.56000948              13
   4.57000971              13
   4.58000994              13
   4.59001017              13
   4.60001040              13
   4.61001062              12
   4.62001085              12
   4.63001108              12
   4.64001131              12
   4.65001154              12
   4.66001177              12
   4.67001200              12
   4.68001223              12
   4.69001245              12
   4.70001268              12
   4.71001291              12
   4.72001314              12
   4.73001337              12
   4.74001360              12
   4.75001383              12
   4.76001406              12
   4.77001429              11
   4.78001451              11
   4.79001474              11
   4.80001497              11
   4.81001520              11
   4.82001543              10
   4.83001566              10
   4.84001589              10
   4.85001612              10
   4.86001635              10
   4.87001657               9
   4.88001680               9
   4.89001703               9
   4.90001726               9
   4.91001749               9
   4.92001772               9
   4.93001795               9
   4.94001818               9
   4.95001841               9
   4.96001863               9
   4.97001886               9
   4.98001909               9
   4.99001932               9
   5.00001955               9
   5.01001978               9
   5.02002001               9
   5.03002024               9
   5.04002047               9
   5.05002069               9
   5.06002092               9
   5.07002115               9
   5.08002138               9
   5.09002161               9
   5.10002184               9
   5.11002207               9
   5.12002230               9
   5.13002253               9
   5.14002275               9
   5.15002298               9
   5.16002321               9
   5.17002344               9
   5.18002367               8
   5.19002390               8
   5.20002413               8
   5.21002436               8
   5.22002459               8
   5.23002481               8
   5.24002504               8
   5.25002527               8
   5.26002550               8
   5.27002573               8
   5.28002596               8
   5.29002619               8
   5.30002642               8
   5.31002665               8
   5.32002687               8
   5.33002710               8
   5.34002733               8
   5.35002756               8
   5.36002779               8
   5.37002802               8
   5.38002825               8
   5.39002848               8
   5.40002871               8
   5.41002893               8
   5.42002916               8
   5.43002939               8
   5.44002962               8
   5.45002985               8
   5.46003008               8
   5.47003031               8
   5.48003054               8
   5.49003077               8
   5.50003099               8
   5.51003122               8
   5.52003145               8
   5.53003168               8
   5.54003191               8
   5.55003214               8
   5.56003237               8
   5.57003260               8
   5.58003283               8
   5.59003305               8
   5.60003328               7
   5.61003351               7
   5.62003374               7
   5.63003397               7
   5.64003420               7
   5.65003443               7
   5.66003466               7
   5.67003489               7
   5.68003511               7
   5.69003534               6
   5.70003557               6
   5.71003580               6
   5.72003603               6
   5.73003626               5
   5.74003649               5
   5.75003672               5
   5.76003695               5
   5.77003717               5
   5.78003740               5
   5.79003763               5
   5.80003786               5
   5.81003809               5
   5.82003832               5
   5.83003855               5
   5.84003878               5
   5.85003901               5
   5.86003923               5
   5.87003946               5
   5.88003969               5
   5.89003992               5
   5.90004015               5
   5.91004038               5
   5.92004061               5
   5.93004084               5
   5.94004107               5
   5.95004129               5
   5.96004152               5
   5.97004175               5
   5.98004198               5
   5.99004221               5
   6.00004244               5
   6.01004267               5
   6.02004290               5
   6.03004313               5
   6.04004335               5
   6.05004358               5
   6.06004381               5
   6.07004404               5
   6.08004427               5
   6.09004450               5
   6.10004473               5
   6.11004496               5
   6.12004519               5
   6.13004541               5
   6.14004564               5
   6.15004587               5
   6.16004610               5
   6.17004633               5
   6.18004656               5
   6.19004679               5
   6.20004702               5
   6.21004725               5
   6.22004747               5
   6.23004770               5
   6.24004793               5
   6.25004816               5
   6.26004839               5
   6.27004862               5
   6.28004885               5
   6.29004908               4
   6.30004930               4
   6.31004953               4
   6.32004976               4
   6.33004999               4
   6.34005022               4
   6.35005045               4
   6.36005068               4
   6.37005091               4
   6.38005114               4
   6.39005136               4
   6.40005159               4
   6.41005182               4
   6.42005205               4
   6.43005228               4
   6.44005251               4
   6.45005274               3
   6.46005297               3
   6.47005320               3
   6.48005342               3
   6.49005365               3
   6.50005388               3
   6.51005411               3
   6.52005434               3
   6.53005457               3
   6.54005480               2
   6.55005503               2
   6.56005526               2
   6.57005548               2
   6.58005571               2
   6.59005594               2
   6.60005617               2
   6.61005640               2
   6.62005663               2
   6.63005686               2
   6.64005709               2
   6.65005732               2
   6.66005754               2
   6.67005777               2
   6.68005800               2
   6.69005823               2
   6.70005846               2
   6.71005869               2
   6.72005892               2
   6.73005915               2
   6.74005938               2
   6.75005960               2
   6.76005983               2
   6.77006006               2
   6.78006029               2
   6.79006052               2
   6.80006075               2
   6.81006098               2
   6.82006121               2
   6.83006144               2
   6.84006166               2
   6.85006189               2
   6.86006212               2
   6.87006235               2
   6.88006258               2
   6.89006281               2
   6.90006304               2
   6.91006327               2
   6.92006350               2
   6.93006372               2
   6.94006395               2
   6.95006418               2
   6.96006441               2
   6.97006464               2
   6.98006487               2
   6.99006510               2
   7.00006533               2
   7.01006556               2
   7.02006578               2
   7.03006601               2
   7.04006624               2
   7.05006647               2
   7.06006670               1
   7.07006693               1
   7.08006716               1
   7.09006739               1
   7.10006762               1
   7.11006784               1
   7.12006807               1
   7.13006830               1
   7.14006853               1
   7.15006876               1
   7.16006899               1
   7.17006922               1
   7.18006945               1
   7.19006968               1
   7.20006990               1
   7.21007013               1
   7.22007036               1
   7.23007059               1
   7.24007082               1
   7.25007105               1
   7.26007128               1
   7.27007151               1
   7.28007174               1
   7.29007196               1
   7.30007219               1
   7.31007242               1
   7.32007265               1
   7.33007288               1
   7.34007311               1
   7.35007334               1
   7.36007357               1
   7.37007380               1
   7.38007402               1
   7.39007425               1
   7.40007448               1
   7.41007471               1
   7.42007494               1
   7.43007517               0
   7.44007540               0
   7.45007563               0
   7.46007586               0
   7.47007608               0
   7.48007631               0
   7.49007654               0
   7.50007677               0
   7.51007700               0
   7.52007723               0
   7.53007746               0
   7.54007769               0
   7.55007792               0
   7.56007814               0
   7.57007837               0
   7.58007860               0
   7.59007883               0
   7.60007906               0
   7.61007929               0
   7.62007952               0
   7.63007975               0
   7.64007998               0
   7.65008020               0
   7.66008043               0
   7.67008066               0
   7.68008089               0
   7.69008112               0
   7.70008135               0
   7.71008158               0
   7.72008181               0
   7.73008204               0
   7.74008226               0
   7.75008249               0
   7.76008272               0
   7.77008295               0
   7.78008318               0
   7.79008341               0
   7.80008364               0
   7.81008387               0
   7.82008410               0
   7.83008432               0
   7.84008455               0
   7.85008478               0
   7.86008501               0
   7.87008524               0
   7.88008547               0
   7.89008570               0
   7.90008593               0
   7.91008615               0
   7.92008638               0
   7.93008661               0
   7.94008684               0
   7.95008707               0
   7.96008730               0
   7.97008753               0
   7.98008776               0
   7.99008799               0
   8.00008774               0
