   0.00000000             994
   9.99999978E-03         981
   1.99999996E-02         974
   2.99999993E-02         968
   3.99999991E-02         962
   4.99999970E-02         957
   5.99999949E-02         953
   6.99999928E-02         943
   7.99999908E-02         932
   8.99999887E-02         923
   9.99999866E-02         912
  0.109999985             904
  0.119999982             894
  0.129999980             880
  0.139999986             874
  0.149999991             865
  0.159999996             858
  0.170000002             848
  0.180000007             843
  0.190000013             829
  0.200000018             816
  0.210000023             808
  0.220000029             800
  0.230000034             794
  0.240000039             785
  0.250000030             778
  0.260000020             768
  0.270000011             764
  0.280000001             758
  0.289999992             751
  0.299999982             741
  0.309999973             735
  0.319999963             729
  0.329999954             720
  0.339999944             711
  0.349999934             704
  0.359999925             696
  0.369999915             693
  0.379999906             687
  0.389999896             683
  0.399999887             676
  0.409999877             671
  0.419999868             662
  0.429999858             656
  0.439999849             646
  0.449999839             640
  0.459999830             633
  0.469999820             628
  0.479999810             621
  0.489999801             616
  0.499999791             611
  0.509999812             606
  0.519999802             602
  0.529999793             598
  0.539999783             588
  0.549999774             581
  0.559999764             577
  0.569999754             567
  0.579999745             565
  0.589999735             558
  0.599999726             557
  0.609999716             551
  0.619999707             545
  0.629999697             540
  0.639999688             537
  0.649999678             534
  0.659999669             529
  0.669999659             522
  0.679999650             515
  0.689999640             511
  0.699999630             508
  0.709999621             506
  0.719999611             497
  0.729999602             489
  0.739999592             480
  0.749999583             477
  0.759999573             475
  0.769999564             468
  0.779999554             465
  0.789999545             463
  0.799999535             460
  0.809999526             455
  0.819999516             452
  0.829999506             447
  0.839999497             446
  0.849999487             443
  0.859999478             436
  0.869999468             433
  0.879999459             429
  0.889999449             423
  0.899999440             419
  0.909999430             413
  0.919999421             410
  0.929999411             406
  0.939999402             401
  0.949999392             395
  0.959999382             391
  0.969999373             387
  0.979999363             376
  0.989999354             370
  0.999999344             363
   1.00999939             358
   1.01999938             356
   1.02999938             352
   1.03999937             348
   1.04999936             345
   1.05999935             344
   1.06999934             342
   1.07999933             339
   1.08999932             337
   1.09999931             333
   1.10999930             329
   1.11999929             328
   1.12999928             326
   1.13999927             325
   1.14999926             323
   1.15999925             320
   1.16999924             318
   1.17999923             315
   1.18999922             312
   1.19999921             310
   1.20999920             306
   1.21999919             304
   1.22999918             303
   1.23999918             300
   1.24999917             296
   1.25999916             294
   1.26999915             290
   1.27999914             284
   1.28999913             281
   1.29999912             279
   1.30999911             278
   1.31999910             277
   1.32999909             274
   1.33999908             271
   1.34999907             270
   1.35999906             267
   1.36999905             265
   1.37999904             263
   1.38999903             259
   1.39999902             257
   1.40999901             254
   1.41999900             250
   1.42999899             248
   1.43999898             246
   1.44999897             242
   1.45999897             238
   1.46999896             237
   1.47999895             235
   1.48999894             231
   1.49999893             230
   1.50999892             228
   1.51999891             228
   1.52999890             225
   1.53999889             223
   1.54999888             221
   1.55999887             217
   1.56999886             215
   1.57999885             213
   1.58999884             210
   1.59999883             208
   1.60999882             208
   1.61999881             207
   1.62999880             204
   1.63999879             201
   1.64999878             201
   1.65999877             200
   1.66999876             198
   1.67999876             198
   1.68999875             189
   1.69999874             184
   1.70999873             180
   1.71999872             178
   1.72999871             175
   1.73999870             172
   1.74999869             170
   1.75999868             165
   1.76999867             163
   1.77999866             160
   1.78999865             160
   1.79999864             159
   1.80999863             158
   1.81999862             158
   1.82999861             156
   1.83999860             155
   1.84999859             154
   1.85999858             153
   1.86999857             152
   1.87999856             152
   1.88999856             149
   1.89999855             149
   1.90999854             148
   1.91999853             146
   1.92999852             145
   1.93999851             142
   1.94999850             138
   1.95999849             133
   1.96999848             132
   1.97999847             131
   1.98999846             129
   1.99999845             126
   2.00999856             125
   2.01999855             123
   2.02999854             121
   2.03999853             119
   2.04999852             115
   2.05999851             111
   2.06999850             109
   2.07999849             108
   2.08999848             107
   2.09999847             104
   2.10999846             103
   2.11999846             100
   2.12999845              95
   2.13999844              94
   2.14999843              93
   2.15999842              93
   2.16999841              91
   2.17999840              91
   2.18999839              90
   2.19999838              90
   2.20999837              90
   2.21999836              90
   2.22999835              90
   2.23999834              88
   2.24999833              88
   2.25999832              88
   2.26999831              87
   2.27999830              86
   2.28999829              85
   2.29999828              83
   2.30999827              82
   2.31999826              82
   2.32999825              81
   2.33999825              80
   2.34999824              78
   2.35999823              75
   2.36999822              74
   2.37999821              73
   2.38999820              73
   2.39999819              72
   2.40999818              71
   2.41999817              71
   2.42999816              71
   2.43999815              71
   2.44999814              71
   2.45999813              71
   2.46999812              71
   2.47999811              71
   2.48999810              70
   2.49999809              70
   2.50999808              70
   2.51999807              70
   2.52999806              70
   2.53999805              69
   2.54999804              68
   2.55999804              68
   2.56999803              67
   2.57999802              64
   2.58999801              64
   2.59999800              64
   2.60999799              64
   2.61999798              63
   2.62999797              63
   2.63999796              63
   2.64999795              63
   2.65999794              62
   2.66999793              62
   2.67999792              61
   2.68999791              60
   2.69999790              60
   2.70999789              60
   2.71999788              59
   2.72999787              57
   2.73999786              57
   2.74999785              57
   2.75999784              56
   2.76999784              54
   2.77999783              54
   2.78999782              54
   2.79999781              52
   2.80999780              50
   2.81999779              48
   2.82999778              48
   2.83999777              47
   2.84999776              47
   2.85999775              47
   2.86999774              47
   2.87999773              47
   2.88999772              47
   2.89999771              46
   2.90999770              46
   2.91999769              45
   2.92999768              44
   2.93999767              44
   2.94999766              44
   2.95999765              44
   2.96999764              44
   2.97999763              44
   2.98999763              44
   2.99999762              43
   3.00999761              43
   3.01999760              41
   3.02999759              41
   3.03999758              41
   3.04999757              41
   3.05999756              41
   3.06999755              41
   3.07999754              41
   3.08999753              40
   3.09999752              40
   3.10999751              40
   3.11999750              40
   3.12999749              40
   3.13999748              40
   3.14999747              40
   3.15999746              40
   3.16999745              40
   3.17999744              40
   3.18999743              38
   3.19999743              37
   3.20999742              37
   3.21999741              37
   3.22999740              36
   3.23999739              36
   3.24999738              35
   3.25999737              34
   3.26999736              34
   3.27999735              34
   3.28999734              34
   3.29999733              34
   3.30999732              34
   3.31999731              34
   3.32999730              34
   3.33999729              34
   3.34999728              33
   3.35999727              32
   3.36999726              32
   3.37999725              32
   3.38999724              32
   3.39999723              31
   3.40999722              31
   3.41999722              31
   3.42999721              30
   3.43999720              30
   3.44999719              30
   3.45999718              30
   3.46999717              30
   3.47999716              29
   3.48999715              29
   3.49999714              29
   3.50999713              29
   3.51999712              29
   3.52999711              29
   3.53999710              29
   3.54999709              29
   3.55999708              29
   3.56999707              29
   3.57999706              27
   3.58999705              27
   3.59999704              26
   3.60999703              26
   3.61999702              26
   3.62999701              26
   3.63999701              26
   3.64999700              25
   3.65999699              24
   3.66999698              23
   3.67999697              23
   3.68999696              23
   3.69999695              21
   3.70999694              21
   3.71999693              21
   3.72999692              20
   3.73999691              19
   3.74999690              19
   3.75999689              19
   3.76999688              19
   3.77999687              19
   3.78999686              19
   3.79999685              19
   3.80999684              18
   3.81999683              18
   3.82999682              18
   3.83999681              18
   3.84999681              18
   3.85999680              18
   3.86999679              18
   3.87999678              18
   3.88999677              16
   3.89999676              16
   3.90999675              16
   3.91999674              16
   3.92999673              16
   3.93999672              16
   3.94999671              16
   3.95999670              15
   3.96999669              15
   3.97999668              15
   3.98999667              14
   3.99999666              14
   4.00999689              14
   4.01999712              13
   4.02999735              13
   4.03999758              13
   4.04999781              13
   4.05999804              12
   4.06999826              12
   4.07999849              12
   4.08999872              12
   4.09999895              12
   4.10999918              12
   4.11999941              12
   4.12999964              12
   4.13999987              12
   4.15000010              12
   4.16000032              12
   4.17000055              12
   4.18000078              12
   4.19000101              12
   4.20000124              12
   4.21000147              12
   4.22000170              11
   4.23000193              10
   4.24000216              10
   4.25000238              10
   4.26000261              10
   4.27000284              10
   4.28000307              10
   4.29000330              10
   4.30000353              10
   4.31000376              10
   4.32000399              10
   4.33000422              10
   4.34000444              10
   4.35000467              10
   4.36000490              10
   4.37000513              10
   4.38000536              10
   4.39000559              10
   4.40000582              10
   4.41000605              10
   4.42000628              10
   4.43000650              10
   4.44000673              10
   4.45000696              10
   4.46000719              10
   4.47000742              10
   4.48000765              10
   4.49000788              10
   4.50000811              10
   4.51000834              10
   4.52000856              10
   4.53000879              10
   4.54000902               9
   4.55000925               9
   4.56000948               9
   4.57000971               9
   4.58000994               9
   4.59001017               9
   4.60001040               9
   4.61001062               8
   4.62001085               8
   4.63001108               8
   4.64001131               7
   4.65001154               7
   4.66001177               7
   4.67001200               7
   4.68001223               7
   4.69001245               7
   4.70001268               7
   4.71001291               7
   4.72001314               7
   4.73001337               7
   4.74001360               7
   4.75001383               7
   4.76001406               7
   4.77001429               7
   4.78001451               7
   4.79001474               6
   4.80001497               6
   4.81001520               6
   4.82001543               6
   4.83001566               6
   4.84001589               6
   4.85001612               6
   4.86001635               6
   4.87001657               6
   4.88001680               6
   4.89001703               6
   4.90001726               6
   4.91001749               6
   4.92001772               6
   4.93001795               6
   4.94001818               6
   4.95001841               6
   4.96001863               6
   4.97001886               6
   4.98001909               5
   4.99001932               5
   5.00001955               5
   5.01001978               5
   5.02002001               5
   5.03002024               4
   5.04002047               4
   5.05002069               4
   5.06002092               4
   5.07002115               4
   5.08002138               4
   5.09002161               4
   5.10002184               4
   5.11002207               4
   5.12002230               4
   5.13002253               4
   5.14002275               4
   5.15002298               4
   5.16002321               4
   5.17002344               4
   5.18002367               4
   5.19002390               4
   5.20002413               4
   5.21002436               4
   5.22002459               4
   5.23002481               4
   5.24002504               4
   5.25002527               4
   5.26002550               4
   5.27002573               4
   5.28002596               4
   5.29002619               4
   5.30002642               4
   5.31002665               4
   5.32002687               4
   5.33002710               4
   5.34002733               4
   5.35002756               4
   5.36002779               4
   5.37002802               4
   5.38002825               4
   5.39002848               4
   5.40002871               4
   5.41002893               4
   5.42002916               4
   5.43002939               4
   5.44002962               4
   5.45002985               4
   5.46003008               4
   5.47003031               4
   5.48003054               4
   5.49003077               4
   5.50003099               4
   5.51003122               4
   5.52003145               4
   5.53003168               4
   5.54003191               4
   5.55003214               4
   5.56003237               4
   5.57003260               4
   5.58003283               4
   5.59003305               4
   5.60003328               4
   5.61003351               4
   5.62003374               4
   5.63003397               4
   5.64003420               4
   5.65003443               4
   5.66003466               4
   5.67003489               4
   5.68003511               4
   5.69003534               4
   5.70003557               4
   5.71003580               4
   5.72003603               4
   5.73003626               4
   5.74003649               4
   5.75003672               4
   5.76003695               4
   5.77003717               4
   5.78003740               4
   5.79003763               4
   5.80003786               4
   5.81003809               4
   5.82003832               4
   5.83003855               4
   5.84003878               4
   5.85003901               4
   5.86003923               4
   5.87003946               4
   5.88003969               4
   5.89003992               4
   5.90004015               4
   5.91004038               4
   5.92004061               4
   5.93004084               4
   5.94004107               4
   5.95004129               4
   5.96004152               4
   5.97004175               4
   5.98004198               4
   5.99004221               4
   6.00004244               4
   6.01004267               4
   6.02004290               4
   6.03004313               4
   6.04004335               4
   6.05004358               4
   6.06004381               4
   6.07004404               4
   6.08004427               4
   6.09004450               4
   6.10004473               4
   6.11004496               4
   6.12004519               4
   6.13004541               4
   6.14004564               4
   6.15004587               4
   6.16004610               4
   6.17004633               4
   6.18004656               4
   6.19004679               4
   6.20004702               4
   6.21004725               4
   6.22004747               4
   6.23004770               4
   6.24004793               4
   6.25004816               4
   6.26004839               4
   6.27004862               4
   6.28004885               4
   6.29004908               4
   6.30004930               4
   6.31004953               3
   6.32004976               3
   6.33004999               3
   6.34005022               3
   6.35005045               2
   6.36005068               2
   6.37005091               2
   6.38005114               2
   6.39005136               2
   6.40005159               2
   6.41005182               2
   6.42005205               2
   6.43005228               2
   6.44005251               2
   6.45005274               2
   6.46005297               2
   6.47005320               2
   6.48005342               2
   6.49005365               2
   6.50005388               2
   6.51005411               2
   6.52005434               1
   6.53005457               1
   6.54005480               1
   6.55005503               1
   6.56005526               1
   6.57005548               1
   6.58005571               1
   6.59005594               1
   6.60005617               1
   6.61005640               1
   6.62005663               1
   6.63005686               1
   6.64005709               1
   6.65005732               1
   6.66005754               1
   6.67005777               1
   6.68005800               1
   6.69005823               1
   6.70005846               1
   6.71005869               1
   6.72005892               1
   6.73005915               1
   6.74005938               1
   6.75005960               1
   6.76005983               1
   6.77006006               1
   6.78006029               1
   6.79006052               1
   6.80006075               1
   6.81006098               1
   6.82006121               1
   6.83006144               1
   6.84006166               1
   6.85006189               1
   6.86006212               1
   6.87006235               1
   6.88006258               1
   6.89006281               1
   6.90006304               1
   6.91006327               1
   6.92006350               1
   6.93006372               1
   6.94006395               1
   6.95006418               1
   6.96006441               1
   6.97006464               1
   6.98006487               1
   6.99006510               1
   7.00006533               1
   7.01006556               1
   7.02006578               1
   7.03006601               1
   7.04006624               1
   7.05006647               1
   7.06006670               1
   7.07006693               1
   7.08006716               1
   7.09006739               1
   7.10006762               1
   7.11006784               0
   7.12006807               0
   7.13006830               0
   7.14006853               0
   7.15006876               0
   7.16006899               0
   7.17006922               0
   7.18006945               0
   7.19006968               0
   7.20006990               0
   7.21007013               0
   7.22007036               0
   7.23007059               0
   7.24007082               0
   7.25007105               0
   7.26007128               0
   7.27007151               0
   7.28007174               0
   7.29007196               0
   7.30007219               0
   7.31007242               0
   7.32007265               0
   7.33007288               0
   7.34007311               0
   7.35007334               0
   7.36007357               0
   7.37007380               0
   7.38007402               0
   7.39007425               0
   7.40007448               0
   7.41007471               0
   7.42007494               0
   7.43007517               0
   7.44007540               0
   7.45007563               0
   7.46007586               0
   7.47007608               0
   7.48007631               0
   7.49007654               0
   7.50007677               0
   7.51007700               0
   7.52007723               0
   7.53007746               0
   7.54007769               0
   7.55007792               0
   7.56007814               0
   7.57007837               0
   7.58007860               0
   7.59007883               0
   7.60007906               0
   7.61007929               0
   7.62007952               0
   7.63007975               0
   7.64007998               0
   7.65008020               0
   7.66008043               0
   7.67008066               0
   7.68008089               0
   7.69008112               0
   7.70008135               0
   7.71008158               0
   7.72008181               0
   7.73008204               0
   7.74008226               0
   7.75008249               0
   7.76008272               0
   7.77008295               0
   7.78008318               0
   7.79008341               0
   7.80008364               0
   7.81008387               0
   7.82008410               0
   7.83008432               0
   7.84008455               0
   7.85008478               0
   7.86008501               0
   7.87008524               0
   7.88008547               0
   7.89008570               0
   7.90008593               0
   7.91008615               0
   7.92008638               0
   7.93008661               0
   7.94008684               0
   7.95008707               0
   7.96008730               0
   7.97008753               0
   7.98008776               0
   7.99008799               0
   8.00008774               0
