   0.00000000             996
   9.99999978E-03         989
   1.99999996E-02         983
   2.99999993E-02         970
   3.99999991E-02         960
   4.99999970E-02         952
   5.99999949E-02         944
   6.99999928E-02         939
   7.99999908E-02         931
   8.99999887E-02         921
   9.99999866E-02         908
  0.109999985             900
  0.119999982             892
  0.129999980             886
  0.139999986             878
  0.149999991             873
  0.159999996             866
  0.170000002             860
  0.180000007             855
  0.190000013             843
  0.200000018             838
  0.210000023             830
  0.220000029             821
  0.230000034             811
  0.240000039             803
  0.250000030             795
  0.260000020             785
  0.270000011             780
  0.280000001             775
  0.289999992             766
  0.299999982             759
  0.309999973             750
  0.319999963             744
  0.329999954             738
  0.339999944             727
  0.349999934             724
  0.359999925             716
  0.369999915             710
  0.379999906             700
  0.389999896             695
  0.399999887             687
  0.409999877             679
  0.419999868             670
  0.429999858             662
  0.439999849             659
  0.449999839             646
  0.459999830             644
  0.469999820             637
  0.479999810             631
  0.489999801             626
  0.499999791             623
  0.509999812             615
  0.519999802             608
  0.529999793             601
  0.539999783             595
  0.549999774             586
  0.559999764             580
  0.569999754             571
  0.579999745             559
  0.589999735             553
  0.599999726             546
  0.609999716             544
  0.619999707             538
  0.629999697             535
  0.639999688             528
  0.649999678             519
  0.659999669             514
  0.669999659             512
  0.679999650             509
  0.689999640             501
  0.699999630             498
  0.709999621             494
  0.719999611             485
  0.729999602             484
  0.739999592             480
  0.749999583             478
  0.759999573             472
  0.769999564             465
  0.779999554             461
  0.789999545             454
  0.799999535             449
  0.809999526             445
  0.819999516             442
  0.829999506             440
  0.839999497             438
  0.849999487             435
  0.859999478             432
  0.869999468             426
  0.879999459             422
  0.889999449             419
  0.899999440             414
  0.909999430             414
  0.919999421             410
  0.929999411             407
  0.939999402             401
  0.949999392             395
  0.959999382             389
  0.969999373             388
  0.979999363             385
  0.989999354             383
  0.999999344             382
   1.00999939             376
   1.01999938             374
   1.02999938             371
   1.03999937             365
   1.04999936             361
   1.05999935             359
   1.06999934             357
   1.07999933             353
   1.08999932             349
   1.09999931             346
   1.10999930             339
   1.11999929             332
   1.12999928             329
   1.13999927             327
   1.14999926             324
   1.15999925             320
   1.16999924             311
   1.17999923             309
   1.18999922             306
   1.19999921             302
   1.20999920             297
   1.21999919             296
   1.22999918             294
   1.23999918             291
   1.24999917             287
   1.25999916             285
   1.26999915             284
   1.27999914             279
   1.28999913             273
   1.29999912             271
   1.30999911             268
   1.31999910             264
   1.32999909             260
   1.33999908             257
   1.34999907             256
   1.35999906             255
   1.36999905             251
   1.37999904             251
   1.38999903             245
   1.39999902             241
   1.40999901             236
   1.41999900             235
   1.42999899             233
   1.43999898             233
   1.44999897             230
   1.45999897             229
   1.46999896             228
   1.47999895             225
   1.48999894             224
   1.49999893             222
   1.50999892             221
   1.51999891             219
   1.52999890             217
   1.53999889             216
   1.54999888             213
   1.55999887             209
   1.56999886             205
   1.57999885             203
   1.58999884             201
   1.59999883             197
   1.60999882             196
   1.61999881             192
   1.62999880             192
   1.63999879             189
   1.64999878             187
   1.65999877             187
   1.66999876             184
   1.67999876             183
   1.68999875             182
   1.69999874             180
   1.70999873             180
   1.71999872             178
   1.72999871             177
   1.73999870             172
   1.74999869             167
   1.75999868             167
   1.76999867             165
   1.77999866             163
   1.78999865             161
   1.79999864             158
   1.80999863             158
   1.81999862             157
   1.82999861             156
   1.83999860             154
   1.84999859             150
   1.85999858             148
   1.86999857             148
   1.87999856             148
   1.88999856             148
   1.89999855             146
   1.90999854             145
   1.91999853             144
   1.92999852             144
   1.93999851             144
   1.94999850             143
   1.95999849             140
   1.96999848             136
   1.97999847             136
   1.98999846             136
   1.99999845             135
   2.00999856             135
   2.01999855             132
   2.02999854             132
   2.03999853             131
   2.04999852             130
   2.05999851             128
   2.06999850             125
   2.07999849             123
   2.08999848             122
   2.09999847             121
   2.10999846             121
   2.11999846             117
   2.12999845             116
   2.13999844             114
   2.14999843             111
   2.15999842             111
   2.16999841             111
   2.17999840             111
   2.18999839             109
   2.19999838             108
   2.20999837             106
   2.21999836             106
   2.22999835             106
   2.23999834             106
   2.24999833             105
   2.25999832             104
   2.26999831             103
   2.27999830             102
   2.28999829             101
   2.29999828              99
   2.30999827              99
   2.31999826              98
   2.32999825              98
   2.33999825              96
   2.34999824              96
   2.35999823              95
   2.36999822              95
   2.37999821              92
   2.38999820              92
   2.39999819              92
   2.40999818              90
   2.41999817              90
   2.42999816              86
   2.43999815              85
   2.44999814              84
   2.45999813              84
   2.46999812              84
   2.47999811              81
   2.48999810              80
   2.49999809              80
   2.50999808              80
   2.51999807              79
   2.52999806              78
   2.53999805              78
   2.54999804              77
   2.55999804              76
   2.56999803              75
   2.57999802              75
   2.58999801              74
   2.59999800              73
   2.60999799              73
   2.61999798              71
   2.62999797              70
   2.63999796              70
   2.64999795              69
   2.65999794              69
   2.66999793              68
   2.67999792              67
   2.68999791              67
   2.69999790              66
   2.70999789              66
   2.71999788              66
   2.72999787              64
   2.73999786              63
   2.74999785              61
   2.75999784              60
   2.76999784              58
   2.77999783              57
   2.78999782              56
   2.79999781              56
   2.80999780              56
   2.81999779              56
   2.82999778              56
   2.83999777              56
   2.84999776              55
   2.85999775              54
   2.86999774              54
   2.87999773              54
   2.88999772              54
   2.89999771              54
   2.90999770              53
   2.91999769              53
   2.92999768              53
   2.93999767              51
   2.94999766              50
   2.95999765              50
   2.96999764              49
   2.97999763              49
   2.98999763              49
   2.99999762              49
   3.00999761              46
   3.01999760              46
   3.02999759              45
   3.03999758              45
   3.04999757              44
   3.05999756              44
   3.06999755              44
   3.07999754              44
   3.08999753              44
   3.09999752              43
   3.10999751              43
   3.11999750              43
   3.12999749              42
   3.13999748              42
   3.14999747              41
   3.15999746              40
   3.16999745              40
   3.17999744              40
   3.18999743              40
   3.19999743              40
   3.20999742              40
   3.21999741              39
   3.22999740              39
   3.23999739              38
   3.24999738              37
   3.25999737              37
   3.26999736              37
   3.27999735              37
   3.28999734              35
   3.29999733              35
   3.30999732              35
   3.31999731              35
   3.32999730              34
   3.33999729              34
   3.34999728              34
   3.35999727              34
   3.36999726              34
   3.37999725              34
   3.38999724              33
   3.39999723              33
   3.40999722              33
   3.41999722              33
   3.42999721              33
   3.43999720              33
   3.44999719              33
   3.45999718              32
   3.46999717              31
   3.47999716              31
   3.48999715              31
   3.49999714              30
   3.50999713              30
   3.51999712              30
   3.52999711              30
   3.53999710              30
   3.54999709              29
   3.55999708              29
   3.56999707              27
   3.57999706              27
   3.58999705              27
   3.59999704              27
   3.60999703              27
   3.61999702              27
   3.62999701              27
   3.63999701              27
   3.64999700              27
   3.65999699              27
   3.66999698              27
   3.67999697              27
   3.68999696              26
   3.69999695              26
   3.70999694              25
   3.71999693              25
   3.72999692              24
   3.73999691              24
   3.74999690              23
   3.75999689              23
   3.76999688              23
   3.77999687              23
   3.78999686              23
   3.79999685              23
   3.80999684              23
   3.81999683              23
   3.82999682              23
   3.83999681              23
   3.84999681              23
   3.85999680              23
   3.86999679              22
   3.87999678              22
   3.88999677              22
   3.89999676              21
   3.90999675              21
   3.91999674              21
   3.92999673              20
   3.93999672              20
   3.94999671              20
   3.95999670              20
   3.96999669              19
   3.97999668              19
   3.98999667              19
   3.99999666              19
   4.00999689              19
   4.01999712              19
   4.02999735              19
   4.03999758              19
   4.04999781              17
   4.05999804              17
   4.06999826              17
   4.07999849              17
   4.08999872              16
   4.09999895              16
   4.10999918              16
   4.11999941              16
   4.12999964              16
   4.13999987              16
   4.15000010              16
   4.16000032              15
   4.17000055              15
   4.18000078              15
   4.19000101              15
   4.20000124              15
   4.21000147              15
   4.22000170              15
   4.23000193              15
   4.24000216              15
   4.25000238              15
   4.26000261              15
   4.27000284              14
   4.28000307              14
   4.29000330              13
   4.30000353              12
   4.31000376              12
   4.32000399              12
   4.33000422              12
   4.34000444              12
   4.35000467              12
   4.36000490              12
   4.37000513              12
   4.38000536              12
   4.39000559              12
   4.40000582              12
   4.41000605              11
   4.42000628              11
   4.43000650              11
   4.44000673              11
   4.45000696              11
   4.46000719              11
   4.47000742              10
   4.48000765              10
   4.49000788              10
   4.50000811              10
   4.51000834              10
   4.52000856              10
   4.53000879              10
   4.54000902              10
   4.55000925              10
   4.56000948              10
   4.57000971              10
   4.58000994              10
   4.59001017              10
   4.60001040              10
   4.61001062              10
   4.62001085               9
   4.63001108               9
   4.64001131               9
   4.65001154               8
   4.66001177               8
   4.67001200               8
   4.68001223               8
   4.69001245               8
   4.70001268               8
   4.71001291               8
   4.72001314               8
   4.73001337               8
   4.74001360               8
   4.75001383               8
   4.76001406               8
   4.77001429               8
   4.78001451               7
   4.79001474               7
   4.80001497               7
   4.81001520               7
   4.82001543               7
   4.83001566               7
   4.84001589               7
   4.85001612               7
   4.86001635               7
   4.87001657               7
   4.88001680               7
   4.89001703               7
   4.90001726               7
   4.91001749               7
   4.92001772               7
   4.93001795               7
   4.94001818               7
   4.95001841               7
   4.96001863               7
   4.97001886               7
   4.98001909               7
   4.99001932               7
   5.00001955               7
   5.01001978               7
   5.02002001               7
   5.03002024               7
   5.04002047               7
   5.05002069               7
   5.06002092               7
   5.07002115               7
   5.08002138               7
   5.09002161               7
   5.10002184               7
   5.11002207               7
   5.12002230               7
   5.13002253               7
   5.14002275               7
   5.15002298               7
   5.16002321               7
   5.17002344               7
   5.18002367               7
   5.19002390               7
   5.20002413               6
   5.21002436               6
   5.22002459               6
   5.23002481               6
   5.24002504               6
   5.25002527               6
   5.26002550               6
   5.27002573               6
   5.28002596               6
   5.29002619               6
   5.30002642               6
   5.31002665               6
   5.32002687               6
   5.33002710               6
   5.34002733               6
   5.35002756               6
   5.36002779               6
   5.37002802               6
   5.38002825               6
   5.39002848               6
   5.40002871               6
   5.41002893               6
   5.42002916               6
   5.43002939               6
   5.44002962               6
   5.45002985               6
   5.46003008               6
   5.47003031               6
   5.48003054               6
   5.49003077               6
   5.50003099               6
   5.51003122               6
   5.52003145               6
   5.53003168               6
   5.54003191               5
   5.55003214               5
   5.56003237               5
   5.57003260               5
   5.58003283               5
   5.59003305               5
   5.60003328               5
   5.61003351               5
   5.62003374               5
   5.63003397               4
   5.64003420               4
   5.65003443               4
   5.66003466               4
   5.67003489               4
   5.68003511               4
   5.69003534               4
   5.70003557               4
   5.71003580               4
   5.72003603               4
   5.73003626               4
   5.74003649               4
   5.75003672               4
   5.76003695               4
   5.77003717               4
   5.78003740               4
   5.79003763               4
   5.80003786               4
   5.81003809               4
   5.82003832               4
   5.83003855               4
   5.84003878               4
   5.85003901               3
   5.86003923               3
   5.87003946               3
   5.88003969               3
   5.89003992               3
   5.90004015               3
   5.91004038               3
   5.92004061               3
   5.93004084               3
   5.94004107               3
   5.95004129               3
   5.96004152               3
   5.97004175               3
   5.98004198               3
   5.99004221               3
   6.00004244               3
   6.01004267               3
   6.02004290               3
   6.03004313               3
   6.04004335               3
   6.05004358               3
   6.06004381               3
   6.07004404               3
   6.08004427               3
   6.09004450               3
   6.10004473               3
   6.11004496               3
   6.12004519               3
   6.13004541               3
   6.14004564               3
   6.15004587               3
   6.16004610               3
   6.17004633               3
   6.18004656               2
   6.19004679               2
   6.20004702               2
   6.21004725               2
   6.22004747               2
   6.23004770               2
   6.24004793               2
   6.25004816               1
   6.26004839               1
   6.27004862               1
   6.28004885               1
   6.29004908               1
   6.30004930               1
   6.31004953               1
   6.32004976               1
   6.33004999               1
   6.34005022               1
   6.35005045               1
   6.36005068               1
   6.37005091               1
   6.38005114               1
   6.39005136               1
   6.40005159               1
   6.41005182               1
   6.42005205               1
   6.43005228               1
   6.44005251               1
   6.45005274               1
   6.46005297               1
   6.47005320               1
   6.48005342               1
   6.49005365               1
   6.50005388               1
   6.51005411               1
   6.52005434               1
   6.53005457               1
   6.54005480               1
   6.55005503               1
   6.56005526               1
   6.57005548               1
   6.58005571               1
   6.59005594               1
   6.60005617               1
   6.61005640               1
   6.62005663               1
   6.63005686               1
   6.64005709               1
   6.65005732               1
   6.66005754               1
   6.67005777               1
   6.68005800               1
   6.69005823               1
   6.70005846               1
   6.71005869               1
   6.72005892               1
   6.73005915               1
   6.74005938               1
   6.75005960               1
   6.76005983               1
   6.77006006               1
   6.78006029               1
   6.79006052               1
   6.80006075               1
   6.81006098               1
   6.82006121               1
   6.83006144               1
   6.84006166               1
   6.85006189               1
   6.86006212               1
   6.87006235               1
   6.88006258               1
   6.89006281               1
   6.90006304               1
   6.91006327               1
   6.92006350               1
   6.93006372               1
   6.94006395               1
   6.95006418               1
   6.96006441               1
   6.97006464               1
   6.98006487               1
   6.99006510               1
   7.00006533               1
   7.01006556               1
   7.02006578               1
   7.03006601               1
   7.04006624               1
   7.05006647               1
   7.06006670               1
   7.07006693               1
   7.08006716               1
   7.09006739               1
   7.10006762               1
   7.11006784               1
   7.12006807               1
   7.13006830               1
   7.14006853               1
   7.15006876               1
   7.16006899               1
   7.17006922               1
   7.18006945               1
   7.19006968               1
   7.20006990               1
   7.21007013               1
   7.22007036               1
   7.23007059               1
   7.24007082               1
   7.25007105               1
   7.26007128               1
   7.27007151               1
   7.28007174               1
   7.29007196               1
   7.30007219               1
   7.31007242               1
   7.32007265               1
   7.33007288               1
   7.34007311               1
   7.35007334               1
   7.36007357               1
   7.37007380               1
   7.38007402               1
   7.39007425               1
   7.40007448               1
   7.41007471               1
   7.42007494               1
   7.43007517               1
   7.44007540               1
   7.45007563               1
   7.46007586               1
   7.47007608               1
   7.48007631               1
   7.49007654               1
   7.50007677               1
   7.51007700               1
   7.52007723               1
   7.53007746               1
   7.54007769               1
   7.55007792               1
   7.56007814               1
   7.57007837               1
   7.58007860               1
   7.59007883               1
   7.60007906               1
   7.61007929               1
   7.62007952               1
   7.63007975               1
   7.64007998               1
   7.65008020               1
   7.66008043               1
   7.67008066               1
   7.68008089               1
   7.69008112               1
   7.70008135               1
   7.71008158               1
   7.72008181               1
   7.73008204               1
   7.74008226               1
   7.75008249               1
   7.76008272               1
   7.77008295               1
   7.78008318               1
   7.79008341               1
   7.80008364               1
   7.81008387               1
   7.82008410               1
   7.83008432               1
   7.84008455               1
   7.85008478               1
   7.86008501               1
   7.87008524               1
   7.88008547               1
   7.89008570               1
   7.90008593               1
   7.91008615               1
   7.92008638               1
   7.93008661               1
   7.94008684               1
   7.95008707               1
   7.96008730               1
   7.97008753               1
   7.98008776               1
   7.99008799               1
   8.00008774               1
