   0.00000000             988
   9.99999978E-03         967
   1.99999996E-02         956
   2.99999993E-02         951
   3.99999991E-02         940
   4.99999970E-02         931
   5.99999949E-02         920
   6.99999928E-02         913
   7.99999908E-02         907
   8.99999887E-02         892
   9.99999866E-02         883
  0.109999985             875
  0.119999982             870
  0.129999980             866
  0.139999986             864
  0.149999991             858
  0.159999996             848
  0.170000002             837
  0.180000007             828
  0.190000013             817
  0.200000018             811
  0.210000023             803
  0.220000029             794
  0.230000034             786
  0.240000039             779
  0.250000030             770
  0.260000020             766
  0.270000011             757
  0.280000001             749
  0.289999992             744
  0.299999982             741
  0.309999973             736
  0.319999963             727
  0.329999954             722
  0.339999944             715
  0.349999934             708
  0.359999925             705
  0.369999915             700
  0.379999906             692
  0.389999896             685
  0.399999887             678
  0.409999877             666
  0.419999868             659
  0.429999858             655
  0.439999849             648
  0.449999839             644
  0.459999830             634
  0.469999820             626
  0.479999810             620
  0.489999801             613
  0.499999791             607
  0.509999812             603
  0.519999802             595
  0.529999793             587
  0.539999783             582
  0.549999774             576
  0.559999764             570
  0.569999754             562
  0.579999745             558
  0.589999735             554
  0.599999726             547
  0.609999716             542
  0.619999707             536
  0.629999697             529
  0.639999688             528
  0.649999678             523
  0.659999669             516
  0.669999659             511
  0.679999650             504
  0.689999640             501
  0.699999630             500
  0.709999621             494
  0.719999611             491
  0.729999602             489
  0.739999592             482
  0.749999583             474
  0.759999573             469
  0.769999564             466
  0.779999554             460
  0.789999545             459
  0.799999535             454
  0.809999526             448
  0.819999516             443
  0.829999506             439
  0.839999497             433
  0.849999487             429
  0.859999478             426
  0.869999468             422
  0.879999459             414
  0.889999449             409
  0.899999440             405
  0.909999430             399
  0.919999421             392
  0.929999411             389
  0.939999402             385
  0.949999392             380
  0.959999382             379
  0.969999373             374
  0.979999363             369
  0.989999354             363
  0.999999344             358
   1.00999939             354
   1.01999938             351
   1.02999938             345
   1.03999937             342
   1.04999936             340
   1.05999935             337
   1.06999934             334
   1.07999933             331
   1.08999932             329
   1.09999931             325
   1.10999930             322
   1.11999929             320
   1.12999928             310
   1.13999927             307
   1.14999926             304
   1.15999925             300
   1.16999924             296
   1.17999923             295
   1.18999922             292
   1.19999921             288
   1.20999920             282
   1.21999919             281
   1.22999918             279
   1.23999918             278
   1.24999917             274
   1.25999916             270
   1.26999915             267
   1.27999914             264
   1.28999913             260
   1.29999912             257
   1.30999911             254
   1.31999910             253
   1.32999909             249
   1.33999908             247
   1.34999907             243
   1.35999906             242
   1.36999905             237
   1.37999904             233
   1.38999903             232
   1.39999902             229
   1.40999901             227
   1.41999900             227
   1.42999899             221
   1.43999898             219
   1.44999897             219
   1.45999897             217
   1.46999896             215
   1.47999895             214
   1.48999894             211
   1.49999893             208
   1.50999892             207
   1.51999891             203
   1.52999890             201
   1.53999889             198
   1.54999888             194
   1.55999887             192
   1.56999886             191
   1.57999885             191
   1.58999884             191
   1.59999883             189
   1.60999882             185
   1.61999881             184
   1.62999880             181
   1.63999879             178
   1.64999878             177
   1.65999877             176
   1.66999876             174
   1.67999876             173
   1.68999875             171
   1.69999874             170
   1.70999873             167
   1.71999872             165
   1.72999871             163
   1.73999870             160
   1.74999869             159
   1.75999868             158
   1.76999867             156
   1.77999866             151
   1.78999865             149
   1.79999864             147
   1.80999863             146
   1.81999862             146
   1.82999861             145
   1.83999860             143
   1.84999859             143
   1.85999858             143
   1.86999857             142
   1.87999856             141
   1.88999856             139
   1.89999855             137
   1.90999854             137
   1.91999853             137
   1.92999852             136
   1.93999851             136
   1.94999850             134
   1.95999849             131
   1.96999848             131
   1.97999847             129
   1.98999846             128
   1.99999845             126
   2.00999856             125
   2.01999855             125
   2.02999854             125
   2.03999853             124
   2.04999852             122
   2.05999851             118
   2.06999850             116
   2.07999849             113
   2.08999848             111
   2.09999847             110
   2.10999846             109
   2.11999846             107
   2.12999845             105
   2.13999844             105
   2.14999843             104
   2.15999842             104
   2.16999841             102
   2.17999840             101
   2.18999839              99
   2.19999838              98
   2.20999837              96
   2.21999836              95
   2.22999835              95
   2.23999834              95
   2.24999833              93
   2.25999832              92
   2.26999831              92
   2.27999830              91
   2.28999829              91
   2.29999828              91
   2.30999827              90
   2.31999826              90
   2.32999825              88
   2.33999825              87
   2.34999824              87
   2.35999823              87
   2.36999822              86
   2.37999821              85
   2.38999820              83
   2.39999819              83
   2.40999818              82
   2.41999817              82
   2.42999816              81
   2.43999815              81
   2.44999814              80
   2.45999813              79
   2.46999812              77
   2.47999811              76
   2.48999810              76
   2.49999809              76
   2.50999808              76
   2.51999807              76
   2.52999806              76
   2.53999805              76
   2.54999804              75
   2.55999804              75
   2.56999803              75
   2.57999802              75
   2.58999801              75
   2.59999800              74
   2.60999799              73
   2.61999798              72
   2.62999797              70
   2.63999796              70
   2.64999795              69
   2.65999794              69
   2.66999793              68
   2.67999792              67
   2.68999791              67
   2.69999790              66
   2.70999789              66
   2.71999788              66
   2.72999787              65
   2.73999786              65
   2.74999785              65
   2.75999784              64
   2.76999784              64
   2.77999783              62
   2.78999782              61
   2.79999781              60
   2.80999780              60
   2.81999779              57
   2.82999778              56
   2.83999777              56
   2.84999776              56
   2.85999775              55
   2.86999774              55
   2.87999773              54
   2.88999772              52
   2.89999771              52
   2.90999770              52
   2.91999769              52
   2.92999768              52
   2.93999767              51
   2.94999766              49
   2.95999765              49
   2.96999764              48
   2.97999763              48
   2.98999763              47
   2.99999762              46
   3.00999761              46
   3.01999760              46
   3.02999759              46
   3.03999758              46
   3.04999757              46
   3.05999756              45
   3.06999755              45
   3.07999754              45
   3.08999753              44
   3.09999752              44
   3.10999751              44
   3.11999750              43
   3.12999749              42
   3.13999748              42
   3.14999747              42
   3.15999746              42
   3.16999745              41
   3.17999744              41
   3.18999743              40
   3.19999743              40
   3.20999742              40
   3.21999741              40
   3.22999740              37
   3.23999739              36
   3.24999738              35
   3.25999737              35
   3.26999736              34
   3.27999735              34
   3.28999734              33
   3.29999733              33
   3.30999732              33
   3.31999731              32
   3.32999730              31
   3.33999729              30
   3.34999728              30
   3.35999727              29
   3.36999726              29
   3.37999725              29
   3.38999724              29
   3.39999723              26
   3.40999722              26
   3.41999722              26
   3.42999721              26
   3.43999720              26
   3.44999719              25
   3.45999718              25
   3.46999717              25
   3.47999716              25
   3.48999715              24
   3.49999714              24
   3.50999713              24
   3.51999712              24
   3.52999711              23
   3.53999710              22
   3.54999709              21
   3.55999708              21
   3.56999707              21
   3.57999706              21
   3.58999705              21
   3.59999704              21
   3.60999703              21
   3.61999702              21
   3.62999701              21
   3.63999701              21
   3.64999700              21
   3.65999699              20
   3.66999698              20
   3.67999697              20
   3.68999696              20
   3.69999695              20
   3.70999694              20
   3.71999693              20
   3.72999692              20
   3.73999691              20
   3.74999690              20
   3.75999689              20
   3.76999688              20
   3.77999687              20
   3.78999686              20
   3.79999685              18
   3.80999684              18
   3.81999683              17
   3.82999682              17
   3.83999681              17
   3.84999681              16
   3.85999680              15
   3.86999679              14
   3.87999678              14
   3.88999677              14
   3.89999676              14
   3.90999675              14
   3.91999674              14
   3.92999673              14
   3.93999672              13
   3.94999671              13
   3.95999670              13
   3.96999669              13
   3.97999668              13
   3.98999667              13
   3.99999666              12
   4.00999689              12
   4.01999712              12
   4.02999735              12
   4.03999758              12
   4.04999781              12
   4.05999804              11
   4.06999826              10
   4.07999849               9
   4.08999872               9
   4.09999895               9
   4.10999918               9
   4.11999941               9
   4.12999964               9
   4.13999987               9
   4.15000010               9
   4.16000032               9
   4.17000055               9
   4.18000078               9
   4.19000101               9
   4.20000124               9
   4.21000147               9
   4.22000170               9
   4.23000193               9
   4.24000216               9
   4.25000238               9
   4.26000261               9
   4.27000284               8
   4.28000307               8
   4.29000330               8
   4.30000353               8
   4.31000376               7
   4.32000399               7
   4.33000422               7
   4.34000444               7
   4.35000467               7
   4.36000490               7
   4.37000513               7
   4.38000536               7
   4.39000559               7
   4.40000582               7
   4.41000605               7
   4.42000628               7
   4.43000650               7
   4.44000673               7
   4.45000696               7
   4.46000719               7
   4.47000742               7
   4.48000765               7
   4.49000788               7
   4.50000811               6
   4.51000834               6
   4.52000856               6
   4.53000879               6
   4.54000902               6
   4.55000925               6
   4.56000948               6
   4.57000971               6
   4.58000994               6
   4.59001017               6
   4.60001040               6
   4.61001062               6
   4.62001085               6
   4.63001108               6
   4.64001131               5
   4.65001154               5
   4.66001177               5
   4.67001200               5
   4.68001223               5
   4.69001245               5
   4.70001268               5
   4.71001291               5
   4.72001314               5
   4.73001337               5
   4.74001360               5
   4.75001383               5
   4.76001406               5
   4.77001429               5
   4.78001451               5
   4.79001474               5
   4.80001497               5
   4.81001520               5
   4.82001543               5
   4.83001566               5
   4.84001589               5
   4.85001612               5
   4.86001635               5
   4.87001657               5
   4.88001680               5
   4.89001703               5
   4.90001726               5
   4.91001749               5
   4.92001772               5
   4.93001795               5
   4.94001818               5
   4.95001841               5
   4.96001863               5
   4.97001886               5
   4.98001909               5
   4.99001932               5
   5.00001955               5
   5.01001978               5
   5.02002001               5
   5.03002024               5
   5.04002047               5
   5.05002069               5
   5.06002092               5
   5.07002115               5
   5.08002138               5
   5.09002161               5
   5.10002184               5
   5.11002207               5
   5.12002230               5
   5.13002253               5
   5.14002275               5
   5.15002298               5
   5.16002321               5
   5.17002344               5
   5.18002367               5
   5.19002390               5
   5.20002413               5
   5.21002436               5
   5.22002459               5
   5.23002481               5
   5.24002504               5
   5.25002527               5
   5.26002550               5
   5.27002573               5
   5.28002596               5
   5.29002619               5
   5.30002642               5
   5.31002665               5
   5.32002687               5
   5.33002710               5
   5.34002733               5
   5.35002756               5
   5.36002779               5
   5.37002802               5
   5.38002825               4
   5.39002848               4
   5.40002871               4
   5.41002893               4
   5.42002916               4
   5.43002939               4
   5.44002962               4
   5.45002985               4
   5.46003008               4
   5.47003031               4
   5.48003054               4
   5.49003077               4
   5.50003099               4
   5.51003122               4
   5.52003145               4
   5.53003168               4
   5.54003191               4
   5.55003214               4
   5.56003237               4
   5.57003260               4
   5.58003283               4
   5.59003305               4
   5.60003328               4
   5.61003351               4
   5.62003374               4
   5.63003397               4
   5.64003420               4
   5.65003443               4
   5.66003466               4
   5.67003489               4
   5.68003511               4
   5.69003534               4
   5.70003557               3
   5.71003580               3
   5.72003603               3
   5.73003626               3
   5.74003649               3
   5.75003672               3
   5.76003695               3
   5.77003717               3
   5.78003740               3
   5.79003763               2
   5.80003786               2
   5.81003809               2
   5.82003832               2
   5.83003855               2
   5.84003878               2
   5.85003901               2
   5.86003923               2
   5.87003946               2
   5.88003969               2
   5.89003992               2
   5.90004015               2
   5.91004038               2
   5.92004061               2
   5.93004084               2
   5.94004107               2
   5.95004129               2
   5.96004152               2
   5.97004175               2
   5.98004198               2
   5.99004221               2
   6.00004244               2
   6.01004267               2
   6.02004290               2
   6.03004313               2
   6.04004335               2
   6.05004358               2
   6.06004381               2
   6.07004404               2
   6.08004427               2
   6.09004450               2
   6.10004473               2
   6.11004496               2
   6.12004519               2
   6.13004541               2
   6.14004564               2
   6.15004587               2
   6.16004610               2
   6.17004633               2
   6.18004656               2
   6.19004679               2
   6.20004702               2
   6.21004725               2
   6.22004747               2
   6.23004770               2
   6.24004793               2
   6.25004816               2
   6.26004839               2
   6.27004862               2
   6.28004885               2
   6.29004908               2
   6.30004930               2
   6.31004953               2
   6.32004976               2
   6.33004999               2
   6.34005022               2
   6.35005045               2
   6.36005068               2
   6.37005091               2
   6.38005114               2
   6.39005136               2
   6.40005159               2
   6.41005182               2
   6.42005205               2
   6.43005228               2
   6.44005251               2
   6.45005274               2
   6.46005297               2
   6.47005320               1
   6.48005342               1
   6.49005365               1
   6.50005388               1
   6.51005411               1
   6.52005434               1
   6.53005457               0
   6.54005480               0
   6.55005503               0
   6.56005526               0
   6.57005548               0
   6.58005571               0
   6.59005594               0
   6.60005617               0
   6.61005640               0
   6.62005663               0
   6.63005686               0
   6.64005709               0
   6.65005732               0
   6.66005754               0
   6.67005777               0
   6.68005800               0
   6.69005823               0
   6.70005846               0
   6.71005869               0
   6.72005892               0
   6.73005915               0
   6.74005938               0
   6.75005960               0
   6.76005983               0
   6.77006006               0
   6.78006029               0
   6.79006052               0
   6.80006075               0
   6.81006098               0
   6.82006121               0
   6.83006144               0
   6.84006166               0
   6.85006189               0
   6.86006212               0
   6.87006235               0
   6.88006258               0
   6.89006281               0
   6.90006304               0
   6.91006327               0
   6.92006350               0
   6.93006372               0
   6.94006395               0
   6.95006418               0
   6.96006441               0
   6.97006464               0
   6.98006487               0
   6.99006510               0
   7.00006533               0
   7.01006556               0
   7.02006578               0
   7.03006601               0
   7.04006624               0
   7.05006647               0
   7.06006670               0
   7.07006693               0
   7.08006716               0
   7.09006739               0
   7.10006762               0
   7.11006784               0
   7.12006807               0
   7.13006830               0
   7.14006853               0
   7.15006876               0
   7.16006899               0
   7.17006922               0
   7.18006945               0
   7.19006968               0
   7.20006990               0
   7.21007013               0
   7.22007036               0
   7.23007059               0
   7.24007082               0
   7.25007105               0
   7.26007128               0
   7.27007151               0
   7.28007174               0
   7.29007196               0
   7.30007219               0
   7.31007242               0
   7.32007265               0
   7.33007288               0
   7.34007311               0
   7.35007334               0
   7.36007357               0
   7.37007380               0
   7.38007402               0
   7.39007425               0
   7.40007448               0
   7.41007471               0
   7.42007494               0
   7.43007517               0
   7.44007540               0
   7.45007563               0
   7.46007586               0
   7.47007608               0
   7.48007631               0
   7.49007654               0
   7.50007677               0
   7.51007700               0
   7.52007723               0
   7.53007746               0
   7.54007769               0
   7.55007792               0
   7.56007814               0
   7.57007837               0
   7.58007860               0
   7.59007883               0
   7.60007906               0
   7.61007929               0
   7.62007952               0
   7.63007975               0
   7.64007998               0
   7.65008020               0
   7.66008043               0
   7.67008066               0
   7.68008089               0
   7.69008112               0
   7.70008135               0
   7.71008158               0
   7.72008181               0
   7.73008204               0
   7.74008226               0
   7.75008249               0
   7.76008272               0
   7.77008295               0
   7.78008318               0
   7.79008341               0
   7.80008364               0
   7.81008387               0
   7.82008410               0
   7.83008432               0
   7.84008455               0
   7.85008478               0
   7.86008501               0
   7.87008524               0
   7.88008547               0
   7.89008570               0
   7.90008593               0
   7.91008615               0
   7.92008638               0
   7.93008661               0
   7.94008684               0
   7.95008707               0
   7.96008730               0
   7.97008753               0
   7.98008776               0
   7.99008799               0
   8.00008774               0
