   0.00000000             987
   9.99999978E-03         979
   1.99999996E-02         972
   2.99999993E-02         959
   3.99999991E-02         952
   4.99999970E-02         945
   5.99999949E-02         933
   6.99999928E-02         925
   7.99999908E-02         914
   8.99999887E-02         901
   9.99999866E-02         891
  0.109999985             885
  0.119999982             877
  0.129999980             870
  0.139999986             860
  0.149999991             852
  0.159999996             846
  0.170000002             834
  0.180000007             829
  0.190000013             820
  0.200000018             804
  0.210000023             793
  0.220000029             788
  0.230000034             780
  0.240000039             768
  0.250000030             760
  0.260000020             756
  0.270000011             751
  0.280000001             739
  0.289999992             726
  0.299999982             717
  0.309999973             710
  0.319999963             703
  0.329999954             694
  0.339999944             682
  0.349999934             671
  0.359999925             669
  0.369999915             663
  0.379999906             654
  0.389999896             648
  0.399999887             642
  0.409999877             639
  0.419999868             634
  0.429999858             623
  0.439999849             616
  0.449999839             613
  0.459999830             605
  0.469999820             593
  0.479999810             586
  0.489999801             579
  0.499999791             571
  0.509999812             566
  0.519999802             563
  0.529999793             557
  0.539999783             553
  0.549999774             547
  0.559999764             545
  0.569999754             544
  0.579999745             540
  0.589999735             533
  0.599999726             528
  0.609999716             521
  0.619999707             517
  0.629999697             508
  0.639999688             502
  0.649999678             496
  0.659999669             489
  0.669999659             485
  0.679999650             477
  0.689999640             474
  0.699999630             465
  0.709999621             458
  0.719999611             455
  0.729999602             451
  0.739999592             446
  0.749999583             442
  0.759999573             435
  0.769999564             431
  0.779999554             422
  0.789999545             416
  0.799999535             409
  0.809999526             406
  0.819999516             400
  0.829999506             397
  0.839999497             393
  0.849999487             387
  0.859999478             382
  0.869999468             379
  0.879999459             373
  0.889999449             367
  0.899999440             361
  0.909999430             358
  0.919999421             354
  0.929999411             350
  0.939999402             346
  0.949999392             343
  0.959999382             339
  0.969999373             336
  0.979999363             334
  0.989999354             333
  0.999999344             327
   1.00999939             324
   1.01999938             321
   1.02999938             317
   1.03999937             317
   1.04999936             314
   1.05999935             309
   1.06999934             306
   1.07999933             303
   1.08999932             299
   1.09999931             296
   1.10999930             294
   1.11999929             291
   1.12999928             288
   1.13999927             286
   1.14999926             285
   1.15999925             282
   1.16999924             280
   1.17999923             275
   1.18999922             273
   1.19999921             270
   1.20999920             267
   1.21999919             262
   1.22999918             261
   1.23999918             259
   1.24999917             257
   1.25999916             255
   1.26999915             252
   1.27999914             250
   1.28999913             247
   1.29999912             245
   1.30999911             244
   1.31999910             243
   1.32999909             243
   1.33999908             242
   1.34999907             240
   1.35999906             237
   1.36999905             236
   1.37999904             233
   1.38999903             229
   1.39999902             227
   1.40999901             226
   1.41999900             221
   1.42999899             219
   1.43999898             219
   1.44999897             218
   1.45999897             217
   1.46999896             214
   1.47999895             212
   1.48999894             211
   1.49999893             208
   1.50999892             208
   1.51999891             207
   1.52999890             205
   1.53999889             201
   1.54999888             198
   1.55999887             196
   1.56999886             193
   1.57999885             189
   1.58999884             187
   1.59999883             186
   1.60999882             185
   1.61999881             183
   1.62999880             180
   1.63999879             178
   1.64999878             178
   1.65999877             177
   1.66999876             175
   1.67999876             174
   1.68999875             172
   1.69999874             172
   1.70999873             170
   1.71999872             169
   1.72999871             163
   1.73999870             160
   1.74999869             158
   1.75999868             157
   1.76999867             156
   1.77999866             156
   1.78999865             154
   1.79999864             153
   1.80999863             152
   1.81999862             151
   1.82999861             150
   1.83999860             150
   1.84999859             149
   1.85999858             147
   1.86999857             147
   1.87999856             147
   1.88999856             145
   1.89999855             143
   1.90999854             140
   1.91999853             137
   1.92999852             136
   1.93999851             134
   1.94999850             134
   1.95999849             132
   1.96999848             132
   1.97999847             130
   1.98999846             128
   1.99999845             127
   2.00999856             126
   2.01999855             125
   2.02999854             121
   2.03999853             120
   2.04999852             117
   2.05999851             115
   2.06999850             112
   2.07999849             110
   2.08999848             109
   2.09999847             107
   2.10999846             107
   2.11999846             107
   2.12999845             107
   2.13999844             105
   2.14999843             104
   2.15999842             102
   2.16999841             100
   2.17999840              99
   2.18999839              99
   2.19999838              99
   2.20999837              99
   2.21999836              99
   2.22999835              98
   2.23999834              97
   2.24999833              95
   2.25999832              94
   2.26999831              94
   2.27999830              90
   2.28999829              89
   2.29999828              89
   2.30999827              88
   2.31999826              88
   2.32999825              88
   2.33999825              88
   2.34999824              87
   2.35999823              87
   2.36999822              85
   2.37999821              83
   2.38999820              82
   2.39999819              80
   2.40999818              79
   2.41999817              78
   2.42999816              78
   2.43999815              75
   2.44999814              75
   2.45999813              75
   2.46999812              71
   2.47999811              69
   2.48999810              69
   2.49999809              69
   2.50999808              69
   2.51999807              69
   2.52999806              69
   2.53999805              69
   2.54999804              69
   2.55999804              69
   2.56999803              68
   2.57999802              68
   2.58999801              68
   2.59999800              67
   2.60999799              67
   2.61999798              66
   2.62999797              66
   2.63999796              65
   2.64999795              64
   2.65999794              63
   2.66999793              62
   2.67999792              62
   2.68999791              60
   2.69999790              59
   2.70999789              59
   2.71999788              58
   2.72999787              57
   2.73999786              57
   2.74999785              57
   2.75999784              57
   2.76999784              57
   2.77999783              56
   2.78999782              56
   2.79999781              55
   2.80999780              55
   2.81999779              55
   2.82999778              54
   2.83999777              54
   2.84999776              53
   2.85999775              53
   2.86999774              52
   2.87999773              51
   2.88999772              51
   2.89999771              51
   2.90999770              49
   2.91999769              49
   2.92999768              49
   2.93999767              49
   2.94999766              49
   2.95999765              49
   2.96999764              49
   2.97999763              48
   2.98999763              48
   2.99999762              48
   3.00999761              48
   3.01999760              48
   3.02999759              48
   3.03999758              47
   3.04999757              47
   3.05999756              46
   3.06999755              46
   3.07999754              45
   3.08999753              44
   3.09999752              44
   3.10999751              43
   3.11999750              43
   3.12999749              43
   3.13999748              43
   3.14999747              43
   3.15999746              42
   3.16999745              42
   3.17999744              41
   3.18999743              40
   3.19999743              40
   3.20999742              40
   3.21999741              40
   3.22999740              39
   3.23999739              38
   3.24999738              38
   3.25999737              38
   3.26999736              38
   3.27999735              37
   3.28999734              37
   3.29999733              37
   3.30999732              36
   3.31999731              36
   3.32999730              36
   3.33999729              36
   3.34999728              35
   3.35999727              35
   3.36999726              34
   3.37999725              34
   3.38999724              33
   3.39999723              32
   3.40999722              32
   3.41999722              32
   3.42999721              31
   3.43999720              31
   3.44999719              31
   3.45999718              31
   3.46999717              30
   3.47999716              30
   3.48999715              30
   3.49999714              30
   3.50999713              30
   3.51999712              30
   3.52999711              29
   3.53999710              28
   3.54999709              28
   3.55999708              27
   3.56999707              25
   3.57999706              25
   3.58999705              23
   3.59999704              23
   3.60999703              23
   3.61999702              23
   3.62999701              23
   3.63999701              23
   3.64999700              21
   3.65999699              21
   3.66999698              21
   3.67999697              21
   3.68999696              20
   3.69999695              20
   3.70999694              20
   3.71999693              20
   3.72999692              20
   3.73999691              20
   3.74999690              20
   3.75999689              20
   3.76999688              20
   3.77999687              20
   3.78999686              20
   3.79999685              20
   3.80999684              20
   3.81999683              20
   3.82999682              20
   3.83999681              20
   3.84999681              20
   3.85999680              19
   3.86999679              18
   3.87999678              17
   3.88999677              17
   3.89999676              16
   3.90999675              16
   3.91999674              15
   3.92999673              15
   3.93999672              15
   3.94999671              15
   3.95999670              15
   3.96999669              14
   3.97999668              13
   3.98999667              13
   3.99999666              13
   4.00999689              13
   4.01999712              12
   4.02999735              12
   4.03999758              12
   4.04999781              12
   4.05999804              12
   4.06999826              12
   4.07999849              12
   4.08999872              12
   4.09999895              12
   4.10999918              12
   4.11999941              12
   4.12999964              12
   4.13999987              12
   4.15000010              12
   4.16000032              12
   4.17000055              12
   4.18000078              12
   4.19000101              12
   4.20000124              12
   4.21000147              11
   4.22000170              11
   4.23000193              11
   4.24000216              11
   4.25000238              11
   4.26000261              10
   4.27000284              10
   4.28000307              10
   4.29000330              10
   4.30000353              10
   4.31000376              10
   4.32000399              10
   4.33000422              10
   4.34000444               9
   4.35000467               8
   4.36000490               8
   4.37000513               8
   4.38000536               8
   4.39000559               8
   4.40000582               8
   4.41000605               8
   4.42000628               8
   4.43000650               8
   4.44000673               8
   4.45000696               8
   4.46000719               8
   4.47000742               7
   4.48000765               7
   4.49000788               7
   4.50000811               7
   4.51000834               7
   4.52000856               6
   4.53000879               6
   4.54000902               6
   4.55000925               6
   4.56000948               6
   4.57000971               6
   4.58000994               6
   4.59001017               6
   4.60001040               6
   4.61001062               6
   4.62001085               6
   4.63001108               6
   4.64001131               6
   4.65001154               6
   4.66001177               6
   4.67001200               6
   4.68001223               6
   4.69001245               6
   4.70001268               6
   4.71001291               6
   4.72001314               6
   4.73001337               6
   4.74001360               6
   4.75001383               6
   4.76001406               6
   4.77001429               6
   4.78001451               6
   4.79001474               6
   4.80001497               6
   4.81001520               6
   4.82001543               6
   4.83001566               6
   4.84001589               6
   4.85001612               6
   4.86001635               6
   4.87001657               6
   4.88001680               6
   4.89001703               6
   4.90001726               6
   4.91001749               6
   4.92001772               6
   4.93001795               6
   4.94001818               6
   4.95001841               5
   4.96001863               5
   4.97001886               5
   4.98001909               5
   4.99001932               5
   5.00001955               5
   5.01001978               5
   5.02002001               5
   5.03002024               5
   5.04002047               5
   5.05002069               5
   5.06002092               5
   5.07002115               5
   5.08002138               5
   5.09002161               5
   5.10002184               5
   5.11002207               5
   5.12002230               5
   5.13002253               5
   5.14002275               5
   5.15002298               5
   5.16002321               5
   5.17002344               5
   5.18002367               5
   5.19002390               5
   5.20002413               5
   5.21002436               5
   5.22002459               5
   5.23002481               5
   5.24002504               5
   5.25002527               5
   5.26002550               5
   5.27002573               5
   5.28002596               5
   5.29002619               5
   5.30002642               5
   5.31002665               5
   5.32002687               5
   5.33002710               5
   5.34002733               5
   5.35002756               5
   5.36002779               5
   5.37002802               5
   5.38002825               5
   5.39002848               5
   5.40002871               5
   5.41002893               5
   5.42002916               5
   5.43002939               5
   5.44002962               5
   5.45002985               5
   5.46003008               5
   5.47003031               4
   5.48003054               3
   5.49003077               3
   5.50003099               3
   5.51003122               3
   5.52003145               3
   5.53003168               3
   5.54003191               3
   5.55003214               3
   5.56003237               3
   5.57003260               3
   5.58003283               3
   5.59003305               3
   5.60003328               3
   5.61003351               3
   5.62003374               3
   5.63003397               3
   5.64003420               3
   5.65003443               3
   5.66003466               3
   5.67003489               3
   5.68003511               3
   5.69003534               3
   5.70003557               3
   5.71003580               3
   5.72003603               3
   5.73003626               3
   5.74003649               3
   5.75003672               3
   5.76003695               3
   5.77003717               3
   5.78003740               3
   5.79003763               3
   5.80003786               3
   5.81003809               3
   5.82003832               3
   5.83003855               3
   5.84003878               3
   5.85003901               3
   5.86003923               3
   5.87003946               3
   5.88003969               3
   5.89003992               2
   5.90004015               2
   5.91004038               2
   5.92004061               2
   5.93004084               2
   5.94004107               2
   5.95004129               2
   5.96004152               2
   5.97004175               2
   5.98004198               2
   5.99004221               2
   6.00004244               2
   6.01004267               2
   6.02004290               2
   6.03004313               2
   6.04004335               2
   6.05004358               2
   6.06004381               2
   6.07004404               2
   6.08004427               2
   6.09004450               2
   6.10004473               2
   6.11004496               2
   6.12004519               2
   6.13004541               2
   6.14004564               2
   6.15004587               2
   6.16004610               2
   6.17004633               2
   6.18004656               2
   6.19004679               2
   6.20004702               2
   6.21004725               2
   6.22004747               2
   6.23004770               2
   6.24004793               2
   6.25004816               2
   6.26004839               2
   6.27004862               2
   6.28004885               2
   6.29004908               2
   6.30004930               2
   6.31004953               2
   6.32004976               2
   6.33004999               2
   6.34005022               2
   6.35005045               2
   6.36005068               2
   6.37005091               2
   6.38005114               2
   6.39005136               2
   6.40005159               2
   6.41005182               2
   6.42005205               2
   6.43005228               2
   6.44005251               2
   6.45005274               2
   6.46005297               2
   6.47005320               2
   6.48005342               2
   6.49005365               2
   6.50005388               2
   6.51005411               2
   6.52005434               2
   6.53005457               2
   6.54005480               2
   6.55005503               2
   6.56005526               2
   6.57005548               2
   6.58005571               2
   6.59005594               2
   6.60005617               2
   6.61005640               2
   6.62005663               2
   6.63005686               2
   6.64005709               2
   6.65005732               2
   6.66005754               2
   6.67005777               2
   6.68005800               2
   6.69005823               2
   6.70005846               2
   6.71005869               2
   6.72005892               2
   6.73005915               2
   6.74005938               2
   6.75005960               2
   6.76005983               2
   6.77006006               2
   6.78006029               2
   6.79006052               2
   6.80006075               1
   6.81006098               1
   6.82006121               1
   6.83006144               1
   6.84006166               1
   6.85006189               1
   6.86006212               1
   6.87006235               1
   6.88006258               1
   6.89006281               1
   6.90006304               1
   6.91006327               1
   6.92006350               1
   6.93006372               1
   6.94006395               1
   6.95006418               1
   6.96006441               1
   6.97006464               1
   6.98006487               1
   6.99006510               1
   7.00006533               1
   7.01006556               1
   7.02006578               1
   7.03006601               1
   7.04006624               1
   7.05006647               1
   7.06006670               1
   7.07006693               1
   7.08006716               1
   7.09006739               1
   7.10006762               1
   7.11006784               1
   7.12006807               1
   7.13006830               1
   7.14006853               1
   7.15006876               1
   7.16006899               1
   7.17006922               1
   7.18006945               1
   7.19006968               1
   7.20006990               1
   7.21007013               1
   7.22007036               1
   7.23007059               1
   7.24007082               1
   7.25007105               1
   7.26007128               1
   7.27007151               1
   7.28007174               1
   7.29007196               1
   7.30007219               1
   7.31007242               1
   7.32007265               1
   7.33007288               1
   7.34007311               1
   7.35007334               1
   7.36007357               1
   7.37007380               1
   7.38007402               1
   7.39007425               1
   7.40007448               1
   7.41007471               1
   7.42007494               1
   7.43007517               1
   7.44007540               1
   7.45007563               1
   7.46007586               1
   7.47007608               1
   7.48007631               1
   7.49007654               1
   7.50007677               1
   7.51007700               1
   7.52007723               1
   7.53007746               1
   7.54007769               1
   7.55007792               1
   7.56007814               0
   7.57007837               0
   7.58007860               0
   7.59007883               0
   7.60007906               0
   7.61007929               0
   7.62007952               0
   7.63007975               0
   7.64007998               0
   7.65008020               0
   7.66008043               0
   7.67008066               0
   7.68008089               0
   7.69008112               0
   7.70008135               0
   7.71008158               0
   7.72008181               0
   7.73008204               0
   7.74008226               0
   7.75008249               0
   7.76008272               0
   7.77008295               0
   7.78008318               0
   7.79008341               0
   7.80008364               0
   7.81008387               0
   7.82008410               0
   7.83008432               0
   7.84008455               0
   7.85008478               0
   7.86008501               0
   7.87008524               0
   7.88008547               0
   7.89008570               0
   7.90008593               0
   7.91008615               0
   7.92008638               0
   7.93008661               0
   7.94008684               0
   7.95008707               0
   7.96008730               0
   7.97008753               0
   7.98008776               0
   7.99008799               0
   8.00008774               0
