   0.00000000             990
   9.99999978E-03         984
   1.99999996E-02         978
   2.99999993E-02         973
   3.99999991E-02         962
   4.99999970E-02         952
   5.99999949E-02         944
   6.99999928E-02         930
   7.99999908E-02         918
   8.99999887E-02         912
   9.99999866E-02         904
  0.109999985             894
  0.119999982             882
  0.129999980             869
  0.139999986             865
  0.149999991             855
  0.159999996             848
  0.170000002             840
  0.180000007             834
  0.190000013             823
  0.200000018             815
  0.210000023             806
  0.220000029             799
  0.230000034             793
  0.240000039             790
  0.250000030             787
  0.260000020             785
  0.270000011             777
  0.280000001             772
  0.289999992             763
  0.299999982             756
  0.309999973             749
  0.319999963             742
  0.329999954             734
  0.339999944             729
  0.349999934             717
  0.359999925             709
  0.369999915             703
  0.379999906             695
  0.389999896             685
  0.399999887             680
  0.409999877             672
  0.419999868             666
  0.429999858             655
  0.439999849             650
  0.449999839             645
  0.459999830             635
  0.469999820             629
  0.479999810             625
  0.489999801             621
  0.499999791             617
  0.509999812             613
  0.519999802             606
  0.529999793             601
  0.539999783             597
  0.549999774             591
  0.559999764             587
  0.569999754             578
  0.579999745             573
  0.589999735             566
  0.599999726             563
  0.609999716             557
  0.619999707             548
  0.629999697             538
  0.639999688             533
  0.649999678             530
  0.659999669             527
  0.669999659             524
  0.679999650             521
  0.689999640             511
  0.699999630             505
  0.709999621             499
  0.719999611             495
  0.729999602             489
  0.739999592             485
  0.749999583             480
  0.759999573             476
  0.769999564             469
  0.779999554             464
  0.789999545             458
  0.799999535             456
  0.809999526             449
  0.819999516             443
  0.829999506             443
  0.839999497             440
  0.849999487             439
  0.859999478             436
  0.869999468             433
  0.879999459             425
  0.889999449             423
  0.899999440             418
  0.909999430             412
  0.919999421             410
  0.929999411             405
  0.939999402             404
  0.949999392             401
  0.959999382             400
  0.969999373             399
  0.979999363             395
  0.989999354             390
  0.999999344             387
   1.00999939             373
   1.01999938             370
   1.02999938             367
   1.03999937             364
   1.04999936             362
   1.05999935             360
   1.06999934             355
   1.07999933             351
   1.08999932             346
   1.09999931             344
   1.10999930             337
   1.11999929             330
   1.12999928             327
   1.13999927             327
   1.14999926             320
   1.15999925             315
   1.16999924             313
   1.17999923             307
   1.18999922             306
   1.19999921             303
   1.20999920             299
   1.21999919             298
   1.22999918             292
   1.23999918             290
   1.24999917             288
   1.25999916             286
   1.26999915             286
   1.27999914             282
   1.28999913             279
   1.29999912             278
   1.30999911             272
   1.31999910             265
   1.32999909             262
   1.33999908             260
   1.34999907             259
   1.35999906             256
   1.36999905             253
   1.37999904             250
   1.38999903             249
   1.39999902             245
   1.40999901             242
   1.41999900             240
   1.42999899             235
   1.43999898             234
   1.44999897             232
   1.45999897             229
   1.46999896             225
   1.47999895             225
   1.48999894             221
   1.49999893             220
   1.50999892             219
   1.51999891             216
   1.52999890             215
   1.53999889             214
   1.54999888             214
   1.55999887             212
   1.56999886             207
   1.57999885             206
   1.58999884             204
   1.59999883             202
   1.60999882             198
   1.61999881             198
   1.62999880             196
   1.63999879             191
   1.64999878             190
   1.65999877             189
   1.66999876             187
   1.67999876             184
   1.68999875             182
   1.69999874             181
   1.70999873             179
   1.71999872             179
   1.72999871             177
   1.73999870             177
   1.74999869             176
   1.75999868             176
   1.76999867             176
   1.77999866             174
   1.78999865             171
   1.79999864             168
   1.80999863             164
   1.81999862             162
   1.82999861             159
   1.83999860             158
   1.84999859             156
   1.85999858             155
   1.86999857             153
   1.87999856             150
   1.88999856             150
   1.89999855             149
   1.90999854             147
   1.91999853             146
   1.92999852             146
   1.93999851             146
   1.94999850             143
   1.95999849             141
   1.96999848             141
   1.97999847             140
   1.98999846             140
   1.99999845             139
   2.00999856             137
   2.01999855             137
   2.02999854             135
   2.03999853             131
   2.04999852             129
   2.05999851             128
   2.06999850             126
   2.07999849             126
   2.08999848             122
   2.09999847             120
   2.10999846             119
   2.11999846             119
   2.12999845             119
   2.13999844             118
   2.14999843             116
   2.15999842             116
   2.16999841             114
   2.17999840             114
   2.18999839             111
   2.19999838             108
   2.20999837             105
   2.21999836             103
   2.22999835             103
   2.23999834             103
   2.24999833             102
   2.25999832             100
   2.26999831              99
   2.27999830              96
   2.28999829              96
   2.29999828              96
   2.30999827              93
   2.31999826              93
   2.32999825              91
   2.33999825              90
   2.34999824              90
   2.35999823              90
   2.36999822              89
   2.37999821              89
   2.38999820              88
   2.39999819              87
   2.40999818              86
   2.41999817              86
   2.42999816              85
   2.43999815              84
   2.44999814              83
   2.45999813              82
   2.46999812              82
   2.47999811              82
   2.48999810              81
   2.49999809              80
   2.50999808              79
   2.51999807              78
   2.52999806              78
   2.53999805              77
   2.54999804              76
   2.55999804              76
   2.56999803              76
   2.57999802              76
   2.58999801              76
   2.59999800              76
   2.60999799              76
   2.61999798              74
   2.62999797              73
   2.63999796              72
   2.64999795              70
   2.65999794              70
   2.66999793              70
   2.67999792              70
   2.68999791              70
   2.69999790              70
   2.70999789              70
   2.71999788              70
   2.72999787              70
   2.73999786              69
   2.74999785              68
   2.75999784              68
   2.76999784              65
   2.77999783              63
   2.78999782              63
   2.79999781              62
   2.80999780              60
   2.81999779              59
   2.82999778              58
   2.83999777              58
   2.84999776              56
   2.85999775              56
   2.86999774              55
   2.87999773              54
   2.88999772              53
   2.89999771              53
   2.90999770              53
   2.91999769              53
   2.92999768              53
   2.93999767              51
   2.94999766              50
   2.95999765              50
   2.96999764              49
   2.97999763              49
   2.98999763              48
   2.99999762              47
   3.00999761              47
   3.01999760              47
   3.02999759              47
   3.03999758              47
   3.04999757              45
   3.05999756              45
   3.06999755              45
   3.07999754              45
   3.08999753              44
   3.09999752              44
   3.10999751              42
   3.11999750              41
   3.12999749              41
   3.13999748              41
   3.14999747              41
   3.15999746              41
   3.16999745              41
   3.17999744              41
   3.18999743              41
   3.19999743              41
   3.20999742              40
   3.21999741              39
   3.22999740              38
   3.23999739              38
   3.24999738              38
   3.25999737              38
   3.26999736              38
   3.27999735              38
   3.28999734              38
   3.29999733              38
   3.30999732              38
   3.31999731              38
   3.32999730              38
   3.33999729              38
   3.34999728              38
   3.35999727              38
   3.36999726              38
   3.37999725              38
   3.38999724              38
   3.39999723              37
   3.40999722              36
   3.41999722              35
   3.42999721              35
   3.43999720              35
   3.44999719              33
   3.45999718              33
   3.46999717              33
   3.47999716              33
   3.48999715              33
   3.49999714              33
   3.50999713              31
   3.51999712              31
   3.52999711              31
   3.53999710              30
   3.54999709              30
   3.55999708              30
   3.56999707              30
   3.57999706              30
   3.58999705              30
   3.59999704              30
   3.60999703              30
   3.61999702              29
   3.62999701              29
   3.63999701              29
   3.64999700              28
   3.65999699              27
   3.66999698              27
   3.67999697              27
   3.68999696              27
   3.69999695              27
   3.70999694              27
   3.71999693              26
   3.72999692              26
   3.73999691              26
   3.74999690              26
   3.75999689              26
   3.76999688              26
   3.77999687              26
   3.78999686              26
   3.79999685              26
   3.80999684              26
   3.81999683              26
   3.82999682              26
   3.83999681              26
   3.84999681              26
   3.85999680              26
   3.86999679              26
   3.87999678              25
   3.88999677              25
   3.89999676              25
   3.90999675              25
   3.91999674              23
   3.92999673              23
   3.93999672              23
   3.94999671              22
   3.95999670              22
   3.96999669              22
   3.97999668              22
   3.98999667              22
   3.99999666              22
   4.00999689              22
   4.01999712              22
   4.02999735              22
   4.03999758              21
   4.04999781              21
   4.05999804              21
   4.06999826              20
   4.07999849              20
   4.08999872              20
   4.09999895              20
   4.10999918              20
   4.11999941              20
   4.12999964              20
   4.13999987              20
   4.15000010              20
   4.16000032              20
   4.17000055              20
   4.18000078              19
   4.19000101              19
   4.20000124              19
   4.21000147              19
   4.22000170              19
   4.23000193              19
   4.24000216              19
   4.25000238              19
   4.26000261              19
   4.27000284              18
   4.28000307              18
   4.29000330              17
   4.30000353              17
   4.31000376              17
   4.32000399              17
   4.33000422              17
   4.34000444              16
   4.35000467              16
   4.36000490              16
   4.37000513              16
   4.38000536              16
   4.39000559              16
   4.40000582              16
   4.41000605              16
   4.42000628              16
   4.43000650              16
   4.44000673              16
   4.45000696              15
   4.46000719              15
   4.47000742              15
   4.48000765              15
   4.49000788              14
   4.50000811              14
   4.51000834              14
   4.52000856              14
   4.53000879              14
   4.54000902              14
   4.55000925              14
   4.56000948              14
   4.57000971              13
   4.58000994              13
   4.59001017              13
   4.60001040              12
   4.61001062              12
   4.62001085              12
   4.63001108              12
   4.64001131              12
   4.65001154              12
   4.66001177              12
   4.67001200              10
   4.68001223              10
   4.69001245              10
   4.70001268              10
   4.71001291              10
   4.72001314              10
   4.73001337              10
   4.74001360               9
   4.75001383               9
   4.76001406               9
   4.77001429               9
   4.78001451               9
   4.79001474               9
   4.80001497               9
   4.81001520               9
   4.82001543               8
   4.83001566               8
   4.84001589               8
   4.85001612               8
   4.86001635               8
   4.87001657               8
   4.88001680               8
   4.89001703               8
   4.90001726               8
   4.91001749               7
   4.92001772               7
   4.93001795               7
   4.94001818               7
   4.95001841               6
   4.96001863               6
   4.97001886               6
   4.98001909               6
   4.99001932               6
   5.00001955               6
   5.01001978               6
   5.02002001               6
   5.03002024               6
   5.04002047               6
   5.05002069               6
   5.06002092               6
   5.07002115               6
   5.08002138               6
   5.09002161               6
   5.10002184               6
   5.11002207               6
   5.12002230               6
   5.13002253               6
   5.14002275               6
   5.15002298               6
   5.16002321               6
   5.17002344               6
   5.18002367               6
   5.19002390               6
   5.20002413               6
   5.21002436               6
   5.22002459               6
   5.23002481               6
   5.24002504               6
   5.25002527               6
   5.26002550               6
   5.27002573               6
   5.28002596               6
   5.29002619               6
   5.30002642               6
   5.31002665               6
   5.32002687               6
   5.33002710               6
   5.34002733               6
   5.35002756               6
   5.36002779               6
   5.37002802               5
   5.38002825               5
   5.39002848               5
   5.40002871               5
   5.41002893               5
   5.42002916               5
   5.43002939               5
   5.44002962               5
   5.45002985               5
   5.46003008               4
   5.47003031               4
   5.48003054               4
   5.49003077               4
   5.50003099               4
   5.51003122               3
   5.52003145               3
   5.53003168               3
   5.54003191               3
   5.55003214               3
   5.56003237               3
   5.57003260               3
   5.58003283               3
   5.59003305               3
   5.60003328               3
   5.61003351               3
   5.62003374               3
   5.63003397               3
   5.64003420               3
   5.65003443               3
   5.66003466               2
   5.67003489               2
   5.68003511               2
   5.69003534               2
   5.70003557               2
   5.71003580               2
   5.72003603               2
   5.73003626               2
   5.74003649               2
   5.75003672               2
   5.76003695               2
   5.77003717               2
   5.78003740               2
   5.79003763               2
   5.80003786               2
   5.81003809               2
   5.82003832               2
   5.83003855               2
   5.84003878               2
   5.85003901               2
   5.86003923               2
   5.87003946               2
   5.88003969               2
   5.89003992               2
   5.90004015               2
   5.91004038               2
   5.92004061               2
   5.93004084               2
   5.94004107               2
   5.95004129               2
   5.96004152               2
   5.97004175               2
   5.98004198               2
   5.99004221               2
   6.00004244               2
   6.01004267               2
   6.02004290               2
   6.03004313               2
   6.04004335               2
   6.05004358               2
   6.06004381               2
   6.07004404               2
   6.08004427               2
   6.09004450               2
   6.10004473               2
   6.11004496               2
   6.12004519               2
   6.13004541               2
   6.14004564               2
   6.15004587               2
   6.16004610               2
   6.17004633               2
   6.18004656               2
   6.19004679               2
   6.20004702               2
   6.21004725               2
   6.22004747               2
   6.23004770               2
   6.24004793               2
   6.25004816               2
   6.26004839               2
   6.27004862               2
   6.28004885               2
   6.29004908               2
   6.30004930               2
   6.31004953               2
   6.32004976               2
   6.33004999               2
   6.34005022               2
   6.35005045               2
   6.36005068               2
   6.37005091               2
   6.38005114               2
   6.39005136               2
   6.40005159               2
   6.41005182               2
   6.42005205               2
   6.43005228               2
   6.44005251               2
   6.45005274               2
   6.46005297               2
   6.47005320               2
   6.48005342               2
   6.49005365               2
   6.50005388               2
   6.51005411               2
   6.52005434               2
   6.53005457               2
   6.54005480               2
   6.55005503               2
   6.56005526               2
   6.57005548               2
   6.58005571               2
   6.59005594               2
   6.60005617               2
   6.61005640               2
   6.62005663               2
   6.63005686               2
   6.64005709               2
   6.65005732               2
   6.66005754               2
   6.67005777               2
   6.68005800               2
   6.69005823               2
   6.70005846               2
   6.71005869               2
   6.72005892               2
   6.73005915               2
   6.74005938               2
   6.75005960               2
   6.76005983               2
   6.77006006               2
   6.78006029               2
   6.79006052               2
   6.80006075               2
   6.81006098               2
   6.82006121               2
   6.83006144               2
   6.84006166               2
   6.85006189               2
   6.86006212               2
   6.87006235               2
   6.88006258               2
   6.89006281               2
   6.90006304               2
   6.91006327               2
   6.92006350               2
   6.93006372               2
   6.94006395               2
   6.95006418               2
   6.96006441               2
   6.97006464               2
   6.98006487               2
   6.99006510               2
   7.00006533               2
   7.01006556               2
   7.02006578               2
   7.03006601               2
   7.04006624               2
   7.05006647               2
   7.06006670               2
   7.07006693               2
   7.08006716               2
   7.09006739               2
   7.10006762               2
   7.11006784               2
   7.12006807               2
   7.13006830               2
   7.14006853               2
   7.15006876               2
   7.16006899               2
   7.17006922               2
   7.18006945               2
   7.19006968               2
   7.20006990               2
   7.21007013               2
   7.22007036               2
   7.23007059               2
   7.24007082               2
   7.25007105               2
   7.26007128               2
   7.27007151               2
   7.28007174               2
   7.29007196               2
   7.30007219               2
   7.31007242               2
   7.32007265               2
   7.33007288               2
   7.34007311               2
   7.35007334               2
   7.36007357               2
   7.37007380               2
   7.38007402               2
   7.39007425               2
   7.40007448               2
   7.41007471               2
   7.42007494               2
   7.43007517               1
   7.44007540               1
   7.45007563               1
   7.46007586               1
   7.47007608               1
   7.48007631               1
   7.49007654               1
   7.50007677               1
   7.51007700               1
   7.52007723               1
   7.53007746               1
   7.54007769               1
   7.55007792               1
   7.56007814               1
   7.57007837               1
   7.58007860               1
   7.59007883               1
   7.60007906               1
   7.61007929               1
   7.62007952               1
   7.63007975               1
   7.64007998               1
   7.65008020               1
   7.66008043               1
   7.67008066               1
   7.68008089               1
   7.69008112               1
   7.70008135               1
   7.71008158               1
   7.72008181               1
   7.73008204               1
   7.74008226               1
   7.75008249               1
   7.76008272               1
   7.77008295               1
   7.78008318               1
   7.79008341               1
   7.80008364               1
   7.81008387               1
   7.82008410               1
   7.83008432               1
   7.84008455               1
   7.85008478               1
   7.86008501               1
   7.87008524               1
   7.88008547               1
   7.89008570               1
   7.90008593               1
   7.91008615               1
   7.92008638               1
   7.93008661               1
   7.94008684               1
   7.95008707               1
   7.96008730               1
   7.97008753               1
   7.98008776               1
   7.99008799               1
   8.00008774               1
