   0.00000000             989
   9.99999978E-03         981
   1.99999996E-02         971
   2.99999993E-02         964
   3.99999991E-02         952
   4.99999970E-02         932
   5.99999949E-02         922
   6.99999928E-02         914
   7.99999908E-02         902
   8.99999887E-02         889
   9.99999866E-02         880
  0.109999985             868
  0.119999982             858
  0.129999980             849
  0.139999986             837
  0.149999991             831
  0.159999996             820
  0.170000002             813
  0.180000007             800
  0.190000013             795
  0.200000018             786
  0.210000023             775
  0.220000029             771
  0.230000034             759
  0.240000039             753
  0.250000030             751
  0.260000020             742
  0.270000011             730
  0.280000001             727
  0.289999992             719
  0.299999982             711
  0.309999973             701
  0.319999963             695
  0.329999954             691
  0.339999944             687
  0.349999934             677
  0.359999925             671
  0.369999915             667
  0.379999906             658
  0.389999896             654
  0.399999887             649
  0.409999877             639
  0.419999868             629
  0.429999858             621
  0.439999849             615
  0.449999839             606
  0.459999830             595
  0.469999820             591
  0.479999810             584
  0.489999801             577
  0.499999791             572
  0.509999812             566
  0.519999802             560
  0.529999793             553
  0.539999783             542
  0.549999774             534
  0.559999764             531
  0.569999754             525
  0.579999745             522
  0.589999735             516
  0.599999726             511
  0.609999716             506
  0.619999707             498
  0.629999697             491
  0.639999688             482
  0.649999678             475
  0.659999669             469
  0.669999659             465
  0.679999650             464
  0.689999640             458
  0.699999630             454
  0.709999621             449
  0.719999611             439
  0.729999602             433
  0.739999592             431
  0.749999583             427
  0.759999573             425
  0.769999564             422
  0.779999554             419
  0.789999545             415
  0.799999535             412
  0.809999526             405
  0.819999516             402
  0.829999506             397
  0.839999497             390
  0.849999487             388
  0.859999478             383
  0.869999468             381
  0.879999459             375
  0.889999449             374
  0.899999440             373
  0.909999430             369
  0.919999421             369
  0.929999411             362
  0.939999402             358
  0.949999392             357
  0.959999382             351
  0.969999373             347
  0.979999363             344
  0.989999354             341
  0.999999344             336
   1.00999939             333
   1.01999938             329
   1.02999938             327
   1.03999937             321
   1.04999936             320
   1.05999935             316
   1.06999934             309
   1.07999933             306
   1.08999932             304
   1.09999931             303
   1.10999930             299
   1.11999929             296
   1.12999928             296
   1.13999927             294
   1.14999926             291
   1.15999925             287
   1.16999924             284
   1.17999923             282
   1.18999922             280
   1.19999921             279
   1.20999920             277
   1.21999919             275
   1.22999918             272
   1.23999918             269
   1.24999917             268
   1.25999916             265
   1.26999915             260
   1.27999914             259
   1.28999913             256
   1.29999912             253
   1.30999911             249
   1.31999910             247
   1.32999909             244
   1.33999908             238
   1.34999907             236
   1.35999906             233
   1.36999905             231
   1.37999904             230
   1.38999903             228
   1.39999902             223
   1.40999901             220
   1.41999900             217
   1.42999899             215
   1.43999898             213
   1.44999897             211
   1.45999897             211
   1.46999896             210
   1.47999895             206
   1.48999894             206
   1.49999893             204
   1.50999892             201
   1.51999891             200
   1.52999890             196
   1.53999889             195
   1.54999888             193
   1.55999887             190
   1.56999886             189
   1.57999885             186
   1.58999884             184
   1.59999883             181
   1.60999882             180
   1.61999881             180
   1.62999880             180
   1.63999879             177
   1.64999878             176
   1.65999877             174
   1.66999876             172
   1.67999876             171
   1.68999875             169
   1.69999874             169
   1.70999873             169
   1.71999872             165
   1.72999871             163
   1.73999870             159
   1.74999869             158
   1.75999868             158
   1.76999867             157
   1.77999866             157
   1.78999865             156
   1.79999864             154
   1.80999863             151
   1.81999862             150
   1.82999861             149
   1.83999860             148
   1.84999859             147
   1.85999858             147
   1.86999857             147
   1.87999856             146
   1.88999856             146
   1.89999855             146
   1.90999854             145
   1.91999853             144
   1.92999852             144
   1.93999851             142
   1.94999850             139
   1.95999849             136
   1.96999848             135
   1.97999847             135
   1.98999846             133
   1.99999845             133
   2.00999856             131
   2.01999855             130
   2.02999854             129
   2.03999853             129
   2.04999852             128
   2.05999851             128
   2.06999850             127
   2.07999849             126
   2.08999848             123
   2.09999847             120
   2.10999846             120
   2.11999846             119
   2.12999845             119
   2.13999844             119
   2.14999843             119
   2.15999842             119
   2.16999841             118
   2.17999840             118
   2.18999839             117
   2.19999838             114
   2.20999837             113
   2.21999836             112
   2.22999835             108
   2.23999834             103
   2.24999833             103
   2.25999832             102
   2.26999831             101
   2.27999830             101
   2.28999829             100
   2.29999828              98
   2.30999827              96
   2.31999826              95
   2.32999825              93
   2.33999825              92
   2.34999824              92
   2.35999823              90
   2.36999822              90
   2.37999821              90
   2.38999820              90
   2.39999819              90
   2.40999818              90
   2.41999817              89
   2.42999816              87
   2.43999815              86
   2.44999814              86
   2.45999813              84
   2.46999812              84
   2.47999811              82
   2.48999810              81
   2.49999809              81
   2.50999808              80
   2.51999807              79
   2.52999806              78
   2.53999805              77
   2.54999804              77
   2.55999804              76
   2.56999803              76
   2.57999802              75
   2.58999801              74
   2.59999800              72
   2.60999799              71
   2.61999798              69
   2.62999797              69
   2.63999796              69
   2.64999795              67
   2.65999794              65
   2.66999793              63
   2.67999792              62
   2.68999791              61
   2.69999790              60
   2.70999789              60
   2.71999788              60
   2.72999787              59
   2.73999786              59
   2.74999785              59
   2.75999784              58
   2.76999784              58
   2.77999783              57
   2.78999782              57
   2.79999781              56
   2.80999780              55
   2.81999779              55
   2.82999778              54
   2.83999777              54
   2.84999776              54
   2.85999775              53
   2.86999774              52
   2.87999773              50
   2.88999772              50
   2.89999771              50
   2.90999770              50
   2.91999769              50
   2.92999768              50
   2.93999767              50
   2.94999766              49
   2.95999765              49
   2.96999764              48
   2.97999763              47
   2.98999763              46
   2.99999762              46
   3.00999761              44
   3.01999760              44
   3.02999759              44
   3.03999758              43
   3.04999757              42
   3.05999756              42
   3.06999755              42
   3.07999754              41
   3.08999753              41
   3.09999752              41
   3.10999751              39
   3.11999750              39
   3.12999749              39
   3.13999748              39
   3.14999747              39
   3.15999746              39
   3.16999745              38
   3.17999744              38
   3.18999743              37
   3.19999743              37
   3.20999742              35
   3.21999741              34
   3.22999740              34
   3.23999739              34
   3.24999738              34
   3.25999737              34
   3.26999736              34
   3.27999735              34
   3.28999734              34
   3.29999733              32
   3.30999732              32
   3.31999731              32
   3.32999730              32
   3.33999729              32
   3.34999728              32
   3.35999727              32
   3.36999726              32
   3.37999725              32
   3.38999724              32
   3.39999723              32
   3.40999722              31
   3.41999722              31
   3.42999721              31
   3.43999720              31
   3.44999719              30
   3.45999718              30
   3.46999717              30
   3.47999716              30
   3.48999715              30
   3.49999714              30
   3.50999713              30
   3.51999712              30
   3.52999711              30
   3.53999710              29
   3.54999709              29
   3.55999708              29
   3.56999707              29
   3.57999706              29
   3.58999705              29
   3.59999704              28
   3.60999703              28
   3.61999702              28
   3.62999701              28
   3.63999701              28
   3.64999700              28
   3.65999699              28
   3.66999698              28
   3.67999697              28
   3.68999696              28
   3.69999695              27
   3.70999694              26
   3.71999693              25
   3.72999692              25
   3.73999691              25
   3.74999690              25
   3.75999689              24
   3.76999688              24
   3.77999687              24
   3.78999686              23
   3.79999685              23
   3.80999684              23
   3.81999683              23
   3.82999682              23
   3.83999681              23
   3.84999681              22
   3.85999680              21
   3.86999679              21
   3.87999678              21
   3.88999677              21
   3.89999676              21
   3.90999675              21
   3.91999674              21
   3.92999673              21
   3.93999672              21
   3.94999671              21
   3.95999670              21
   3.96999669              20
   3.97999668              20
   3.98999667              19
   3.99999666              19
   4.00999689              19
   4.01999712              19
   4.02999735              19
   4.03999758              19
   4.04999781              19
   4.05999804              19
   4.06999826              19
   4.07999849              19
   4.08999872              19
   4.09999895              18
   4.10999918              17
   4.11999941              17
   4.12999964              16
   4.13999987              16
   4.15000010              16
   4.16000032              16
   4.17000055              16
   4.18000078              16
   4.19000101              16
   4.20000124              16
   4.21000147              16
   4.22000170              16
   4.23000193              16
   4.24000216              16
   4.25000238              15
   4.26000261              15
   4.27000284              15
   4.28000307              15
   4.29000330              14
   4.30000353              14
   4.31000376              14
   4.32000399              14
   4.33000422              14
   4.34000444              13
   4.35000467              13
   4.36000490              13
   4.37000513              12
   4.38000536              11
   4.39000559              11
   4.40000582              11
   4.41000605              11
   4.42000628              11
   4.43000650              11
   4.44000673              11
   4.45000696              11
   4.46000719              10
   4.47000742              10
   4.48000765              10
   4.49000788              10
   4.50000811               9
   4.51000834               9
   4.52000856               9
   4.53000879               9
   4.54000902               9
   4.55000925               9
   4.56000948               9
   4.57000971               9
   4.58000994               9
   4.59001017               9
   4.60001040               8
   4.61001062               8
   4.62001085               8
   4.63001108               8
   4.64001131               8
   4.65001154               8
   4.66001177               8
   4.67001200               8
   4.68001223               8
   4.69001245               7
   4.70001268               7
   4.71001291               7
   4.72001314               7
   4.73001337               7
   4.74001360               7
   4.75001383               7
   4.76001406               7
   4.77001429               7
   4.78001451               7
   4.79001474               7
   4.80001497               7
   4.81001520               7
   4.82001543               7
   4.83001566               6
   4.84001589               6
   4.85001612               6
   4.86001635               6
   4.87001657               6
   4.88001680               6
   4.89001703               6
   4.90001726               6
   4.91001749               6
   4.92001772               6
   4.93001795               6
   4.94001818               6
   4.95001841               6
   4.96001863               6
   4.97001886               6
   4.98001909               6
   4.99001932               6
   5.00001955               5
   5.01001978               5
   5.02002001               5
   5.03002024               5
   5.04002047               5
   5.05002069               5
   5.06002092               5
   5.07002115               5
   5.08002138               5
   5.09002161               5
   5.10002184               5
   5.11002207               5
   5.12002230               5
   5.13002253               5
   5.14002275               5
   5.15002298               4
   5.16002321               4
   5.17002344               4
   5.18002367               4
   5.19002390               4
   5.20002413               4
   5.21002436               4
   5.22002459               4
   5.23002481               4
   5.24002504               4
   5.25002527               4
   5.26002550               4
   5.27002573               4
   5.28002596               4
   5.29002619               4
   5.30002642               3
   5.31002665               3
   5.32002687               3
   5.33002710               3
   5.34002733               2
   5.35002756               2
   5.36002779               2
   5.37002802               2
   5.38002825               2
   5.39002848               2
   5.40002871               2
   5.41002893               2
   5.42002916               2
   5.43002939               2
   5.44002962               2
   5.45002985               2
   5.46003008               2
   5.47003031               2
   5.48003054               2
   5.49003077               2
   5.50003099               2
   5.51003122               2
   5.52003145               2
   5.53003168               2
   5.54003191               2
   5.55003214               2
   5.56003237               1
   5.57003260               1
   5.58003283               1
   5.59003305               1
   5.60003328               1
   5.61003351               1
   5.62003374               1
   5.63003397               1
   5.64003420               1
   5.65003443               1
   5.66003466               1
   5.67003489               1
   5.68003511               1
   5.69003534               1
   5.70003557               1
   5.71003580               1
   5.72003603               1
   5.73003626               1
   5.74003649               1
   5.75003672               1
   5.76003695               1
   5.77003717               1
   5.78003740               1
   5.79003763               1
   5.80003786               1
   5.81003809               1
   5.82003832               1
   5.83003855               1
   5.84003878               1
   5.85003901               1
   5.86003923               1
   5.87003946               1
   5.88003969               1
   5.89003992               1
   5.90004015               1
   5.91004038               1
   5.92004061               1
   5.93004084               1
   5.94004107               1
   5.95004129               1
   5.96004152               1
   5.97004175               1
   5.98004198               1
   5.99004221               1
   6.00004244               1
   6.01004267               1
   6.02004290               1
   6.03004313               1
   6.04004335               1
   6.05004358               1
   6.06004381               1
   6.07004404               1
   6.08004427               1
   6.09004450               1
   6.10004473               1
   6.11004496               1
   6.12004519               1
   6.13004541               1
   6.14004564               1
   6.15004587               1
   6.16004610               1
   6.17004633               1
   6.18004656               1
   6.19004679               1
   6.20004702               1
   6.21004725               1
   6.22004747               1
   6.23004770               1
   6.24004793               1
   6.25004816               1
   6.26004839               1
   6.27004862               1
   6.28004885               0
   6.29004908               0
   6.30004930               0
   6.31004953               0
   6.32004976               0
   6.33004999               0
   6.34005022               0
   6.35005045               0
   6.36005068               0
   6.37005091               0
   6.38005114               0
   6.39005136               0
   6.40005159               0
   6.41005182               0
   6.42005205               0
   6.43005228               0
   6.44005251               0
   6.45005274               0
   6.46005297               0
   6.47005320               0
   6.48005342               0
   6.49005365               0
   6.50005388               0
   6.51005411               0
   6.52005434               0
   6.53005457               0
   6.54005480               0
   6.55005503               0
   6.56005526               0
   6.57005548               0
   6.58005571               0
   6.59005594               0
   6.60005617               0
   6.61005640               0
   6.62005663               0
   6.63005686               0
   6.64005709               0
   6.65005732               0
   6.66005754               0
   6.67005777               0
   6.68005800               0
   6.69005823               0
   6.70005846               0
   6.71005869               0
   6.72005892               0
   6.73005915               0
   6.74005938               0
   6.75005960               0
   6.76005983               0
   6.77006006               0
   6.78006029               0
   6.79006052               0
   6.80006075               0
   6.81006098               0
   6.82006121               0
   6.83006144               0
   6.84006166               0
   6.85006189               0
   6.86006212               0
   6.87006235               0
   6.88006258               0
   6.89006281               0
   6.90006304               0
   6.91006327               0
   6.92006350               0
   6.93006372               0
   6.94006395               0
   6.95006418               0
   6.96006441               0
   6.97006464               0
   6.98006487               0
   6.99006510               0
   7.00006533               0
   7.01006556               0
   7.02006578               0
   7.03006601               0
   7.04006624               0
   7.05006647               0
   7.06006670               0
   7.07006693               0
   7.08006716               0
   7.09006739               0
   7.10006762               0
   7.11006784               0
   7.12006807               0
   7.13006830               0
   7.14006853               0
   7.15006876               0
   7.16006899               0
   7.17006922               0
   7.18006945               0
   7.19006968               0
   7.20006990               0
   7.21007013               0
   7.22007036               0
   7.23007059               0
   7.24007082               0
   7.25007105               0
   7.26007128               0
   7.27007151               0
   7.28007174               0
   7.29007196               0
   7.30007219               0
   7.31007242               0
   7.32007265               0
   7.33007288               0
   7.34007311               0
   7.35007334               0
   7.36007357               0
   7.37007380               0
   7.38007402               0
   7.39007425               0
   7.40007448               0
   7.41007471               0
   7.42007494               0
   7.43007517               0
   7.44007540               0
   7.45007563               0
   7.46007586               0
   7.47007608               0
   7.48007631               0
   7.49007654               0
   7.50007677               0
   7.51007700               0
   7.52007723               0
   7.53007746               0
   7.54007769               0
   7.55007792               0
   7.56007814               0
   7.57007837               0
   7.58007860               0
   7.59007883               0
   7.60007906               0
   7.61007929               0
   7.62007952               0
   7.63007975               0
   7.64007998               0
   7.65008020               0
   7.66008043               0
   7.67008066               0
   7.68008089               0
   7.69008112               0
   7.70008135               0
   7.71008158               0
   7.72008181               0
   7.73008204               0
   7.74008226               0
   7.75008249               0
   7.76008272               0
   7.77008295               0
   7.78008318               0
   7.79008341               0
   7.80008364               0
   7.81008387               0
   7.82008410               0
   7.83008432               0
   7.84008455               0
   7.85008478               0
   7.86008501               0
   7.87008524               0
   7.88008547               0
   7.89008570               0
   7.90008593               0
   7.91008615               0
   7.92008638               0
   7.93008661               0
   7.94008684               0
   7.95008707               0
   7.96008730               0
   7.97008753               0
   7.98008776               0
   7.99008799               0
   8.00008774               0
