   0.00000000             994
   9.99999978E-03         981
   1.99999996E-02         975
   2.99999993E-02         964
   3.99999991E-02         958
   4.99999970E-02         948
   5.99999949E-02         934
   6.99999928E-02         926
   7.99999908E-02         914
   8.99999887E-02         902
   9.99999866E-02         893
  0.109999985             883
  0.119999982             876
  0.129999980             865
  0.139999986             857
  0.149999991             850
  0.159999996             843
  0.170000002             832
  0.180000007             825
  0.190000013             818
  0.200000018             810
  0.210000023             803
  0.220000029             793
  0.230000034             789
  0.240000039             785
  0.250000030             775
  0.260000020             773
  0.270000011             761
  0.280000001             756
  0.289999992             743
  0.299999982             739
  0.309999973             728
  0.319999963             716
  0.329999954             710
  0.339999944             700
  0.349999934             690
  0.359999925             678
  0.369999915             668
  0.379999906             666
  0.389999896             663
  0.399999887             657
  0.409999877             651
  0.419999868             647
  0.429999858             642
  0.439999849             633
  0.449999839             627
  0.459999830             620
  0.469999820             614
  0.479999810             608
  0.489999801             604
  0.499999791             599
  0.509999812             593
  0.519999802             590
  0.529999793             586
  0.539999783             584
  0.549999774             575
  0.559999764             563
  0.569999754             557
  0.579999745             557
  0.589999735             549
  0.599999726             542
  0.609999716             536
  0.619999707             529
  0.629999697             525
  0.639999688             522
  0.649999678             513
  0.659999669             508
  0.669999659             504
  0.679999650             498
  0.689999640             496
  0.699999630             489
  0.709999621             486
  0.719999611             480
  0.729999602             478
  0.739999592             472
  0.749999583             469
  0.759999573             467
  0.769999564             463
  0.779999554             460
  0.789999545             457
  0.799999535             453
  0.809999526             445
  0.819999516             441
  0.829999506             436
  0.839999497             428
  0.849999487             421
  0.859999478             418
  0.869999468             414
  0.879999459             409
  0.889999449             404
  0.899999440             402
  0.909999430             395
  0.919999421             391
  0.929999411             389
  0.939999402             385
  0.949999392             378
  0.959999382             373
  0.969999373             365
  0.979999363             363
  0.989999354             362
  0.999999344             356
   1.00999939             356
   1.01999938             350
   1.02999938             346
   1.03999937             344
   1.04999936             340
   1.05999935             338
   1.06999934             333
   1.07999933             330
   1.08999932             325
   1.09999931             324
   1.10999930             321
   1.11999929             315
   1.12999928             311
   1.13999927             310
   1.14999926             307
   1.15999925             305
   1.16999924             301
   1.17999923             296
   1.18999922             293
   1.19999921             289
   1.20999920             286
   1.21999919             284
   1.22999918             281
   1.23999918             280
   1.24999917             277
   1.25999916             276
   1.26999915             275
   1.27999914             272
   1.28999913             271
   1.29999912             267
   1.30999911             263
   1.31999910             262
   1.32999909             259
   1.33999908             254
   1.34999907             250
   1.35999906             248
   1.36999905             248
   1.37999904             245
   1.38999903             245
   1.39999902             243
   1.40999901             239
   1.41999900             236
   1.42999899             235
   1.43999898             234
   1.44999897             233
   1.45999897             229
   1.46999896             227
   1.47999895             227
   1.48999894             224
   1.49999893             223
   1.50999892             222
   1.51999891             221
   1.52999890             216
   1.53999889             215
   1.54999888             213
   1.55999887             211
   1.56999886             211
   1.57999885             209
   1.58999884             208
   1.59999883             203
   1.60999882             202
   1.61999881             200
   1.62999880             200
   1.63999879             198
   1.64999878             198
   1.65999877             197
   1.66999876             197
   1.67999876             197
   1.68999875             194
   1.69999874             194
   1.70999873             192
   1.71999872             191
   1.72999871             190
   1.73999870             188
   1.74999869             187
   1.75999868             185
   1.76999867             183
   1.77999866             179
   1.78999865             177
   1.79999864             175
   1.80999863             173
   1.81999862             172
   1.82999861             171
   1.83999860             168
   1.84999859             166
   1.85999858             165
   1.86999857             165
   1.87999856             164
   1.88999856             163
   1.89999855             162
   1.90999854             162
   1.91999853             160
   1.92999852             160
   1.93999851             157
   1.94999850             155
   1.95999849             152
   1.96999848             149
   1.97999847             147
   1.98999846             147
   1.99999845             144
   2.00999856             141
   2.01999855             139
   2.02999854             138
   2.03999853             137
   2.04999852             135
   2.05999851             135
   2.06999850             133
   2.07999849             131
   2.08999848             130
   2.09999847             129
   2.10999846             128
   2.11999846             127
   2.12999845             125
   2.13999844             125
   2.14999843             122
   2.15999842             121
   2.16999841             121
   2.17999840             119
   2.18999839             118
   2.19999838             116
   2.20999837             116
   2.21999836             115
   2.22999835             114
   2.23999834             113
   2.24999833             113
   2.25999832             112
   2.26999831             110
   2.27999830             109
   2.28999829             109
   2.29999828             106
   2.30999827             105
   2.31999826             105
   2.32999825             105
   2.33999825             105
   2.34999824             104
   2.35999823             102
   2.36999822             100
   2.37999821             100
   2.38999820             100
   2.39999819              97
   2.40999818              95
   2.41999817              95
   2.42999816              94
   2.43999815              94
   2.44999814              93
   2.45999813              93
   2.46999812              93
   2.47999811              92
   2.48999810              91
   2.49999809              89
   2.50999808              86
   2.51999807              85
   2.52999806              84
   2.53999805              83
   2.54999804              80
   2.55999804              80
   2.56999803              79
   2.57999802              79
   2.58999801              79
   2.59999800              78
   2.60999799              78
   2.61999798              76
   2.62999797              75
   2.63999796              74
   2.64999795              72
   2.65999794              71
   2.66999793              70
   2.67999792              70
   2.68999791              69
   2.69999790              69
   2.70999789              67
   2.71999788              67
   2.72999787              67
   2.73999786              67
   2.74999785              67
   2.75999784              65
   2.76999784              65
   2.77999783              64
   2.78999782              64
   2.79999781              62
   2.80999780              62
   2.81999779              61
   2.82999778              61
   2.83999777              60
   2.84999776              59
   2.85999775              57
   2.86999774              54
   2.87999773              54
   2.88999772              53
   2.89999771              52
   2.90999770              52
   2.91999769              51
   2.92999768              49
   2.93999767              49
   2.94999766              49
   2.95999765              49
   2.96999764              47
   2.97999763              46
   2.98999763              46
   2.99999762              46
   3.00999761              45
   3.01999760              45
   3.02999759              45
   3.03999758              45
   3.04999757              45
   3.05999756              45
   3.06999755              44
   3.07999754              43
   3.08999753              43
   3.09999752              43
   3.10999751              42
   3.11999750              41
   3.12999749              41
   3.13999748              39
   3.14999747              39
   3.15999746              39
   3.16999745              39
   3.17999744              39
   3.18999743              39
   3.19999743              39
   3.20999742              39
   3.21999741              39
   3.22999740              39
   3.23999739              39
   3.24999738              39
   3.25999737              39
   3.26999736              39
   3.27999735              38
   3.28999734              38
   3.29999733              36
   3.30999732              35
   3.31999731              35
   3.32999730              35
   3.33999729              35
   3.34999728              34
   3.35999727              34
   3.36999726              31
   3.37999725              31
   3.38999724              31
   3.39999723              31
   3.40999722              31
   3.41999722              31
   3.42999721              31
   3.43999720              31
   3.44999719              31
   3.45999718              31
   3.46999717              29
   3.47999716              29
   3.48999715              28
   3.49999714              28
   3.50999713              28
   3.51999712              28
   3.52999711              28
   3.53999710              28
   3.54999709              27
   3.55999708              27
   3.56999707              27
   3.57999706              26
   3.58999705              26
   3.59999704              26
   3.60999703              26
   3.61999702              26
   3.62999701              25
   3.63999701              25
   3.64999700              25
   3.65999699              25
   3.66999698              25
   3.67999697              25
   3.68999696              24
   3.69999695              23
   3.70999694              23
   3.71999693              23
   3.72999692              23
   3.73999691              23
   3.74999690              23
   3.75999689              23
   3.76999688              23
   3.77999687              23
   3.78999686              23
   3.79999685              23
   3.80999684              23
   3.81999683              23
   3.82999682              23
   3.83999681              23
   3.84999681              23
   3.85999680              23
   3.86999679              22
   3.87999678              22
   3.88999677              22
   3.89999676              22
   3.90999675              22
   3.91999674              21
   3.92999673              21
   3.93999672              21
   3.94999671              21
   3.95999670              21
   3.96999669              21
   3.97999668              21
   3.98999667              21
   3.99999666              21
   4.00999689              21
   4.01999712              21
   4.02999735              20
   4.03999758              20
   4.04999781              19
   4.05999804              19
   4.06999826              19
   4.07999849              19
   4.08999872              19
   4.09999895              19
   4.10999918              18
   4.11999941              18
   4.12999964              18
   4.13999987              18
   4.15000010              18
   4.16000032              18
   4.17000055              18
   4.18000078              18
   4.19000101              18
   4.20000124              18
   4.21000147              17
   4.22000170              17
   4.23000193              17
   4.24000216              17
   4.25000238              17
   4.26000261              15
   4.27000284              14
   4.28000307              14
   4.29000330              14
   4.30000353              14
   4.31000376              14
   4.32000399              14
   4.33000422              14
   4.34000444              14
   4.35000467              14
   4.36000490              14
   4.37000513              14
   4.38000536              14
   4.39000559              14
   4.40000582              14
   4.41000605              14
   4.42000628              14
   4.43000650              14
   4.44000673              13
   4.45000696              13
   4.46000719              12
   4.47000742              12
   4.48000765              12
   4.49000788              12
   4.50000811              12
   4.51000834              12
   4.52000856              12
   4.53000879              12
   4.54000902              11
   4.55000925              11
   4.56000948              11
   4.57000971              11
   4.58000994              11
   4.59001017              10
   4.60001040              10
   4.61001062              10
   4.62001085              10
   4.63001108              10
   4.64001131              10
   4.65001154               9
   4.66001177               9
   4.67001200               8
   4.68001223               8
   4.69001245               8
   4.70001268               8
   4.71001291               8
   4.72001314               8
   4.73001337               7
   4.74001360               7
   4.75001383               7
   4.76001406               7
   4.77001429               7
   4.78001451               7
   4.79001474               7
   4.80001497               6
   4.81001520               5
   4.82001543               5
   4.83001566               5
   4.84001589               5
   4.85001612               5
   4.86001635               5
   4.87001657               5
   4.88001680               5
   4.89001703               5
   4.90001726               5
   4.91001749               5
   4.92001772               5
   4.93001795               5
   4.94001818               5
   4.95001841               5
   4.96001863               5
   4.97001886               5
   4.98001909               5
   4.99001932               5
   5.00001955               5
   5.01001978               4
   5.02002001               4
   5.03002024               4
   5.04002047               4
   5.05002069               4
   5.06002092               4
   5.07002115               4
   5.08002138               4
   5.09002161               4
   5.10002184               4
   5.11002207               4
   5.12002230               4
   5.13002253               4
   5.14002275               4
   5.15002298               4
   5.16002321               4
   5.17002344               4
   5.18002367               4
   5.19002390               4
   5.20002413               4
   5.21002436               4
   5.22002459               4
   5.23002481               4
   5.24002504               4
   5.25002527               4
   5.26002550               4
   5.27002573               4
   5.28002596               4
   5.29002619               4
   5.30002642               4
   5.31002665               4
   5.32002687               4
   5.33002710               4
   5.34002733               4
   5.35002756               4
   5.36002779               4
   5.37002802               4
   5.38002825               4
   5.39002848               4
   5.40002871               4
   5.41002893               4
   5.42002916               4
   5.43002939               4
   5.44002962               4
   5.45002985               4
   5.46003008               4
   5.47003031               4
   5.48003054               4
   5.49003077               4
   5.50003099               4
   5.51003122               4
   5.52003145               4
   5.53003168               4
   5.54003191               4
   5.55003214               3
   5.56003237               3
   5.57003260               3
   5.58003283               3
   5.59003305               3
   5.60003328               3
   5.61003351               3
   5.62003374               3
   5.63003397               3
   5.64003420               3
   5.65003443               3
   5.66003466               3
   5.67003489               3
   5.68003511               3
   5.69003534               3
   5.70003557               3
   5.71003580               3
   5.72003603               3
   5.73003626               3
   5.74003649               3
   5.75003672               3
   5.76003695               3
   5.77003717               3
   5.78003740               3
   5.79003763               3
   5.80003786               3
   5.81003809               3
   5.82003832               3
   5.83003855               3
   5.84003878               3
   5.85003901               3
   5.86003923               3
   5.87003946               3
   5.88003969               3
   5.89003992               3
   5.90004015               3
   5.91004038               3
   5.92004061               3
   5.93004084               3
   5.94004107               3
   5.95004129               3
   5.96004152               3
   5.97004175               3
   5.98004198               3
   5.99004221               3
   6.00004244               3
   6.01004267               3
   6.02004290               3
   6.03004313               3
   6.04004335               3
   6.05004358               3
   6.06004381               3
   6.07004404               3
   6.08004427               3
   6.09004450               3
   6.10004473               3
   6.11004496               3
   6.12004519               3
   6.13004541               3
   6.14004564               3
   6.15004587               3
   6.16004610               3
   6.17004633               3
   6.18004656               3
   6.19004679               3
   6.20004702               3
   6.21004725               3
   6.22004747               3
   6.23004770               3
   6.24004793               3
   6.25004816               3
   6.26004839               3
   6.27004862               3
   6.28004885               3
   6.29004908               3
   6.30004930               3
   6.31004953               3
   6.32004976               3
   6.33004999               3
   6.34005022               3
   6.35005045               3
   6.36005068               3
   6.37005091               3
   6.38005114               3
   6.39005136               2
   6.40005159               2
   6.41005182               2
   6.42005205               2
   6.43005228               2
   6.44005251               2
   6.45005274               2
   6.46005297               2
   6.47005320               2
   6.48005342               2
   6.49005365               2
   6.50005388               2
   6.51005411               2
   6.52005434               2
   6.53005457               2
   6.54005480               2
   6.55005503               2
   6.56005526               2
   6.57005548               2
   6.58005571               2
   6.59005594               2
   6.60005617               2
   6.61005640               2
   6.62005663               2
   6.63005686               2
   6.64005709               1
   6.65005732               1
   6.66005754               1
   6.67005777               1
   6.68005800               1
   6.69005823               1
   6.70005846               1
   6.71005869               1
   6.72005892               1
   6.73005915               1
   6.74005938               1
   6.75005960               1
   6.76005983               1
   6.77006006               1
   6.78006029               1
   6.79006052               1
   6.80006075               1
   6.81006098               1
   6.82006121               1
   6.83006144               1
   6.84006166               1
   6.85006189               1
   6.86006212               1
   6.87006235               1
   6.88006258               1
   6.89006281               1
   6.90006304               1
   6.91006327               1
   6.92006350               1
   6.93006372               1
   6.94006395               1
   6.95006418               1
   6.96006441               1
   6.97006464               1
   6.98006487               1
   6.99006510               1
   7.00006533               1
   7.01006556               1
   7.02006578               0
   7.03006601               0
   7.04006624               0
   7.05006647               0
   7.06006670               0
   7.07006693               0
   7.08006716               0
   7.09006739               0
   7.10006762               0
   7.11006784               0
   7.12006807               0
   7.13006830               0
   7.14006853               0
   7.15006876               0
   7.16006899               0
   7.17006922               0
   7.18006945               0
   7.19006968               0
   7.20006990               0
   7.21007013               0
   7.22007036               0
   7.23007059               0
   7.24007082               0
   7.25007105               0
   7.26007128               0
   7.27007151               0
   7.28007174               0
   7.29007196               0
   7.30007219               0
   7.31007242               0
   7.32007265               0
   7.33007288               0
   7.34007311               0
   7.35007334               0
   7.36007357               0
   7.37007380               0
   7.38007402               0
   7.39007425               0
   7.40007448               0
   7.41007471               0
   7.42007494               0
   7.43007517               0
   7.44007540               0
   7.45007563               0
   7.46007586               0
   7.47007608               0
   7.48007631               0
   7.49007654               0
   7.50007677               0
   7.51007700               0
   7.52007723               0
   7.53007746               0
   7.54007769               0
   7.55007792               0
   7.56007814               0
   7.57007837               0
   7.58007860               0
   7.59007883               0
   7.60007906               0
   7.61007929               0
   7.62007952               0
   7.63007975               0
   7.64007998               0
   7.65008020               0
   7.66008043               0
   7.67008066               0
   7.68008089               0
   7.69008112               0
   7.70008135               0
   7.71008158               0
   7.72008181               0
   7.73008204               0
   7.74008226               0
   7.75008249               0
   7.76008272               0
   7.77008295               0
   7.78008318               0
   7.79008341               0
   7.80008364               0
   7.81008387               0
   7.82008410               0
   7.83008432               0
   7.84008455               0
   7.85008478               0
   7.86008501               0
   7.87008524               0
   7.88008547               0
   7.89008570               0
   7.90008593               0
   7.91008615               0
   7.92008638               0
   7.93008661               0
   7.94008684               0
   7.95008707               0
   7.96008730               0
   7.97008753               0
   7.98008776               0
   7.99008799               0
   8.00008774               0
