   0.00000000             989
   9.99999978E-03         979
   1.99999996E-02         970
   2.99999993E-02         961
   3.99999991E-02         951
   4.99999970E-02         942
   5.99999949E-02         934
   6.99999928E-02         927
   7.99999908E-02         920
   8.99999887E-02         911
   9.99999866E-02         903
  0.109999985             892
  0.119999982             881
  0.129999980             871
  0.139999986             862
  0.149999991             855
  0.159999996             848
  0.170000002             842
  0.180000007             830
  0.190000013             821
  0.200000018             812
  0.210000023             800
  0.220000029             791
  0.230000034             784
  0.240000039             780
  0.250000030             765
  0.260000020             751
  0.270000011             741
  0.280000001             728
  0.289999992             718
  0.299999982             709
  0.309999973             701
  0.319999963             695
  0.329999954             686
  0.339999944             680
  0.349999934             673
  0.359999925             668
  0.369999915             660
  0.379999906             651
  0.389999896             644
  0.399999887             641
  0.409999877             634
  0.419999868             622
  0.429999858             615
  0.439999849             608
  0.449999839             599
  0.459999830             592
  0.469999820             586
  0.479999810             583
  0.489999801             577
  0.499999791             572
  0.509999812             568
  0.519999802             562
  0.529999793             555
  0.539999783             552
  0.549999774             544
  0.559999764             537
  0.569999754             535
  0.579999745             532
  0.589999735             525
  0.599999726             521
  0.609999716             513
  0.619999707             511
  0.629999697             507
  0.639999688             503
  0.649999678             498
  0.659999669             490
  0.669999659             483
  0.679999650             477
  0.689999640             470
  0.699999630             468
  0.709999621             462
  0.719999611             457
  0.729999602             452
  0.739999592             442
  0.749999583             437
  0.759999573             431
  0.769999564             425
  0.779999554             421
  0.789999545             418
  0.799999535             414
  0.809999526             413
  0.819999516             405
  0.829999506             402
  0.839999497             397
  0.849999487             391
  0.859999478             387
  0.869999468             386
  0.879999459             381
  0.889999449             377
  0.899999440             375
  0.909999430             373
  0.919999421             371
  0.929999411             368
  0.939999402             362
  0.949999392             361
  0.959999382             353
  0.969999373             348
  0.979999363             345
  0.989999354             341
  0.999999344             337
   1.00999939             335
   1.01999938             332
   1.02999938             329
   1.03999937             323
   1.04999936             319
   1.05999935             318
   1.06999934             314
   1.07999933             307
   1.08999932             305
   1.09999931             303
   1.10999930             301
   1.11999929             298
   1.12999928             296
   1.13999927             293
   1.14999926             289
   1.15999925             285
   1.16999924             280
   1.17999923             276
   1.18999922             271
   1.19999921             267
   1.20999920             267
   1.21999919             266
   1.22999918             262
   1.23999918             257
   1.24999917             254
   1.25999916             251
   1.26999915             247
   1.27999914             246
   1.28999913             244
   1.29999912             239
   1.30999911             235
   1.31999910             234
   1.32999909             233
   1.33999908             230
   1.34999907             229
   1.35999906             225
   1.36999905             221
   1.37999904             218
   1.38999903             217
   1.39999902             216
   1.40999901             214
   1.41999900             212
   1.42999899             209
   1.43999898             206
   1.44999897             205
   1.45999897             204
   1.46999896             203
   1.47999895             201
   1.48999894             198
   1.49999893             195
   1.50999892             193
   1.51999891             191
   1.52999890             187
   1.53999889             187
   1.54999888             187
   1.55999887             186
   1.56999886             186
   1.57999885             185
   1.58999884             184
   1.59999883             182
   1.60999882             181
   1.61999881             180
   1.62999880             179
   1.63999879             175
   1.64999878             173
   1.65999877             173
   1.66999876             172
   1.67999876             172
   1.68999875             171
   1.69999874             170
   1.70999873             168
   1.71999872             166
   1.72999871             165
   1.73999870             164
   1.74999869             163
   1.75999868             163
   1.76999867             161
   1.77999866             158
   1.78999865             156
   1.79999864             152
   1.80999863             151
   1.81999862             151
   1.82999861             149
   1.83999860             147
   1.84999859             146
   1.85999858             142
   1.86999857             142
   1.87999856             141
   1.88999856             139
   1.89999855             135
   1.90999854             134
   1.91999853             134
   1.92999852             131
   1.93999851             129
   1.94999850             129
   1.95999849             129
   1.96999848             129
   1.97999847             128
   1.98999846             127
   1.99999845             126
   2.00999856             125
   2.01999855             124
   2.02999854             124
   2.03999853             121
   2.04999852             120
   2.05999851             119
   2.06999850             118
   2.07999849             116
   2.08999848             116
   2.09999847             115
   2.10999846             114
   2.11999846             113
   2.12999845             111
   2.13999844             109
   2.14999843             108
   2.15999842             108
   2.16999841             108
   2.17999840             108
   2.18999839             107
   2.19999838             106
   2.20999837             104
   2.21999836             104
   2.22999835             104
   2.23999834             103
   2.24999833             103
   2.25999832             102
   2.26999831             102
   2.27999830             102
   2.28999829             101
   2.29999828             101
   2.30999827              99
   2.31999826              99
   2.32999825              99
   2.33999825              99
   2.34999824              97
   2.35999823              96
   2.36999822              92
   2.37999821              92
   2.38999820              92
   2.39999819              92
   2.40999818              91
   2.41999817              91
   2.42999816              91
   2.43999815              89
   2.44999814              88
   2.45999813              88
   2.46999812              87
   2.47999811              87
   2.48999810              87
   2.49999809              85
   2.50999808              83
   2.51999807              82
   2.52999806              81
   2.53999805              81
   2.54999804              77
   2.55999804              77
   2.56999803              77
   2.57999802              77
   2.58999801              77
   2.59999800              75
   2.60999799              75
   2.61999798              74
   2.62999797              73
   2.63999796              70
   2.64999795              67
   2.65999794              65
   2.66999793              64
   2.67999792              63
   2.68999791              62
   2.69999790              60
   2.70999789              60
   2.71999788              60
   2.72999787              59
   2.73999786              58
   2.74999785              55
   2.75999784              53
   2.76999784              53
   2.77999783              53
   2.78999782              53
   2.79999781              52
   2.80999780              52
   2.81999779              52
   2.82999778              52
   2.83999777              52
   2.84999776              51
   2.85999775              51
   2.86999774              51
   2.87999773              51
   2.88999772              50
   2.89999771              48
   2.90999770              47
   2.91999769              45
   2.92999768              45
   2.93999767              45
   2.94999766              45
   2.95999765              45
   2.96999764              45
   2.97999763              45
   2.98999763              44
   2.99999762              44
   3.00999761              43
   3.01999760              42
   3.02999759              39
   3.03999758              39
   3.04999757              39
   3.05999756              39
   3.06999755              38
   3.07999754              38
   3.08999753              37
   3.09999752              37
   3.10999751              37
   3.11999750              37
   3.12999749              37
   3.13999748              36
   3.14999747              36
   3.15999746              36
   3.16999745              36
   3.17999744              36
   3.18999743              36
   3.19999743              35
   3.20999742              35
   3.21999741              35
   3.22999740              35
   3.23999739              35
   3.24999738              35
   3.25999737              34
   3.26999736              34
   3.27999735              34
   3.28999734              33
   3.29999733              33
   3.30999732              33
   3.31999731              31
   3.32999730              31
   3.33999729              30
   3.34999728              29
   3.35999727              29
   3.36999726              29
   3.37999725              29
   3.38999724              28
   3.39999723              28
   3.40999722              28
   3.41999722              28
   3.42999721              28
   3.43999720              27
   3.44999719              26
   3.45999718              26
   3.46999717              26
   3.47999716              26
   3.48999715              26
   3.49999714              25
   3.50999713              25
   3.51999712              25
   3.52999711              25
   3.53999710              24
   3.54999709              24
   3.55999708              24
   3.56999707              24
   3.57999706              23
   3.58999705              23
   3.59999704              23
   3.60999703              22
   3.61999702              22
   3.62999701              22
   3.63999701              20
   3.64999700              20
   3.65999699              20
   3.66999698              20
   3.67999697              20
   3.68999696              19
   3.69999695              19
   3.70999694              19
   3.71999693              19
   3.72999692              19
   3.73999691              18
   3.74999690              18
   3.75999689              18
   3.76999688              17
   3.77999687              17
   3.78999686              17
   3.79999685              17
   3.80999684              17
   3.81999683              16
   3.82999682              16
   3.83999681              15
   3.84999681              15
   3.85999680              15
   3.86999679              15
   3.87999678              15
   3.88999677              15
   3.89999676              15
   3.90999675              15
   3.91999674              15
   3.92999673              15
   3.93999672              15
   3.94999671              15
   3.95999670              15
   3.96999669              15
   3.97999668              15
   3.98999667              14
   3.99999666              13
   4.00999689              13
   4.01999712              13
   4.02999735              12
   4.03999758              11
   4.04999781              10
   4.05999804              10
   4.06999826              10
   4.07999849              10
   4.08999872              10
   4.09999895              10
   4.10999918              10
   4.11999941              10
   4.12999964              10
   4.13999987              10
   4.15000010              10
   4.16000032               9
   4.17000055               8
   4.18000078               8
   4.19000101               7
   4.20000124               7
   4.21000147               7
   4.22000170               7
   4.23000193               7
   4.24000216               7
   4.25000238               7
   4.26000261               7
   4.27000284               7
   4.28000307               7
   4.29000330               7
   4.30000353               6
   4.31000376               6
   4.32000399               6
   4.33000422               5
   4.34000444               5
   4.35000467               5
   4.36000490               5
   4.37000513               5
   4.38000536               5
   4.39000559               4
   4.40000582               4
   4.41000605               4
   4.42000628               4
   4.43000650               4
   4.44000673               4
   4.45000696               4
   4.46000719               4
   4.47000742               4
   4.48000765               4
   4.49000788               4
   4.50000811               4
   4.51000834               4
   4.52000856               4
   4.53000879               4
   4.54000902               4
   4.55000925               4
   4.56000948               4
   4.57000971               4
   4.58000994               4
   4.59001017               4
   4.60001040               4
   4.61001062               4
   4.62001085               4
   4.63001108               4
   4.64001131               4
   4.65001154               4
   4.66001177               4
   4.67001200               4
   4.68001223               4
   4.69001245               4
   4.70001268               4
   4.71001291               4
   4.72001314               4
   4.73001337               4
   4.74001360               4
   4.75001383               4
   4.76001406               4
   4.77001429               4
   4.78001451               4
   4.79001474               4
   4.80001497               4
   4.81001520               4
   4.82001543               4
   4.83001566               4
   4.84001589               4
   4.85001612               4
   4.86001635               4
   4.87001657               4
   4.88001680               4
   4.89001703               4
   4.90001726               4
   4.91001749               4
   4.92001772               4
   4.93001795               4
   4.94001818               4
   4.95001841               4
   4.96001863               4
   4.97001886               4
   4.98001909               3
   4.99001932               3
   5.00001955               3
   5.01001978               3
   5.02002001               3
   5.03002024               3
   5.04002047               3
   5.05002069               3
   5.06002092               3
   5.07002115               3
   5.08002138               3
   5.09002161               3
   5.10002184               3
   5.11002207               3
   5.12002230               3
   5.13002253               3
   5.14002275               3
   5.15002298               3
   5.16002321               3
   5.17002344               3
   5.18002367               3
   5.19002390               3
   5.20002413               3
   5.21002436               3
   5.22002459               3
   5.23002481               3
   5.24002504               3
   5.25002527               3
   5.26002550               3
   5.27002573               3
   5.28002596               3
   5.29002619               3
   5.30002642               3
   5.31002665               3
   5.32002687               3
   5.33002710               3
   5.34002733               3
   5.35002756               3
   5.36002779               3
   5.37002802               3
   5.38002825               3
   5.39002848               3
   5.40002871               3
   5.41002893               3
   5.42002916               3
   5.43002939               3
   5.44002962               3
   5.45002985               3
   5.46003008               3
   5.47003031               3
   5.48003054               3
   5.49003077               3
   5.50003099               3
   5.51003122               3
   5.52003145               3
   5.53003168               3
   5.54003191               3
   5.55003214               3
   5.56003237               3
   5.57003260               3
   5.58003283               3
   5.59003305               3
   5.60003328               3
   5.61003351               3
   5.62003374               2
   5.63003397               2
   5.64003420               2
   5.65003443               2
   5.66003466               2
   5.67003489               2
   5.68003511               2
   5.69003534               2
   5.70003557               2
   5.71003580               2
   5.72003603               2
   5.73003626               2
   5.74003649               2
   5.75003672               2
   5.76003695               2
   5.77003717               2
   5.78003740               2
   5.79003763               2
   5.80003786               2
   5.81003809               2
   5.82003832               2
   5.83003855               2
   5.84003878               2
   5.85003901               2
   5.86003923               2
   5.87003946               2
   5.88003969               2
   5.89003992               2
   5.90004015               2
   5.91004038               2
   5.92004061               2
   5.93004084               2
   5.94004107               2
   5.95004129               2
   5.96004152               2
   5.97004175               2
   5.98004198               2
   5.99004221               2
   6.00004244               2
   6.01004267               2
   6.02004290               2
   6.03004313               2
   6.04004335               2
   6.05004358               2
   6.06004381               2
   6.07004404               2
   6.08004427               2
   6.09004450               2
   6.10004473               2
   6.11004496               2
   6.12004519               2
   6.13004541               2
   6.14004564               2
   6.15004587               2
   6.16004610               2
   6.17004633               2
   6.18004656               2
   6.19004679               2
   6.20004702               2
   6.21004725               2
   6.22004747               2
   6.23004770               2
   6.24004793               2
   6.25004816               2
   6.26004839               2
   6.27004862               2
   6.28004885               2
   6.29004908               2
   6.30004930               2
   6.31004953               2
   6.32004976               2
   6.33004999               2
   6.34005022               2
   6.35005045               2
   6.36005068               2
   6.37005091               2
   6.38005114               2
   6.39005136               2
   6.40005159               2
   6.41005182               2
   6.42005205               2
   6.43005228               2
   6.44005251               2
   6.45005274               2
   6.46005297               2
   6.47005320               2
   6.48005342               2
   6.49005365               2
   6.50005388               2
   6.51005411               2
   6.52005434               2
   6.53005457               2
   6.54005480               2
   6.55005503               2
   6.56005526               2
   6.57005548               2
   6.58005571               2
   6.59005594               2
   6.60005617               2
   6.61005640               2
   6.62005663               2
   6.63005686               2
   6.64005709               2
   6.65005732               2
   6.66005754               2
   6.67005777               2
   6.68005800               2
   6.69005823               2
   6.70005846               2
   6.71005869               2
   6.72005892               2
   6.73005915               2
   6.74005938               2
   6.75005960               2
   6.76005983               2
   6.77006006               2
   6.78006029               2
   6.79006052               2
   6.80006075               2
   6.81006098               2
   6.82006121               2
   6.83006144               2
   6.84006166               2
   6.85006189               2
   6.86006212               2
   6.87006235               2
   6.88006258               2
   6.89006281               2
   6.90006304               2
   6.91006327               2
   6.92006350               2
   6.93006372               2
   6.94006395               2
   6.95006418               2
   6.96006441               2
   6.97006464               2
   6.98006487               2
   6.99006510               2
   7.00006533               2
   7.01006556               2
   7.02006578               2
   7.03006601               2
   7.04006624               2
   7.05006647               2
   7.06006670               2
   7.07006693               2
   7.08006716               2
   7.09006739               2
   7.10006762               2
   7.11006784               2
   7.12006807               2
   7.13006830               2
   7.14006853               2
   7.15006876               2
   7.16006899               2
   7.17006922               2
   7.18006945               2
   7.19006968               2
   7.20006990               1
   7.21007013               1
   7.22007036               1
   7.23007059               1
   7.24007082               1
   7.25007105               1
   7.26007128               1
   7.27007151               1
   7.28007174               1
   7.29007196               1
   7.30007219               1
   7.31007242               1
   7.32007265               1
   7.33007288               1
   7.34007311               1
   7.35007334               1
   7.36007357               1
   7.37007380               1
   7.38007402               1
   7.39007425               1
   7.40007448               1
   7.41007471               1
   7.42007494               1
   7.43007517               1
   7.44007540               1
   7.45007563               1
   7.46007586               1
   7.47007608               1
   7.48007631               1
   7.49007654               1
   7.50007677               1
   7.51007700               1
   7.52007723               1
   7.53007746               1
   7.54007769               1
   7.55007792               1
   7.56007814               1
   7.57007837               1
   7.58007860               1
   7.59007883               1
   7.60007906               1
   7.61007929               1
   7.62007952               1
   7.63007975               1
   7.64007998               1
   7.65008020               1
   7.66008043               1
   7.67008066               1
   7.68008089               1
   7.69008112               1
   7.70008135               1
   7.71008158               1
   7.72008181               1
   7.73008204               1
   7.74008226               1
   7.75008249               1
   7.76008272               1
   7.77008295               1
   7.78008318               1
   7.79008341               0
   7.80008364               0
   7.81008387               0
   7.82008410               0
   7.83008432               0
   7.84008455               0
   7.85008478               0
   7.86008501               0
   7.87008524               0
   7.88008547               0
   7.89008570               0
   7.90008593               0
   7.91008615               0
   7.92008638               0
   7.93008661               0
   7.94008684               0
   7.95008707               0
   7.96008730               0
   7.97008753               0
   7.98008776               0
   7.99008799               0
   8.00008774               0
