   0.00000000             996
   9.99999978E-03         983
   1.99999996E-02         974
   2.99999993E-02         959
   3.99999991E-02         954
   4.99999970E-02         950
   5.99999949E-02         942
   6.99999928E-02         934
   7.99999908E-02         923
   8.99999887E-02         914
   9.99999866E-02         900
  0.109999985             892
  0.119999982             888
  0.129999980             874
  0.139999986             869
  0.149999991             859
  0.159999996             852
  0.170000002             842
  0.180000007             833
  0.190000013             820
  0.200000018             813
  0.210000023             806
  0.220000029             797
  0.230000034             787
  0.240000039             779
  0.250000030             773
  0.260000020             767
  0.270000011             755
  0.280000001             747
  0.289999992             739
  0.299999982             734
  0.309999973             727
  0.319999963             722
  0.329999954             714
  0.339999944             712
  0.349999934             707
  0.359999925             699
  0.369999915             696
  0.379999906             686
  0.389999896             678
  0.399999887             670
  0.409999877             667
  0.419999868             658
  0.429999858             650
  0.439999849             637
  0.449999839             632
  0.459999830             628
  0.469999820             625
  0.479999810             616
  0.489999801             611
  0.499999791             607
  0.509999812             597
  0.519999802             593
  0.529999793             589
  0.539999783             586
  0.549999774             578
  0.559999764             566
  0.569999754             565
  0.579999745             565
  0.589999735             557
  0.599999726             550
  0.609999716             543
  0.619999707             538
  0.629999697             534
  0.639999688             529
  0.649999678             525
  0.659999669             521
  0.669999659             511
  0.679999650             509
  0.689999640             507
  0.699999630             499
  0.709999621             495
  0.719999611             488
  0.729999602             484
  0.739999592             480
  0.749999583             477
  0.759999573             473
  0.769999564             469
  0.779999554             461
  0.789999545             459
  0.799999535             455
  0.809999526             449
  0.819999516             444
  0.829999506             441
  0.839999497             436
  0.849999487             430
  0.859999478             426
  0.869999468             414
  0.879999459             406
  0.889999449             402
  0.899999440             400
  0.909999430             393
  0.919999421             386
  0.929999411             379
  0.939999402             374
  0.949999392             372
  0.959999382             371
  0.969999373             367
  0.979999363             366
  0.989999354             363
  0.999999344             356
   1.00999939             355
   1.01999938             351
   1.02999938             350
   1.03999937             347
   1.04999936             342
   1.05999935             336
   1.06999934             333
   1.07999933             329
   1.08999932             327
   1.09999931             325
   1.10999930             320
   1.11999929             317
   1.12999928             316
   1.13999927             311
   1.14999926             306
   1.15999925             302
   1.16999924             300
   1.17999923             298
   1.18999922             295
   1.19999921             291
   1.20999920             288
   1.21999919             283
   1.22999918             281
   1.23999918             280
   1.24999917             277
   1.25999916             274
   1.26999915             267
   1.27999914             263
   1.28999913             261
   1.29999912             259
   1.30999911             259
   1.31999910             257
   1.32999909             250
   1.33999908             247
   1.34999907             244
   1.35999906             244
   1.36999905             242
   1.37999904             238
   1.38999903             236
   1.39999902             234
   1.40999901             232
   1.41999900             228
   1.42999899             224
   1.43999898             221
   1.44999897             220
   1.45999897             219
   1.46999896             217
   1.47999895             215
   1.48999894             214
   1.49999893             210
   1.50999892             209
   1.51999891             205
   1.52999890             203
   1.53999889             201
   1.54999888             201
   1.55999887             200
   1.56999886             198
   1.57999885             196
   1.58999884             196
   1.59999883             192
   1.60999882             192
   1.61999881             188
   1.62999880             188
   1.63999879             186
   1.64999878             181
   1.65999877             178
   1.66999876             174
   1.67999876             171
   1.68999875             170
   1.69999874             169
   1.70999873             168
   1.71999872             168
   1.72999871             168
   1.73999870             167
   1.74999869             164
   1.75999868             158
   1.76999867             158
   1.77999866             154
   1.78999865             151
   1.79999864             149
   1.80999863             148
   1.81999862             145
   1.82999861             143
   1.83999860             143
   1.84999859             142
   1.85999858             139
   1.86999857             138
   1.87999856             132
   1.88999856             130
   1.89999855             129
   1.90999854             128
   1.91999853             126
   1.92999852             125
   1.93999851             124
   1.94999850             123
   1.95999849             122
   1.96999848             121
   1.97999847             119
   1.98999846             119
   1.99999845             118
   2.00999856             116
   2.01999855             115
   2.02999854             115
   2.03999853             114
   2.04999852             112
   2.05999851             112
   2.06999850             110
   2.07999849             109
   2.08999848             108
   2.09999847             106
   2.10999846             105
   2.11999846             105
   2.12999845             105
   2.13999844             105
   2.14999843             105
   2.15999842             102
   2.16999841             101
   2.17999840             101
   2.18999839              99
   2.19999838              97
   2.20999837              97
   2.21999836              97
   2.22999835              97
   2.23999834              95
   2.24999833              93
   2.25999832              91
   2.26999831              86
   2.27999830              86
   2.28999829              84
   2.29999828              82
   2.30999827              80
   2.31999826              80
   2.32999825              80
   2.33999825              80
   2.34999824              79
   2.35999823              78
   2.36999822              78
   2.37999821              76
   2.38999820              76
   2.39999819              76
   2.40999818              75
   2.41999817              72
   2.42999816              70
   2.43999815              70
   2.44999814              69
   2.45999813              69
   2.46999812              68
   2.47999811              67
   2.48999810              67
   2.49999809              67
   2.50999808              65
   2.51999807              63
   2.52999806              63
   2.53999805              63
   2.54999804              62
   2.55999804              61
   2.56999803              61
   2.57999802              61
   2.58999801              61
   2.59999800              61
   2.60999799              60
   2.61999798              59
   2.62999797              58
   2.63999796              55
   2.64999795              54
   2.65999794              54
   2.66999793              54
   2.67999792              54
   2.68999791              53
   2.69999790              53
   2.70999789              50
   2.71999788              50
   2.72999787              50
   2.73999786              50
   2.74999785              50
   2.75999784              48
   2.76999784              47
   2.77999783              45
   2.78999782              44
   2.79999781              44
   2.80999780              44
   2.81999779              44
   2.82999778              44
   2.83999777              43
   2.84999776              43
   2.85999775              43
   2.86999774              43
   2.87999773              43
   2.88999772              42
   2.89999771              42
   2.90999770              42
   2.91999769              42
   2.92999768              42
   2.93999767              42
   2.94999766              42
   2.95999765              42
   2.96999764              42
   2.97999763              41
   2.98999763              41
   2.99999762              41
   3.00999761              41
   3.01999760              39
   3.02999759              39
   3.03999758              39
   3.04999757              38
   3.05999756              37
   3.06999755              37
   3.07999754              36
   3.08999753              36
   3.09999752              36
   3.10999751              36
   3.11999750              36
   3.12999749              36
   3.13999748              36
   3.14999747              36
   3.15999746              36
   3.16999745              36
   3.17999744              36
   3.18999743              35
   3.19999743              34
   3.20999742              33
   3.21999741              33
   3.22999740              33
   3.23999739              33
   3.24999738              33
   3.25999737              33
   3.26999736              32
   3.27999735              31
   3.28999734              31
   3.29999733              31
   3.30999732              30
   3.31999731              30
   3.32999730              30
   3.33999729              30
   3.34999728              30
   3.35999727              30
   3.36999726              30
   3.37999725              30
   3.38999724              30
   3.39999723              29
   3.40999722              29
   3.41999722              29
   3.42999721              29
   3.43999720              29
   3.44999719              29
   3.45999718              28
   3.46999717              28
   3.47999716              28
   3.48999715              28
   3.49999714              28
   3.50999713              27
   3.51999712              27
   3.52999711              27
   3.53999710              26
   3.54999709              26
   3.55999708              26
   3.56999707              25
   3.57999706              25
   3.58999705              24
   3.59999704              23
   3.60999703              23
   3.61999702              22
   3.62999701              22
   3.63999701              21
   3.64999700              20
   3.65999699              20
   3.66999698              20
   3.67999697              20
   3.68999696              20
   3.69999695              20
   3.70999694              20
   3.71999693              20
   3.72999692              19
   3.73999691              19
   3.74999690              18
   3.75999689              18
   3.76999688              18
   3.77999687              18
   3.78999686              18
   3.79999685              18
   3.80999684              18
   3.81999683              17
   3.82999682              17
   3.83999681              17
   3.84999681              17
   3.85999680              17
   3.86999679              17
   3.87999678              17
   3.88999677              17
   3.89999676              17
   3.90999675              17
   3.91999674              17
   3.92999673              17
   3.93999672              17
   3.94999671              17
   3.95999670              17
   3.96999669              16
   3.97999668              16
   3.98999667              15
   3.99999666              15
   4.00999689              15
   4.01999712              15
   4.02999735              15
   4.03999758              14
   4.04999781              14
   4.05999804              14
   4.06999826              14
   4.07999849              14
   4.08999872              14
   4.09999895              14
   4.10999918              14
   4.11999941              14
   4.12999964              14
   4.13999987              14
   4.15000010              14
   4.16000032              14
   4.17000055              14
   4.18000078              14
   4.19000101              14
   4.20000124              13
   4.21000147              13
   4.22000170              13
   4.23000193              13
   4.24000216              13
   4.25000238              13
   4.26000261              13
   4.27000284              13
   4.28000307              13
   4.29000330              13
   4.30000353              13
   4.31000376              13
   4.32000399              13
   4.33000422              13
   4.34000444              13
   4.35000467              13
   4.36000490              13
   4.37000513              13
   4.38000536              13
   4.39000559              13
   4.40000582              13
   4.41000605              13
   4.42000628              13
   4.43000650              13
   4.44000673              13
   4.45000696              13
   4.46000719              13
   4.47000742              12
   4.48000765              12
   4.49000788              12
   4.50000811              12
   4.51000834              12
   4.52000856              11
   4.53000879              11
   4.54000902              11
   4.55000925              11
   4.56000948              11
   4.57000971              10
   4.58000994              10
   4.59001017              10
   4.60001040              10
   4.61001062              10
   4.62001085              10
   4.63001108              10
   4.64001131              10
   4.65001154              10
   4.66001177              10
   4.67001200              10
   4.68001223              10
   4.69001245              10
   4.70001268              10
   4.71001291              10
   4.72001314              10
   4.73001337              10
   4.74001360              10
   4.75001383              10
   4.76001406              10
   4.77001429              10
   4.78001451              10
   4.79001474              10
   4.80001497               9
   4.81001520               8
   4.82001543               8
   4.83001566               8
   4.84001589               8
   4.85001612               8
   4.86001635               8
   4.87001657               8
   4.88001680               8
   4.89001703               8
   4.90001726               8
   4.91001749               7
   4.92001772               7
   4.93001795               7
   4.94001818               7
   4.95001841               7
   4.96001863               7
   4.97001886               7
   4.98001909               7
   4.99001932               7
   5.00001955               7
   5.01001978               7
   5.02002001               7
   5.03002024               7
   5.04002047               7
   5.05002069               7
   5.06002092               7
   5.07002115               7
   5.08002138               7
   5.09002161               7
   5.10002184               7
   5.11002207               7
   5.12002230               7
   5.13002253               7
   5.14002275               7
   5.15002298               7
   5.16002321               7
   5.17002344               7
   5.18002367               7
   5.19002390               7
   5.20002413               7
   5.21002436               7
   5.22002459               7
   5.23002481               7
   5.24002504               7
   5.25002527               7
   5.26002550               7
   5.27002573               7
   5.28002596               6
   5.29002619               6
   5.30002642               6
   5.31002665               6
   5.32002687               6
   5.33002710               6
   5.34002733               6
   5.35002756               6
   5.36002779               6
   5.37002802               6
   5.38002825               6
   5.39002848               6
   5.40002871               6
   5.41002893               6
   5.42002916               6
   5.43002939               5
   5.44002962               5
   5.45002985               5
   5.46003008               5
   5.47003031               5
   5.48003054               5
   5.49003077               4
   5.50003099               3
   5.51003122               3
   5.52003145               3
   5.53003168               3
   5.54003191               3
   5.55003214               3
   5.56003237               3
   5.57003260               3
   5.58003283               3
   5.59003305               3
   5.60003328               3
   5.61003351               3
   5.62003374               3
   5.63003397               3
   5.64003420               3
   5.65003443               3
   5.66003466               3
   5.67003489               3
   5.68003511               3
   5.69003534               3
   5.70003557               3
   5.71003580               3
   5.72003603               3
   5.73003626               3
   5.74003649               3
   5.75003672               3
   5.76003695               3
   5.77003717               3
   5.78003740               3
   5.79003763               2
   5.80003786               2
   5.81003809               2
   5.82003832               2
   5.83003855               2
   5.84003878               2
   5.85003901               2
   5.86003923               2
   5.87003946               2
   5.88003969               2
   5.89003992               2
   5.90004015               2
   5.91004038               2
   5.92004061               2
   5.93004084               2
   5.94004107               2
   5.95004129               2
   5.96004152               2
   5.97004175               2
   5.98004198               2
   5.99004221               2
   6.00004244               2
   6.01004267               2
   6.02004290               2
   6.03004313               2
   6.04004335               2
   6.05004358               2
   6.06004381               2
   6.07004404               2
   6.08004427               2
   6.09004450               2
   6.10004473               2
   6.11004496               2
   6.12004519               2
   6.13004541               2
   6.14004564               2
   6.15004587               2
   6.16004610               2
   6.17004633               2
   6.18004656               2
   6.19004679               2
   6.20004702               2
   6.21004725               1
   6.22004747               1
   6.23004770               1
   6.24004793               1
   6.25004816               1
   6.26004839               1
   6.27004862               1
   6.28004885               1
   6.29004908               0
   6.30004930               0
   6.31004953               0
   6.32004976               0
   6.33004999               0
   6.34005022               0
   6.35005045               0
   6.36005068               0
   6.37005091               0
   6.38005114               0
   6.39005136               0
   6.40005159               0
   6.41005182               0
   6.42005205               0
   6.43005228               0
   6.44005251               0
   6.45005274               0
   6.46005297               0
   6.47005320               0
   6.48005342               0
   6.49005365               0
   6.50005388               0
   6.51005411               0
   6.52005434               0
   6.53005457               0
   6.54005480               0
   6.55005503               0
   6.56005526               0
   6.57005548               0
   6.58005571               0
   6.59005594               0
   6.60005617               0
   6.61005640               0
   6.62005663               0
   6.63005686               0
   6.64005709               0
   6.65005732               0
   6.66005754               0
   6.67005777               0
   6.68005800               0
   6.69005823               0
   6.70005846               0
   6.71005869               0
   6.72005892               0
   6.73005915               0
   6.74005938               0
   6.75005960               0
   6.76005983               0
   6.77006006               0
   6.78006029               0
   6.79006052               0
   6.80006075               0
   6.81006098               0
   6.82006121               0
   6.83006144               0
   6.84006166               0
   6.85006189               0
   6.86006212               0
   6.87006235               0
   6.88006258               0
   6.89006281               0
   6.90006304               0
   6.91006327               0
   6.92006350               0
   6.93006372               0
   6.94006395               0
   6.95006418               0
   6.96006441               0
   6.97006464               0
   6.98006487               0
   6.99006510               0
   7.00006533               0
   7.01006556               0
   7.02006578               0
   7.03006601               0
   7.04006624               0
   7.05006647               0
   7.06006670               0
   7.07006693               0
   7.08006716               0
   7.09006739               0
   7.10006762               0
   7.11006784               0
   7.12006807               0
   7.13006830               0
   7.14006853               0
   7.15006876               0
   7.16006899               0
   7.17006922               0
   7.18006945               0
   7.19006968               0
   7.20006990               0
   7.21007013               0
   7.22007036               0
   7.23007059               0
   7.24007082               0
   7.25007105               0
   7.26007128               0
   7.27007151               0
   7.28007174               0
   7.29007196               0
   7.30007219               0
   7.31007242               0
   7.32007265               0
   7.33007288               0
   7.34007311               0
   7.35007334               0
   7.36007357               0
   7.37007380               0
   7.38007402               0
   7.39007425               0
   7.40007448               0
   7.41007471               0
   7.42007494               0
   7.43007517               0
   7.44007540               0
   7.45007563               0
   7.46007586               0
   7.47007608               0
   7.48007631               0
   7.49007654               0
   7.50007677               0
   7.51007700               0
   7.52007723               0
   7.53007746               0
   7.54007769               0
   7.55007792               0
   7.56007814               0
   7.57007837               0
   7.58007860               0
   7.59007883               0
   7.60007906               0
   7.61007929               0
   7.62007952               0
   7.63007975               0
   7.64007998               0
   7.65008020               0
   7.66008043               0
   7.67008066               0
   7.68008089               0
   7.69008112               0
   7.70008135               0
   7.71008158               0
   7.72008181               0
   7.73008204               0
   7.74008226               0
   7.75008249               0
   7.76008272               0
   7.77008295               0
   7.78008318               0
   7.79008341               0
   7.80008364               0
   7.81008387               0
   7.82008410               0
   7.83008432               0
   7.84008455               0
   7.85008478               0
   7.86008501               0
   7.87008524               0
   7.88008547               0
   7.89008570               0
   7.90008593               0
   7.91008615               0
   7.92008638               0
   7.93008661               0
   7.94008684               0
   7.95008707               0
   7.96008730               0
   7.97008753               0
   7.98008776               0
   7.99008799               0
   8.00008774               0
