   0.00000000             994
   9.99999978E-03         982
   1.99999996E-02         974
   2.99999993E-02         966
   3.99999991E-02         949
   4.99999970E-02         940
   5.99999949E-02         937
   6.99999928E-02         924
   7.99999908E-02         912
   8.99999887E-02         905
   9.99999866E-02         897
  0.109999985             889
  0.119999982             879
  0.129999980             874
  0.139999986             871
  0.149999991             862
  0.159999996             855
  0.170000002             845
  0.180000007             837
  0.190000013             831
  0.200000018             822
  0.210000023             818
  0.220000029             810
  0.230000034             800
  0.240000039             796
  0.250000030             789
  0.260000020             784
  0.270000011             776
  0.280000001             765
  0.289999992             758
  0.299999982             753
  0.309999973             744
  0.319999963             739
  0.329999954             734
  0.339999944             727
  0.349999934             718
  0.359999925             711
  0.369999915             705
  0.379999906             696
  0.389999896             689
  0.399999887             682
  0.409999877             675
  0.419999868             671
  0.429999858             662
  0.439999849             658
  0.449999839             656
  0.459999830             649
  0.469999820             642
  0.479999810             637
  0.489999801             629
  0.499999791             624
  0.509999812             618
  0.519999802             618
  0.529999793             611
  0.539999783             601
  0.549999774             596
  0.559999764             593
  0.569999754             584
  0.579999745             579
  0.589999735             571
  0.599999726             562
  0.609999716             556
  0.619999707             551
  0.629999697             541
  0.639999688             536
  0.649999678             529
  0.659999669             522
  0.669999659             519
  0.679999650             515
  0.689999640             506
  0.699999630             500
  0.709999621             499
  0.719999611             497
  0.729999602             495
  0.739999592             489
  0.749999583             486
  0.759999573             483
  0.769999564             477
  0.779999554             471
  0.789999545             464
  0.799999535             461
  0.809999526             455
  0.819999516             448
  0.829999506             446
  0.839999497             443
  0.849999487             438
  0.859999478             436
  0.869999468             431
  0.879999459             430
  0.889999449             425
  0.899999440             421
  0.909999430             417
  0.919999421             411
  0.929999411             405
  0.939999402             399
  0.949999392             394
  0.959999382             390
  0.969999373             383
  0.979999363             379
  0.989999354             376
  0.999999344             372
   1.00999939             369
   1.01999938             365
   1.02999938             358
   1.03999937             356
   1.04999936             353
   1.05999935             351
   1.06999934             347
   1.07999933             342
   1.08999932             338
   1.09999931             335
   1.10999930             332
   1.11999929             325
   1.12999928             322
   1.13999927             316
   1.14999926             315
   1.15999925             313
   1.16999924             311
   1.17999923             309
   1.18999922             306
   1.19999921             300
   1.20999920             297
   1.21999919             295
   1.22999918             294
   1.23999918             291
   1.24999917             288
   1.25999916             288
   1.26999915             281
   1.27999914             278
   1.28999913             278
   1.29999912             277
   1.30999911             275
   1.31999910             274
   1.32999909             272
   1.33999908             268
   1.34999907             266
   1.35999906             264
   1.36999905             264
   1.37999904             263
   1.38999903             260
   1.39999902             254
   1.40999901             254
   1.41999900             252
   1.42999899             249
   1.43999898             247
   1.44999897             244
   1.45999897             243
   1.46999896             237
   1.47999895             234
   1.48999894             233
   1.49999893             231
   1.50999892             230
   1.51999891             228
   1.52999890             226
   1.53999889             220
   1.54999888             220
   1.55999887             218
   1.56999886             217
   1.57999885             213
   1.58999884             210
   1.59999883             206
   1.60999882             205
   1.61999881             203
   1.62999880             200
   1.63999879             197
   1.64999878             196
   1.65999877             194
   1.66999876             189
   1.67999876             185
   1.68999875             183
   1.69999874             182
   1.70999873             182
   1.71999872             181
   1.72999871             180
   1.73999870             178
   1.74999869             177
   1.75999868             177
   1.76999867             176
   1.77999866             172
   1.78999865             170
   1.79999864             170
   1.80999863             170
   1.81999862             170
   1.82999861             167
   1.83999860             165
   1.84999859             164
   1.85999858             163
   1.86999857             162
   1.87999856             161
   1.88999856             158
   1.89999855             156
   1.90999854             155
   1.91999853             152
   1.92999852             151
   1.93999851             147
   1.94999850             147
   1.95999849             146
   1.96999848             145
   1.97999847             144
   1.98999846             142
   1.99999845             141
   2.00999856             140
   2.01999855             138
   2.02999854             138
   2.03999853             135
   2.04999852             133
   2.05999851             129
   2.06999850             129
   2.07999849             127
   2.08999848             127
   2.09999847             127
   2.10999846             127
   2.11999846             126
   2.12999845             124
   2.13999844             124
   2.14999843             124
   2.15999842             121
   2.16999841             120
   2.17999840             120
   2.18999839             119
   2.19999838             118
   2.20999837             117
   2.21999836             117
   2.22999835             115
   2.23999834             112
   2.24999833             112
   2.25999832             109
   2.26999831             107
   2.27999830             105
   2.28999829             105
   2.29999828             101
   2.30999827             100
   2.31999826              99
   2.32999825              99
   2.33999825              96
   2.34999824              96
   2.35999823              94
   2.36999822              92
   2.37999821              91
   2.38999820              90
   2.39999819              90
   2.40999818              89
   2.41999817              89
   2.42999816              89
   2.43999815              89
   2.44999814              87
   2.45999813              86
   2.46999812              86
   2.47999811              86
   2.48999810              85
   2.49999809              85
   2.50999808              84
   2.51999807              83
   2.52999806              82
   2.53999805              81
   2.54999804              80
   2.55999804              80
   2.56999803              79
   2.57999802              79
   2.58999801              77
   2.59999800              77
   2.60999799              76
   2.61999798              75
   2.62999797              75
   2.63999796              75
   2.64999795              75
   2.65999794              74
   2.66999793              74
   2.67999792              73
   2.68999791              72
   2.69999790              71
   2.70999789              71
   2.71999788              71
   2.72999787              71
   2.73999786              71
   2.74999785              69
   2.75999784              67
   2.76999784              66
   2.77999783              66
   2.78999782              65
   2.79999781              64
   2.80999780              63
   2.81999779              61
   2.82999778              60
   2.83999777              60
   2.84999776              60
   2.85999775              58
   2.86999774              57
   2.87999773              55
   2.88999772              55
   2.89999771              55
   2.90999770              55
   2.91999769              55
   2.92999768              54
   2.93999767              53
   2.94999766              52
   2.95999765              52
   2.96999764              52
   2.97999763              52
   2.98999763              51
   2.99999762              51
   3.00999761              51
   3.01999760              51
   3.02999759              50
   3.03999758              50
   3.04999757              50
   3.05999756              49
   3.06999755              48
   3.07999754              47
   3.08999753              47
   3.09999752              47
   3.10999751              47
   3.11999750              46
   3.12999749              46
   3.13999748              45
   3.14999747              45
   3.15999746              44
   3.16999745              43
   3.17999744              43
   3.18999743              43
   3.19999743              43
   3.20999742              43
   3.21999741              42
   3.22999740              42
   3.23999739              40
   3.24999738              40
   3.25999737              40
   3.26999736              40
   3.27999735              40
   3.28999734              40
   3.29999733              40
   3.30999732              40
   3.31999731              39
   3.32999730              39
   3.33999729              39
   3.34999728              39
   3.35999727              38
   3.36999726              37
   3.37999725              37
   3.38999724              37
   3.39999723              37
   3.40999722              36
   3.41999722              36
   3.42999721              35
   3.43999720              35
   3.44999719              35
   3.45999718              35
   3.46999717              35
   3.47999716              35
   3.48999715              35
   3.49999714              35
   3.50999713              35
   3.51999712              35
   3.52999711              35
   3.53999710              35
   3.54999709              35
   3.55999708              34
   3.56999707              34
   3.57999706              34
   3.58999705              33
   3.59999704              33
   3.60999703              33
   3.61999702              33
   3.62999701              31
   3.63999701              31
   3.64999700              31
   3.65999699              31
   3.66999698              30
   3.67999697              30
   3.68999696              30
   3.69999695              30
   3.70999694              30
   3.71999693              30
   3.72999692              30
   3.73999691              30
   3.74999690              29
   3.75999689              29
   3.76999688              29
   3.77999687              29
   3.78999686              29
   3.79999685              29
   3.80999684              29
   3.81999683              29
   3.82999682              29
   3.83999681              29
   3.84999681              28
   3.85999680              28
   3.86999679              28
   3.87999678              27
   3.88999677              26
   3.89999676              26
   3.90999675              26
   3.91999674              26
   3.92999673              25
   3.93999672              25
   3.94999671              25
   3.95999670              25
   3.96999669              24
   3.97999668              23
   3.98999667              22
   3.99999666              21
   4.00999689              21
   4.01999712              21
   4.02999735              19
   4.03999758              19
   4.04999781              19
   4.05999804              17
   4.06999826              17
   4.07999849              17
   4.08999872              17
   4.09999895              17
   4.10999918              17
   4.11999941              17
   4.12999964              17
   4.13999987              16
   4.15000010              16
   4.16000032              16
   4.17000055              16
   4.18000078              16
   4.19000101              16
   4.20000124              16
   4.21000147              16
   4.22000170              16
   4.23000193              16
   4.24000216              16
   4.25000238              16
   4.26000261              16
   4.27000284              16
   4.28000307              16
   4.29000330              16
   4.30000353              16
   4.31000376              16
   4.32000399              16
   4.33000422              15
   4.34000444              15
   4.35000467              15
   4.36000490              15
   4.37000513              15
   4.38000536              15
   4.39000559              15
   4.40000582              15
   4.41000605              15
   4.42000628              15
   4.43000650              15
   4.44000673              15
   4.45000696              15
   4.46000719              15
   4.47000742              15
   4.48000765              15
   4.49000788              15
   4.50000811              15
   4.51000834              15
   4.52000856              15
   4.53000879              15
   4.54000902              15
   4.55000925              15
   4.56000948              15
   4.57000971              15
   4.58000994              15
   4.59001017              15
   4.60001040              15
   4.61001062              15
   4.62001085              15
   4.63001108              15
   4.64001131              15
   4.65001154              15
   4.66001177              15
   4.67001200              15
   4.68001223              15
   4.69001245              14
   4.70001268              14
   4.71001291              14
   4.72001314              14
   4.73001337              14
   4.74001360              14
   4.75001383              14
   4.76001406              14
   4.77001429              14
   4.78001451              13
   4.79001474              13
   4.80001497              13
   4.81001520              13
   4.82001543              13
   4.83001566              12
   4.84001589              12
   4.85001612              12
   4.86001635              12
   4.87001657              12
   4.88001680              12
   4.89001703              12
   4.90001726              11
   4.91001749              11
   4.92001772              11
   4.93001795              11
   4.94001818              11
   4.95001841              10
   4.96001863              10
   4.97001886              10
   4.98001909              10
   4.99001932              10
   5.00001955               9
   5.01001978               9
   5.02002001               9
   5.03002024               9
   5.04002047               9
   5.05002069               8
   5.06002092               8
   5.07002115               8
   5.08002138               8
   5.09002161               8
   5.10002184               8
   5.11002207               7
   5.12002230               7
   5.13002253               7
   5.14002275               7
   5.15002298               7
   5.16002321               7
   5.17002344               7
   5.18002367               7
   5.19002390               6
   5.20002413               6
   5.21002436               6
   5.22002459               6
   5.23002481               6
   5.24002504               6
   5.25002527               6
   5.26002550               6
   5.27002573               6
   5.28002596               6
   5.29002619               6
   5.30002642               6
   5.31002665               6
   5.32002687               6
   5.33002710               5
   5.34002733               5
   5.35002756               5
   5.36002779               5
   5.37002802               5
   5.38002825               5
   5.39002848               5
   5.40002871               5
   5.41002893               5
   5.42002916               5
   5.43002939               5
   5.44002962               5
   5.45002985               5
   5.46003008               5
   5.47003031               5
   5.48003054               5
   5.49003077               5
   5.50003099               5
   5.51003122               5
   5.52003145               5
   5.53003168               5
   5.54003191               5
   5.55003214               5
   5.56003237               5
   5.57003260               4
   5.58003283               4
   5.59003305               4
   5.60003328               4
   5.61003351               4
   5.62003374               4
   5.63003397               4
   5.64003420               4
   5.65003443               4
   5.66003466               4
   5.67003489               4
   5.68003511               4
   5.69003534               4
   5.70003557               4
   5.71003580               4
   5.72003603               4
   5.73003626               4
   5.74003649               4
   5.75003672               4
   5.76003695               4
   5.77003717               4
   5.78003740               4
   5.79003763               4
   5.80003786               4
   5.81003809               4
   5.82003832               4
   5.83003855               4
   5.84003878               4
   5.85003901               4
   5.86003923               4
   5.87003946               4
   5.88003969               4
   5.89003992               4
   5.90004015               4
   5.91004038               4
   5.92004061               4
   5.93004084               4
   5.94004107               3
   5.95004129               3
   5.96004152               3
   5.97004175               3
   5.98004198               3
   5.99004221               3
   6.00004244               3
   6.01004267               3
   6.02004290               3
   6.03004313               3
   6.04004335               3
   6.05004358               3
   6.06004381               3
   6.07004404               3
   6.08004427               3
   6.09004450               3
   6.10004473               3
   6.11004496               3
   6.12004519               3
   6.13004541               3
   6.14004564               3
   6.15004587               3
   6.16004610               3
   6.17004633               3
   6.18004656               3
   6.19004679               3
   6.20004702               3
   6.21004725               3
   6.22004747               3
   6.23004770               3
   6.24004793               3
   6.25004816               3
   6.26004839               2
   6.27004862               2
   6.28004885               2
   6.29004908               2
   6.30004930               2
   6.31004953               2
   6.32004976               2
   6.33004999               2
   6.34005022               2
   6.35005045               2
   6.36005068               2
   6.37005091               2
   6.38005114               2
   6.39005136               2
   6.40005159               2
   6.41005182               2
   6.42005205               2
   6.43005228               2
   6.44005251               2
   6.45005274               2
   6.46005297               2
   6.47005320               2
   6.48005342               2
   6.49005365               2
   6.50005388               2
   6.51005411               2
   6.52005434               2
   6.53005457               2
   6.54005480               2
   6.55005503               2
   6.56005526               2
   6.57005548               2
   6.58005571               2
   6.59005594               2
   6.60005617               2
   6.61005640               2
   6.62005663               1
   6.63005686               1
   6.64005709               1
   6.65005732               1
   6.66005754               1
   6.67005777               1
   6.68005800               1
   6.69005823               1
   6.70005846               1
   6.71005869               1
   6.72005892               1
   6.73005915               1
   6.74005938               1
   6.75005960               1
   6.76005983               1
   6.77006006               1
   6.78006029               1
   6.79006052               1
   6.80006075               1
   6.81006098               1
   6.82006121               1
   6.83006144               1
   6.84006166               1
   6.85006189               1
   6.86006212               1
   6.87006235               1
   6.88006258               1
   6.89006281               1
   6.90006304               1
   6.91006327               0
   6.92006350               0
   6.93006372               0
   6.94006395               0
   6.95006418               0
   6.96006441               0
   6.97006464               0
   6.98006487               0
   6.99006510               0
   7.00006533               0
   7.01006556               0
   7.02006578               0
   7.03006601               0
   7.04006624               0
   7.05006647               0
   7.06006670               0
   7.07006693               0
   7.08006716               0
   7.09006739               0
   7.10006762               0
   7.11006784               0
   7.12006807               0
   7.13006830               0
   7.14006853               0
   7.15006876               0
   7.16006899               0
   7.17006922               0
   7.18006945               0
   7.19006968               0
   7.20006990               0
   7.21007013               0
   7.22007036               0
   7.23007059               0
   7.24007082               0
   7.25007105               0
   7.26007128               0
   7.27007151               0
   7.28007174               0
   7.29007196               0
   7.30007219               0
   7.31007242               0
   7.32007265               0
   7.33007288               0
   7.34007311               0
   7.35007334               0
   7.36007357               0
   7.37007380               0
   7.38007402               0
   7.39007425               0
   7.40007448               0
   7.41007471               0
   7.42007494               0
   7.43007517               0
   7.44007540               0
   7.45007563               0
   7.46007586               0
   7.47007608               0
   7.48007631               0
   7.49007654               0
   7.50007677               0
   7.51007700               0
   7.52007723               0
   7.53007746               0
   7.54007769               0
   7.55007792               0
   7.56007814               0
   7.57007837               0
   7.58007860               0
   7.59007883               0
   7.60007906               0
   7.61007929               0
   7.62007952               0
   7.63007975               0
   7.64007998               0
   7.65008020               0
   7.66008043               0
   7.67008066               0
   7.68008089               0
   7.69008112               0
   7.70008135               0
   7.71008158               0
   7.72008181               0
   7.73008204               0
   7.74008226               0
   7.75008249               0
   7.76008272               0
   7.77008295               0
   7.78008318               0
   7.79008341               0
   7.80008364               0
   7.81008387               0
   7.82008410               0
   7.83008432               0
   7.84008455               0
   7.85008478               0
   7.86008501               0
   7.87008524               0
   7.88008547               0
   7.89008570               0
   7.90008593               0
   7.91008615               0
   7.92008638               0
   7.93008661               0
   7.94008684               0
   7.95008707               0
   7.96008730               0
   7.97008753               0
   7.98008776               0
   7.99008799               0
   8.00008774               0
