   0.00000000             989
   9.99999978E-03         979
   1.99999996E-02         970
   2.99999993E-02         963
   3.99999991E-02         951
   4.99999970E-02         941
   5.99999949E-02         934
   6.99999928E-02         923
   7.99999908E-02         913
   8.99999887E-02         899
   9.99999866E-02         892
  0.109999985             880
  0.119999982             875
  0.129999980             862
  0.139999986             851
  0.149999991             841
  0.159999996             837
  0.170000002             830
  0.180000007             826
  0.190000013             819
  0.200000018             813
  0.210000023             807
  0.220000029             799
  0.230000034             792
  0.240000039             786
  0.250000030             772
  0.260000020             764
  0.270000011             754
  0.280000001             747
  0.289999992             741
  0.299999982             730
  0.309999973             714
  0.319999963             706
  0.329999954             698
  0.339999944             690
  0.349999934             684
  0.359999925             681
  0.369999915             672
  0.379999906             664
  0.389999896             655
  0.399999887             648
  0.409999877             639
  0.419999868             631
  0.429999858             624
  0.439999849             622
  0.449999839             616
  0.459999830             611
  0.469999820             603
  0.479999810             596
  0.489999801             588
  0.499999791             585
  0.509999812             579
  0.519999802             574
  0.529999793             569
  0.539999783             563
  0.549999774             555
  0.559999764             549
  0.569999754             547
  0.579999745             542
  0.589999735             535
  0.599999726             531
  0.609999716             528
  0.619999707             524
  0.629999697             519
  0.639999688             514
  0.649999678             510
  0.659999669             504
  0.669999659             502
  0.679999650             494
  0.689999640             486
  0.699999630             484
  0.709999621             475
  0.719999611             471
  0.729999602             467
  0.739999592             463
  0.749999583             462
  0.759999573             455
  0.769999564             450
  0.779999554             447
  0.789999545             443
  0.799999535             442
  0.809999526             436
  0.819999516             432
  0.829999506             427
  0.839999497             417
  0.849999487             413
  0.859999478             409
  0.869999468             406
  0.879999459             403
  0.889999449             403
  0.899999440             396
  0.909999430             394
  0.919999421             388
  0.929999411             385
  0.939999402             380
  0.949999392             375
  0.959999382             370
  0.969999373             369
  0.979999363             366
  0.989999354             362
  0.999999344             360
   1.00999939             359
   1.01999938             356
   1.02999938             355
   1.03999937             350
   1.04999936             348
   1.05999935             347
   1.06999934             342
   1.07999933             338
   1.08999932             333
   1.09999931             329
   1.10999930             322
   1.11999929             318
   1.12999928             316
   1.13999927             312
   1.14999926             309
   1.15999925             306
   1.16999924             305
   1.17999923             302
   1.18999922             301
   1.19999921             299
   1.20999920             293
   1.21999919             289
   1.22999918             288
   1.23999918             286
   1.24999917             284
   1.25999916             279
   1.26999915             275
   1.27999914             271
   1.28999913             271
   1.29999912             271
   1.30999911             269
   1.31999910             264
   1.32999909             260
   1.33999908             256
   1.34999907             256
   1.35999906             254
   1.36999905             250
   1.37999904             249
   1.38999903             246
   1.39999902             244
   1.40999901             244
   1.41999900             242
   1.42999899             236
   1.43999898             234
   1.44999897             233
   1.45999897             233
   1.46999896             232
   1.47999895             229
   1.48999894             228
   1.49999893             227
   1.50999892             227
   1.51999891             226
   1.52999890             223
   1.53999889             218
   1.54999888             217
   1.55999887             215
   1.56999886             215
   1.57999885             212
   1.58999884             212
   1.59999883             208
   1.60999882             202
   1.61999881             201
   1.62999880             201
   1.63999879             197
   1.64999878             196
   1.65999877             196
   1.66999876             194
   1.67999876             191
   1.68999875             190
   1.69999874             187
   1.70999873             186
   1.71999872             182
   1.72999871             180
   1.73999870             177
   1.74999869             176
   1.75999868             174
   1.76999867             173
   1.77999866             172
   1.78999865             170
   1.79999864             167
   1.80999863             166
   1.81999862             165
   1.82999861             163
   1.83999860             163
   1.84999859             163
   1.85999858             158
   1.86999857             158
   1.87999856             157
   1.88999856             155
   1.89999855             151
   1.90999854             151
   1.91999853             151
   1.92999852             151
   1.93999851             151
   1.94999850             148
   1.95999849             146
   1.96999848             145
   1.97999847             143
   1.98999846             140
   1.99999845             139
   2.00999856             138
   2.01999855             137
   2.02999854             133
   2.03999853             133
   2.04999852             128
   2.05999851             126
   2.06999850             125
   2.07999849             123
   2.08999848             122
   2.09999847             122
   2.10999846             121
   2.11999846             121
   2.12999845             120
   2.13999844             120
   2.14999843             119
   2.15999842             118
   2.16999841             118
   2.17999840             118
   2.18999839             117
   2.19999838             117
   2.20999837             117
   2.21999836             116
   2.22999835             116
   2.23999834             115
   2.24999833             114
   2.25999832             112
   2.26999831             109
   2.27999830             109
   2.28999829             108
   2.29999828             108
   2.30999827             107
   2.31999826             107
   2.32999825             105
   2.33999825             105
   2.34999824             105
   2.35999823              99
   2.36999822              99
   2.37999821              98
   2.38999820              98
   2.39999819              98
   2.40999818              98
   2.41999817              96
   2.42999816              95
   2.43999815              95
   2.44999814              93
   2.45999813              92
   2.46999812              91
   2.47999811              90
   2.48999810              89
   2.49999809              88
   2.50999808              88
   2.51999807              87
   2.52999806              87
   2.53999805              87
   2.54999804              86
   2.55999804              85
   2.56999803              85
   2.57999802              85
   2.58999801              84
   2.59999800              83
   2.60999799              82
   2.61999798              79
   2.62999797              78
   2.63999796              77
   2.64999795              76
   2.65999794              74
   2.66999793              73
   2.67999792              73
   2.68999791              73
   2.69999790              72
   2.70999789              72
   2.71999788              72
   2.72999787              71
   2.73999786              71
   2.74999785              71
   2.75999784              69
   2.76999784              69
   2.77999783              67
   2.78999782              67
   2.79999781              65
   2.80999780              63
   2.81999779              62
   2.82999778              59
   2.83999777              59
   2.84999776              59
   2.85999775              59
   2.86999774              59
   2.87999773              59
   2.88999772              59
   2.89999771              58
   2.90999770              57
   2.91999769              56
   2.92999768              54
   2.93999767              53
   2.94999766              53
   2.95999765              52
   2.96999764              51
   2.97999763              49
   2.98999763              48
   2.99999762              48
   3.00999761              46
   3.01999760              46
   3.02999759              46
   3.03999758              45
   3.04999757              43
   3.05999756              43
   3.06999755              43
   3.07999754              43
   3.08999753              42
   3.09999752              42
   3.10999751              41
   3.11999750              41
   3.12999749              41
   3.13999748              41
   3.14999747              39
   3.15999746              36
   3.16999745              33
   3.17999744              33
   3.18999743              33
   3.19999743              33
   3.20999742              33
   3.21999741              33
   3.22999740              32
   3.23999739              32
   3.24999738              32
   3.25999737              31
   3.26999736              31
   3.27999735              31
   3.28999734              31
   3.29999733              31
   3.30999732              31
   3.31999731              31
   3.32999730              30
   3.33999729              30
   3.34999728              29
   3.35999727              29
   3.36999726              29
   3.37999725              29
   3.38999724              29
   3.39999723              29
   3.40999722              27
   3.41999722              26
   3.42999721              26
   3.43999720              26
   3.44999719              26
   3.45999718              26
   3.46999717              26
   3.47999716              26
   3.48999715              26
   3.49999714              25
   3.50999713              25
   3.51999712              25
   3.52999711              25
   3.53999710              25
   3.54999709              25
   3.55999708              25
   3.56999707              25
   3.57999706              25
   3.58999705              24
   3.59999704              24
   3.60999703              23
   3.61999702              23
   3.62999701              23
   3.63999701              23
   3.64999700              23
   3.65999699              23
   3.66999698              23
   3.67999697              22
   3.68999696              22
   3.69999695              22
   3.70999694              21
   3.71999693              21
   3.72999692              21
   3.73999691              21
   3.74999690              21
   3.75999689              21
   3.76999688              20
   3.77999687              20
   3.78999686              20
   3.79999685              20
   3.80999684              19
   3.81999683              19
   3.82999682              19
   3.83999681              19
   3.84999681              19
   3.85999680              19
   3.86999679              19
   3.87999678              19
   3.88999677              19
   3.89999676              19
   3.90999675              17
   3.91999674              17
   3.92999673              17
   3.93999672              17
   3.94999671              17
   3.95999670              15
   3.96999669              15
   3.97999668              14
   3.98999667              14
   3.99999666              14
   4.00999689              13
   4.01999712              13
   4.02999735              13
   4.03999758              13
   4.04999781              13
   4.05999804              12
   4.06999826              12
   4.07999849              12
   4.08999872              11
   4.09999895              11
   4.10999918              11
   4.11999941              10
   4.12999964              10
   4.13999987              10
   4.15000010              10
   4.16000032              10
   4.17000055              10
   4.18000078              10
   4.19000101              10
   4.20000124              10
   4.21000147              10
   4.22000170              10
   4.23000193              10
   4.24000216              10
   4.25000238              10
   4.26000261              10
   4.27000284              10
   4.28000307              10
   4.29000330              10
   4.30000353              10
   4.31000376              10
   4.32000399              10
   4.33000422              10
   4.34000444              10
   4.35000467              10
   4.36000490              10
   4.37000513              10
   4.38000536              10
   4.39000559              10
   4.40000582              10
   4.41000605              10
   4.42000628              10
   4.43000650              10
   4.44000673              10
   4.45000696              10
   4.46000719              10
   4.47000742              10
   4.48000765              10
   4.49000788              10
   4.50000811              10
   4.51000834              10
   4.52000856              10
   4.53000879              10
   4.54000902              10
   4.55000925              10
   4.56000948              10
   4.57000971              10
   4.58000994              10
   4.59001017              10
   4.60001040              10
   4.61001062              10
   4.62001085              10
   4.63001108              10
   4.64001131              10
   4.65001154              10
   4.66001177              10
   4.67001200               9
   4.68001223               9
   4.69001245               8
   4.70001268               7
   4.71001291               7
   4.72001314               7
   4.73001337               7
   4.74001360               7
   4.75001383               7
   4.76001406               7
   4.77001429               6
   4.78001451               6
   4.79001474               6
   4.80001497               6
   4.81001520               6
   4.82001543               6
   4.83001566               6
   4.84001589               6
   4.85001612               6
   4.86001635               6
   4.87001657               6
   4.88001680               6
   4.89001703               6
   4.90001726               6
   4.91001749               6
   4.92001772               6
   4.93001795               6
   4.94001818               6
   4.95001841               6
   4.96001863               6
   4.97001886               6
   4.98001909               6
   4.99001932               6
   5.00001955               6
   5.01001978               6
   5.02002001               6
   5.03002024               6
   5.04002047               6
   5.05002069               6
   5.06002092               6
   5.07002115               6
   5.08002138               6
   5.09002161               6
   5.10002184               6
   5.11002207               6
   5.12002230               6
   5.13002253               6
   5.14002275               6
   5.15002298               6
   5.16002321               6
   5.17002344               5
   5.18002367               5
   5.19002390               5
   5.20002413               5
   5.21002436               5
   5.22002459               5
   5.23002481               5
   5.24002504               5
   5.25002527               4
   5.26002550               4
   5.27002573               4
   5.28002596               4
   5.29002619               4
   5.30002642               4
   5.31002665               4
   5.32002687               4
   5.33002710               4
   5.34002733               4
   5.35002756               4
   5.36002779               4
   5.37002802               4
   5.38002825               4
   5.39002848               4
   5.40002871               4
   5.41002893               4
   5.42002916               4
   5.43002939               3
   5.44002962               3
   5.45002985               3
   5.46003008               3
   5.47003031               3
   5.48003054               3
   5.49003077               3
   5.50003099               3
   5.51003122               3
   5.52003145               3
   5.53003168               3
   5.54003191               3
   5.55003214               3
   5.56003237               3
   5.57003260               3
   5.58003283               3
   5.59003305               3
   5.60003328               3
   5.61003351               3
   5.62003374               3
   5.63003397               3
   5.64003420               3
   5.65003443               3
   5.66003466               3
   5.67003489               3
   5.68003511               3
   5.69003534               3
   5.70003557               3
   5.71003580               3
   5.72003603               3
   5.73003626               3
   5.74003649               3
   5.75003672               3
   5.76003695               3
   5.77003717               3
   5.78003740               3
   5.79003763               3
   5.80003786               3
   5.81003809               3
   5.82003832               2
   5.83003855               2
   5.84003878               2
   5.85003901               2
   5.86003923               2
   5.87003946               2
   5.88003969               2
   5.89003992               2
   5.90004015               2
   5.91004038               2
   5.92004061               2
   5.93004084               2
   5.94004107               2
   5.95004129               2
   5.96004152               2
   5.97004175               2
   5.98004198               2
   5.99004221               2
   6.00004244               2
   6.01004267               2
   6.02004290               2
   6.03004313               2
   6.04004335               2
   6.05004358               2
   6.06004381               2
   6.07004404               2
   6.08004427               2
   6.09004450               2
   6.10004473               2
   6.11004496               2
   6.12004519               2
   6.13004541               2
   6.14004564               2
   6.15004587               2
   6.16004610               2
   6.17004633               2
   6.18004656               2
   6.19004679               2
   6.20004702               2
   6.21004725               2
   6.22004747               2
   6.23004770               2
   6.24004793               2
   6.25004816               2
   6.26004839               2
   6.27004862               2
   6.28004885               2
   6.29004908               2
   6.30004930               2
   6.31004953               2
   6.32004976               2
   6.33004999               2
   6.34005022               2
   6.35005045               2
   6.36005068               2
   6.37005091               2
   6.38005114               2
   6.39005136               2
   6.40005159               2
   6.41005182               2
   6.42005205               2
   6.43005228               2
   6.44005251               2
   6.45005274               2
   6.46005297               2
   6.47005320               2
   6.48005342               2
   6.49005365               2
   6.50005388               2
   6.51005411               2
   6.52005434               2
   6.53005457               2
   6.54005480               2
   6.55005503               2
   6.56005526               2
   6.57005548               2
   6.58005571               2
   6.59005594               2
   6.60005617               2
   6.61005640               2
   6.62005663               2
   6.63005686               2
   6.64005709               2
   6.65005732               2
   6.66005754               2
   6.67005777               2
   6.68005800               2
   6.69005823               2
   6.70005846               2
   6.71005869               2
   6.72005892               2
   6.73005915               2
   6.74005938               2
   6.75005960               2
   6.76005983               2
   6.77006006               2
   6.78006029               2
   6.79006052               2
   6.80006075               2
   6.81006098               2
   6.82006121               2
   6.83006144               2
   6.84006166               2
   6.85006189               2
   6.86006212               1
   6.87006235               1
   6.88006258               1
   6.89006281               1
   6.90006304               1
   6.91006327               1
   6.92006350               1
   6.93006372               1
   6.94006395               1
   6.95006418               1
   6.96006441               1
   6.97006464               1
   6.98006487               1
   6.99006510               1
   7.00006533               1
   7.01006556               1
   7.02006578               1
   7.03006601               1
   7.04006624               1
   7.05006647               1
   7.06006670               1
   7.07006693               1
   7.08006716               1
   7.09006739               1
   7.10006762               1
   7.11006784               1
   7.12006807               1
   7.13006830               1
   7.14006853               1
   7.15006876               1
   7.16006899               1
   7.17006922               1
   7.18006945               1
   7.19006968               1
   7.20006990               1
   7.21007013               1
   7.22007036               1
   7.23007059               1
   7.24007082               1
   7.25007105               1
   7.26007128               1
   7.27007151               1
   7.28007174               1
   7.29007196               1
   7.30007219               1
   7.31007242               1
   7.32007265               1
   7.33007288               1
   7.34007311               1
   7.35007334               1
   7.36007357               1
   7.37007380               1
   7.38007402               1
   7.39007425               1
   7.40007448               1
   7.41007471               1
   7.42007494               1
   7.43007517               1
   7.44007540               1
   7.45007563               1
   7.46007586               1
   7.47007608               1
   7.48007631               1
   7.49007654               1
   7.50007677               1
   7.51007700               1
   7.52007723               1
   7.53007746               1
   7.54007769               1
   7.55007792               1
   7.56007814               1
   7.57007837               1
   7.58007860               1
   7.59007883               1
   7.60007906               1
   7.61007929               1
   7.62007952               1
   7.63007975               1
   7.64007998               1
   7.65008020               1
   7.66008043               1
   7.67008066               1
   7.68008089               1
   7.69008112               1
   7.70008135               1
   7.71008158               1
   7.72008181               1
   7.73008204               1
   7.74008226               1
   7.75008249               1
   7.76008272               1
   7.77008295               1
   7.78008318               1
   7.79008341               1
   7.80008364               1
   7.81008387               1
   7.82008410               1
   7.83008432               1
   7.84008455               1
   7.85008478               1
   7.86008501               1
   7.87008524               1
   7.88008547               0
   7.89008570               0
   7.90008593               0
   7.91008615               0
   7.92008638               0
   7.93008661               0
   7.94008684               0
   7.95008707               0
   7.96008730               0
   7.97008753               0
   7.98008776               0
   7.99008799               0
   8.00008774               0
