   0.00000000             988
   9.99999978E-03         975
   1.99999996E-02         965
   2.99999993E-02         958
   3.99999991E-02         949
   4.99999970E-02         938
   5.99999949E-02         929
   6.99999928E-02         917
   7.99999908E-02         908
   8.99999887E-02         902
   9.99999866E-02         894
  0.109999985             889
  0.119999982             872
  0.129999980             857
  0.139999986             848
  0.149999991             842
  0.159999996             830
  0.170000002             823
  0.180000007             817
  0.190000013             810
  0.200000018             803
  0.210000023             798
  0.220000029             786
  0.230000034             778
  0.240000039             773
  0.250000030             764
  0.260000020             756
  0.270000011             747
  0.280000001             741
  0.289999992             734
  0.299999982             727
  0.309999973             719
  0.319999963             711
  0.329999954             701
  0.339999944             692
  0.349999934             687
  0.359999925             677
  0.369999915             669
  0.379999906             662
  0.389999896             658
  0.399999887             649
  0.409999877             641
  0.419999868             636
  0.429999858             627
  0.439999849             620
  0.449999839             612
  0.459999830             606
  0.469999820             600
  0.479999810             594
  0.489999801             590
  0.499999791             581
  0.509999812             576
  0.519999802             567
  0.529999793             558
  0.539999783             549
  0.549999774             545
  0.559999764             540
  0.569999754             530
  0.579999745             525
  0.589999735             522
  0.599999726             518
  0.609999716             514
  0.619999707             510
  0.629999697             506
  0.639999688             501
  0.649999678             498
  0.659999669             493
  0.669999659             487
  0.679999650             480
  0.689999640             479
  0.699999630             473
  0.709999621             466
  0.719999611             464
  0.729999602             460
  0.739999592             458
  0.749999583             454
  0.759999573             449
  0.769999564             444
  0.779999554             438
  0.789999545             437
  0.799999535             435
  0.809999526             429
  0.819999516             425
  0.829999506             420
  0.839999497             416
  0.849999487             414
  0.859999478             410
  0.869999468             407
  0.879999459             403
  0.889999449             402
  0.899999440             397
  0.909999430             391
  0.919999421             391
  0.929999411             388
  0.939999402             380
  0.949999392             378
  0.959999382             373
  0.969999373             369
  0.979999363             367
  0.989999354             360
  0.999999344             355
   1.00999939             354
   1.01999938             352
   1.02999938             351
   1.03999937             346
   1.04999936             342
   1.05999935             340
   1.06999934             337
   1.07999933             333
   1.08999932             331
   1.09999931             324
   1.10999930             323
   1.11999929             318
   1.12999928             315
   1.13999927             309
   1.14999926             308
   1.15999925             301
   1.16999924             296
   1.17999923             294
   1.18999922             293
   1.19999921             289
   1.20999920             285
   1.21999919             284
   1.22999918             282
   1.23999918             279
   1.24999917             276
   1.25999916             274
   1.26999915             272
   1.27999914             267
   1.28999913             264
   1.29999912             264
   1.30999911             260
   1.31999910             258
   1.32999909             254
   1.33999908             252
   1.34999907             250
   1.35999906             249
   1.36999905             246
   1.37999904             244
   1.38999903             242
   1.39999902             237
   1.40999901             236
   1.41999900             233
   1.42999899             227
   1.43999898             224
   1.44999897             218
   1.45999897             216
   1.46999896             216
   1.47999895             215
   1.48999894             213
   1.49999893             211
   1.50999892             207
   1.51999891             206
   1.52999890             204
   1.53999889             204
   1.54999888             201
   1.55999887             199
   1.56999886             199
   1.57999885             197
   1.58999884             194
   1.59999883             192
   1.60999882             191
   1.61999881             191
   1.62999880             190
   1.63999879             189
   1.64999878             188
   1.65999877             184
   1.66999876             184
   1.67999876             183
   1.68999875             182
   1.69999874             179
   1.70999873             177
   1.71999872             177
   1.72999871             176
   1.73999870             173
   1.74999869             171
   1.75999868             169
   1.76999867             167
   1.77999866             166
   1.78999865             165
   1.79999864             162
   1.80999863             160
   1.81999862             158
   1.82999861             158
   1.83999860             157
   1.84999859             156
   1.85999858             154
   1.86999857             152
   1.87999856             152
   1.88999856             151
   1.89999855             147
   1.90999854             145
   1.91999853             144
   1.92999852             143
   1.93999851             142
   1.94999850             141
   1.95999849             139
   1.96999848             137
   1.97999847             135
   1.98999846             135
   1.99999845             133
   2.00999856             129
   2.01999855             127
   2.02999854             127
   2.03999853             126
   2.04999852             125
   2.05999851             123
   2.06999850             121
   2.07999849             120
   2.08999848             119
   2.09999847             117
   2.10999846             116
   2.11999846             114
   2.12999845             113
   2.13999844             111
   2.14999843             111
   2.15999842             111
   2.16999841             111
   2.17999840             110
   2.18999839             109
   2.19999838             108
   2.20999837             107
   2.21999836             105
   2.22999835             104
   2.23999834             104
   2.24999833             104
   2.25999832             102
   2.26999831             102
   2.27999830             100
   2.28999829              98
   2.29999828              98
   2.30999827              97
   2.31999826              96
   2.32999825              95
   2.33999825              92
   2.34999824              91
   2.35999823              91
   2.36999822              91
   2.37999821              91
   2.38999820              90
   2.39999819              90
   2.40999818              88
   2.41999817              85
   2.42999816              85
   2.43999815              85
   2.44999814              85
   2.45999813              84
   2.46999812              84
   2.47999811              84
   2.48999810              84
   2.49999809              83
   2.50999808              82
   2.51999807              79
   2.52999806              79
   2.53999805              79
   2.54999804              79
   2.55999804              79
   2.56999803              78
   2.57999802              77
   2.58999801              76
   2.59999800              74
   2.60999799              73
   2.61999798              72
   2.62999797              72
   2.63999796              71
   2.64999795              71
   2.65999794              71
   2.66999793              69
   2.67999792              69
   2.68999791              68
   2.69999790              68
   2.70999789              67
   2.71999788              67
   2.72999787              66
   2.73999786              66
   2.74999785              66
   2.75999784              66
   2.76999784              65
   2.77999783              64
   2.78999782              62
   2.79999781              62
   2.80999780              62
   2.81999779              58
   2.82999778              58
   2.83999777              56
   2.84999776              56
   2.85999775              56
   2.86999774              55
   2.87999773              54
   2.88999772              54
   2.89999771              54
   2.90999770              54
   2.91999769              53
   2.92999768              53
   2.93999767              53
   2.94999766              52
   2.95999765              51
   2.96999764              51
   2.97999763              51
   2.98999763              51
   2.99999762              50
   3.00999761              50
   3.01999760              50
   3.02999759              49
   3.03999758              48
   3.04999757              48
   3.05999756              48
   3.06999755              48
   3.07999754              48
   3.08999753              48
   3.09999752              47
   3.10999751              46
   3.11999750              46
   3.12999749              45
   3.13999748              45
   3.14999747              44
   3.15999746              44
   3.16999745              44
   3.17999744              43
   3.18999743              43
   3.19999743              41
   3.20999742              41
   3.21999741              40
   3.22999740              40
   3.23999739              40
   3.24999738              40
   3.25999737              38
   3.26999736              37
   3.27999735              37
   3.28999734              37
   3.29999733              37
   3.30999732              37
   3.31999731              37
   3.32999730              37
   3.33999729              37
   3.34999728              37
   3.35999727              37
   3.36999726              37
   3.37999725              37
   3.38999724              37
   3.39999723              37
   3.40999722              37
   3.41999722              36
   3.42999721              36
   3.43999720              36
   3.44999719              36
   3.45999718              36
   3.46999717              35
   3.47999716              35
   3.48999715              34
   3.49999714              34
   3.50999713              34
   3.51999712              34
   3.52999711              34
   3.53999710              34
   3.54999709              33
   3.55999708              33
   3.56999707              32
   3.57999706              32
   3.58999705              31
   3.59999704              31
   3.60999703              31
   3.61999702              29
   3.62999701              28
   3.63999701              28
   3.64999700              27
   3.65999699              27
   3.66999698              27
   3.67999697              27
   3.68999696              27
   3.69999695              27
   3.70999694              26
   3.71999693              26
   3.72999692              26
   3.73999691              26
   3.74999690              26
   3.75999689              25
   3.76999688              25
   3.77999687              25
   3.78999686              25
   3.79999685              24
   3.80999684              24
   3.81999683              24
   3.82999682              24
   3.83999681              23
   3.84999681              23
   3.85999680              23
   3.86999679              23
   3.87999678              23
   3.88999677              23
   3.89999676              23
   3.90999675              23
   3.91999674              23
   3.92999673              22
   3.93999672              22
   3.94999671              22
   3.95999670              21
   3.96999669              21
   3.97999668              21
   3.98999667              21
   3.99999666              20
   4.00999689              20
   4.01999712              19
   4.02999735              19
   4.03999758              19
   4.04999781              19
   4.05999804              19
   4.06999826              19
   4.07999849              19
   4.08999872              19
   4.09999895              19
   4.10999918              19
   4.11999941              19
   4.12999964              18
   4.13999987              18
   4.15000010              18
   4.16000032              18
   4.17000055              18
   4.18000078              18
   4.19000101              18
   4.20000124              18
   4.21000147              18
   4.22000170              16
   4.23000193              16
   4.24000216              16
   4.25000238              16
   4.26000261              16
   4.27000284              16
   4.28000307              16
   4.29000330              16
   4.30000353              16
   4.31000376              16
   4.32000399              16
   4.33000422              16
   4.34000444              15
   4.35000467              15
   4.36000490              14
   4.37000513              14
   4.38000536              14
   4.39000559              14
   4.40000582              14
   4.41000605              14
   4.42000628              14
   4.43000650              14
   4.44000673              14
   4.45000696              12
   4.46000719              11
   4.47000742              11
   4.48000765              11
   4.49000788              11
   4.50000811              11
   4.51000834              11
   4.52000856              11
   4.53000879              11
   4.54000902              11
   4.55000925              11
   4.56000948              11
   4.57000971              11
   4.58000994              11
   4.59001017              11
   4.60001040              10
   4.61001062              10
   4.62001085              10
   4.63001108              10
   4.64001131              10
   4.65001154              10
   4.66001177              10
   4.67001200              10
   4.68001223              10
   4.69001245              10
   4.70001268               9
   4.71001291               9
   4.72001314               9
   4.73001337               9
   4.74001360               9
   4.75001383               9
   4.76001406               9
   4.77001429               9
   4.78001451               9
   4.79001474               9
   4.80001497               9
   4.81001520               8
   4.82001543               8
   4.83001566               8
   4.84001589               8
   4.85001612               8
   4.86001635               8
   4.87001657               8
   4.88001680               8
   4.89001703               8
   4.90001726               8
   4.91001749               8
   4.92001772               8
   4.93001795               8
   4.94001818               8
   4.95001841               8
   4.96001863               8
   4.97001886               8
   4.98001909               8
   4.99001932               8
   5.00001955               8
   5.01001978               8
   5.02002001               8
   5.03002024               7
   5.04002047               7
   5.05002069               7
   5.06002092               7
   5.07002115               7
   5.08002138               7
   5.09002161               7
   5.10002184               7
   5.11002207               7
   5.12002230               7
   5.13002253               6
   5.14002275               6
   5.15002298               6
   5.16002321               6
   5.17002344               6
   5.18002367               6
   5.19002390               6
   5.20002413               6
   5.21002436               6
   5.22002459               6
   5.23002481               6
   5.24002504               6
   5.25002527               6
   5.26002550               6
   5.27002573               6
   5.28002596               6
   5.29002619               6
   5.30002642               6
   5.31002665               6
   5.32002687               6
   5.33002710               6
   5.34002733               6
   5.35002756               6
   5.36002779               6
   5.37002802               6
   5.38002825               6
   5.39002848               6
   5.40002871               6
   5.41002893               6
   5.42002916               6
   5.43002939               6
   5.44002962               6
   5.45002985               6
   5.46003008               6
   5.47003031               6
   5.48003054               6
   5.49003077               5
   5.50003099               4
   5.51003122               4
   5.52003145               4
   5.53003168               4
   5.54003191               4
   5.55003214               4
   5.56003237               4
   5.57003260               4
   5.58003283               4
   5.59003305               4
   5.60003328               4
   5.61003351               4
   5.62003374               4
   5.63003397               4
   5.64003420               4
   5.65003443               4
   5.66003466               4
   5.67003489               4
   5.68003511               4
   5.69003534               4
   5.70003557               4
   5.71003580               4
   5.72003603               4
   5.73003626               4
   5.74003649               4
   5.75003672               4
   5.76003695               4
   5.77003717               4
   5.78003740               4
   5.79003763               4
   5.80003786               4
   5.81003809               4
   5.82003832               4
   5.83003855               4
   5.84003878               4
   5.85003901               4
   5.86003923               4
   5.87003946               4
   5.88003969               4
   5.89003992               4
   5.90004015               4
   5.91004038               4
   5.92004061               3
   5.93004084               3
   5.94004107               3
   5.95004129               3
   5.96004152               3
   5.97004175               3
   5.98004198               3
   5.99004221               3
   6.00004244               3
   6.01004267               3
   6.02004290               3
   6.03004313               2
   6.04004335               2
   6.05004358               2
   6.06004381               2
   6.07004404               1
   6.08004427               1
   6.09004450               1
   6.10004473               1
   6.11004496               1
   6.12004519               1
   6.13004541               1
   6.14004564               1
   6.15004587               1
   6.16004610               1
   6.17004633               1
   6.18004656               1
   6.19004679               1
   6.20004702               1
   6.21004725               1
   6.22004747               1
   6.23004770               1
   6.24004793               1
   6.25004816               1
   6.26004839               1
   6.27004862               1
   6.28004885               1
   6.29004908               1
   6.30004930               1
   6.31004953               1
   6.32004976               1
   6.33004999               1
   6.34005022               1
   6.35005045               1
   6.36005068               1
   6.37005091               1
   6.38005114               1
   6.39005136               1
   6.40005159               1
   6.41005182               1
   6.42005205               1
   6.43005228               1
   6.44005251               1
   6.45005274               1
   6.46005297               1
   6.47005320               1
   6.48005342               1
   6.49005365               1
   6.50005388               1
   6.51005411               1
   6.52005434               1
   6.53005457               1
   6.54005480               1
   6.55005503               1
   6.56005526               1
   6.57005548               1
   6.58005571               1
   6.59005594               1
   6.60005617               1
   6.61005640               1
   6.62005663               1
   6.63005686               1
   6.64005709               1
   6.65005732               1
   6.66005754               1
   6.67005777               1
   6.68005800               1
   6.69005823               1
   6.70005846               1
   6.71005869               1
   6.72005892               1
   6.73005915               1
   6.74005938               1
   6.75005960               1
   6.76005983               1
   6.77006006               1
   6.78006029               1
   6.79006052               1
   6.80006075               1
   6.81006098               1
   6.82006121               1
   6.83006144               1
   6.84006166               1
   6.85006189               1
   6.86006212               1
   6.87006235               1
   6.88006258               1
   6.89006281               1
   6.90006304               1
   6.91006327               1
   6.92006350               1
   6.93006372               1
   6.94006395               1
   6.95006418               1
   6.96006441               1
   6.97006464               1
   6.98006487               1
   6.99006510               1
   7.00006533               1
   7.01006556               1
   7.02006578               1
   7.03006601               1
   7.04006624               1
   7.05006647               1
   7.06006670               1
   7.07006693               1
   7.08006716               1
   7.09006739               1
   7.10006762               1
   7.11006784               1
   7.12006807               1
   7.13006830               1
   7.14006853               1
   7.15006876               1
   7.16006899               1
   7.17006922               1
   7.18006945               1
   7.19006968               1
   7.20006990               1
   7.21007013               1
   7.22007036               1
   7.23007059               1
   7.24007082               1
   7.25007105               1
   7.26007128               1
   7.27007151               1
   7.28007174               1
   7.29007196               1
   7.30007219               1
   7.31007242               1
   7.32007265               1
   7.33007288               1
   7.34007311               1
   7.35007334               1
   7.36007357               1
   7.37007380               1
   7.38007402               1
   7.39007425               1
   7.40007448               1
   7.41007471               1
   7.42007494               1
   7.43007517               1
   7.44007540               1
   7.45007563               1
   7.46007586               1
   7.47007608               1
   7.48007631               1
   7.49007654               1
   7.50007677               1
   7.51007700               1
   7.52007723               1
   7.53007746               1
   7.54007769               1
   7.55007792               1
   7.56007814               1
   7.57007837               1
   7.58007860               1
   7.59007883               1
   7.60007906               1
   7.61007929               1
   7.62007952               1
   7.63007975               1
   7.64007998               1
   7.65008020               1
   7.66008043               1
   7.67008066               1
   7.68008089               1
   7.69008112               1
   7.70008135               1
   7.71008158               1
   7.72008181               1
   7.73008204               1
   7.74008226               1
   7.75008249               1
   7.76008272               1
   7.77008295               1
   7.78008318               1
   7.79008341               1
   7.80008364               1
   7.81008387               1
   7.82008410               1
   7.83008432               1
   7.84008455               1
   7.85008478               1
   7.86008501               1
   7.87008524               1
   7.88008547               1
   7.89008570               1
   7.90008593               1
   7.91008615               1
   7.92008638               1
   7.93008661               1
   7.94008684               1
   7.95008707               1
   7.96008730               1
   7.97008753               1
   7.98008776               1
   7.99008799               1
   8.00008774               1
