   0.00000000             992
   9.99999978E-03         981
   1.99999996E-02         974
   2.99999993E-02         963
   3.99999991E-02         950
   4.99999970E-02         943
   5.99999949E-02         934
   6.99999928E-02         922
   7.99999908E-02         917
   8.99999887E-02         905
   9.99999866E-02         899
  0.109999985             894
  0.119999982             885
  0.129999980             879
  0.139999986             870
  0.149999991             863
  0.159999996             853
  0.170000002             845
  0.180000007             839
  0.190000013             828
  0.200000018             815
  0.210000023             808
  0.220000029             800
  0.230000034             793
  0.240000039             782
  0.250000030             776
  0.260000020             770
  0.270000011             756
  0.280000001             750
  0.289999992             739
  0.299999982             736
  0.309999973             732
  0.319999963             727
  0.329999954             717
  0.339999944             708
  0.349999934             699
  0.359999925             690
  0.369999915             682
  0.379999906             676
  0.389999896             665
  0.399999887             660
  0.409999877             651
  0.419999868             646
  0.429999858             639
  0.439999849             632
  0.449999839             628
  0.459999830             623
  0.469999820             614
  0.479999810             613
  0.489999801             610
  0.499999791             610
  0.509999812             608
  0.519999802             602
  0.529999793             592
  0.539999783             589
  0.549999774             585
  0.559999764             581
  0.569999754             572
  0.579999745             569
  0.589999735             557
  0.599999726             555
  0.609999716             554
  0.619999707             548
  0.629999697             544
  0.639999688             539
  0.649999678             532
  0.659999669             524
  0.669999659             519
  0.679999650             515
  0.689999640             508
  0.699999630             504
  0.709999621             502
  0.719999611             500
  0.729999602             497
  0.739999592             493
  0.749999583             485
  0.759999573             483
  0.769999564             474
  0.779999554             473
  0.789999545             471
  0.799999535             470
  0.809999526             469
  0.819999516             465
  0.829999506             460
  0.839999497             453
  0.849999487             450
  0.859999478             446
  0.869999468             442
  0.879999459             439
  0.889999449             439
  0.899999440             438
  0.909999430             431
  0.919999421             422
  0.929999411             419
  0.939999402             418
  0.949999392             416
  0.959999382             412
  0.969999373             402
  0.979999363             399
  0.989999354             398
  0.999999344             394
   1.00999939             389
   1.01999938             384
   1.02999938             377
   1.03999937             375
   1.04999936             370
   1.05999935             365
   1.06999934             365
   1.07999933             362
   1.08999932             360
   1.09999931             354
   1.10999930             349
   1.11999929             347
   1.12999928             345
   1.13999927             344
   1.14999926             341
   1.15999925             340
   1.16999924             337
   1.17999923             333
   1.18999922             332
   1.19999921             331
   1.20999920             327
   1.21999919             325
   1.22999918             317
   1.23999918             313
   1.24999917             308
   1.25999916             308
   1.26999915             304
   1.27999914             302
   1.28999913             300
   1.29999912             298
   1.30999911             292
   1.31999910             288
   1.32999909             284
   1.33999908             282
   1.34999907             280
   1.35999906             276
   1.36999905             273
   1.37999904             272
   1.38999903             270
   1.39999902             267
   1.40999901             264
   1.41999900             259
   1.42999899             256
   1.43999898             251
   1.44999897             250
   1.45999897             247
   1.46999896             247
   1.47999895             247
   1.48999894             242
   1.49999893             241
   1.50999892             237
   1.51999891             236
   1.52999890             235
   1.53999889             232
   1.54999888             229
   1.55999887             229
   1.56999886             227
   1.57999885             224
   1.58999884             222
   1.59999883             218
   1.60999882             218
   1.61999881             216
   1.62999880             212
   1.63999879             210
   1.64999878             208
   1.65999877             205
   1.66999876             205
   1.67999876             203
   1.68999875             201
   1.69999874             200
   1.70999873             198
   1.71999872             196
   1.72999871             194
   1.73999870             193
   1.74999869             188
   1.75999868             185
   1.76999867             183
   1.77999866             182
   1.78999865             181
   1.79999864             181
   1.80999863             178
   1.81999862             176
   1.82999861             176
   1.83999860             175
   1.84999859             174
   1.85999858             173
   1.86999857             172
   1.87999856             169
   1.88999856             169
   1.89999855             167
   1.90999854             165
   1.91999853             162
   1.92999852             160
   1.93999851             160
   1.94999850             159
   1.95999849             159
   1.96999848             156
   1.97999847             153
   1.98999846             150
   1.99999845             148
   2.00999856             147
   2.01999855             146
   2.02999854             144
   2.03999853             143
   2.04999852             140
   2.05999851             140
   2.06999850             138
   2.07999849             136
   2.08999848             130
   2.09999847             130
   2.10999846             129
   2.11999846             128
   2.12999845             125
   2.13999844             125
   2.14999843             124
   2.15999842             123
   2.16999841             123
   2.17999840             123
   2.18999839             122
   2.19999838             119
   2.20999837             119
   2.21999836             119
   2.22999835             118
   2.23999834             117
   2.24999833             117
   2.25999832             117
   2.26999831             117
   2.27999830             116
   2.28999829             114
   2.29999828             111
   2.30999827             110
   2.31999826             110
   2.32999825             110
   2.33999825             110
   2.34999824             108
   2.35999823             108
   2.36999822             107
   2.37999821             107
   2.38999820             107
   2.39999819             107
   2.40999818             107
   2.41999817             106
   2.42999816             104
   2.43999815             101
   2.44999814              98
   2.45999813              96
   2.46999812              95
   2.47999811              93
   2.48999810              93
   2.49999809              93
   2.50999808              91
   2.51999807              90
   2.52999806              89
   2.53999805              89
   2.54999804              89
   2.55999804              89
   2.56999803              89
   2.57999802              87
   2.58999801              87
   2.59999800              87
   2.60999799              86
   2.61999798              86
   2.62999797              86
   2.63999796              86
   2.64999795              85
   2.65999794              83
   2.66999793              82
   2.67999792              80
   2.68999791              79
   2.69999790              77
   2.70999789              77
   2.71999788              76
   2.72999787              76
   2.73999786              76
   2.74999785              75
   2.75999784              75
   2.76999784              74
   2.77999783              74
   2.78999782              74
   2.79999781              72
   2.80999780              72
   2.81999779              70
   2.82999778              70
   2.83999777              70
   2.84999776              70
   2.85999775              68
   2.86999774              66
   2.87999773              64
   2.88999772              63
   2.89999771              63
   2.90999770              62
   2.91999769              61
   2.92999768              59
   2.93999767              59
   2.94999766              59
   2.95999765              59
   2.96999764              58
   2.97999763              58
   2.98999763              58
   2.99999762              56
   3.00999761              56
   3.01999760              56
   3.02999759              55
   3.03999758              55
   3.04999757              54
   3.05999756              54
   3.06999755              54
   3.07999754              54
   3.08999753              54
   3.09999752              53
   3.10999751              52
   3.11999750              51
   3.12999749              49
   3.13999748              48
   3.14999747              47
   3.15999746              47
   3.16999745              46
   3.17999744              46
   3.18999743              46
   3.19999743              46
   3.20999742              45
   3.21999741              45
   3.22999740              43
   3.23999739              43
   3.24999738              43
   3.25999737              42
   3.26999736              42
   3.27999735              41
   3.28999734              40
   3.29999733              40
   3.30999732              40
   3.31999731              40
   3.32999730              40
   3.33999729              40
   3.34999728              39
   3.35999727              39
   3.36999726              38
   3.37999725              38
   3.38999724              38
   3.39999723              38
   3.40999722              36
   3.41999722              36
   3.42999721              35
   3.43999720              34
   3.44999719              33
   3.45999718              33
   3.46999717              32
   3.47999716              31
   3.48999715              31
   3.49999714              31
   3.50999713              31
   3.51999712              31
   3.52999711              30
   3.53999710              29
   3.54999709              28
   3.55999708              28
   3.56999707              28
   3.57999706              28
   3.58999705              28
   3.59999704              26
   3.60999703              26
   3.61999702              26
   3.62999701              26
   3.63999701              26
   3.64999700              26
   3.65999699              26
   3.66999698              26
   3.67999697              26
   3.68999696              26
   3.69999695              26
   3.70999694              26
   3.71999693              25
   3.72999692              25
   3.73999691              25
   3.74999690              25
   3.75999689              25
   3.76999688              25
   3.77999687              25
   3.78999686              25
   3.79999685              25
   3.80999684              25
   3.81999683              24
   3.82999682              24
   3.83999681              24
   3.84999681              23
   3.85999680              22
   3.86999679              22
   3.87999678              22
   3.88999677              21
   3.89999676              21
   3.90999675              21
   3.91999674              20
   3.92999673              20
   3.93999672              20
   3.94999671              20
   3.95999670              20
   3.96999669              20
   3.97999668              20
   3.98999667              20
   3.99999666              20
   4.00999689              20
   4.01999712              20
   4.02999735              20
   4.03999758              19
   4.04999781              18
   4.05999804              18
   4.06999826              18
   4.07999849              18
   4.08999872              17
   4.09999895              17
   4.10999918              17
   4.11999941              17
   4.12999964              17
   4.13999987              16
   4.15000010              16
   4.16000032              16
   4.17000055              16
   4.18000078              16
   4.19000101              16
   4.20000124              15
   4.21000147              14
   4.22000170              14
   4.23000193              14
   4.24000216              14
   4.25000238              14
   4.26000261              14
   4.27000284              14
   4.28000307              14
   4.29000330              14
   4.30000353              14
   4.31000376              14
   4.32000399              14
   4.33000422              14
   4.34000444              14
   4.35000467              14
   4.36000490              14
   4.37000513              14
   4.38000536              14
   4.39000559              14
   4.40000582              14
   4.41000605              14
   4.42000628              14
   4.43000650              13
   4.44000673              13
   4.45000696              13
   4.46000719              13
   4.47000742              13
   4.48000765              13
   4.49000788              13
   4.50000811              13
   4.51000834              13
   4.52000856              13
   4.53000879              13
   4.54000902              13
   4.55000925              13
   4.56000948              13
   4.57000971              12
   4.58000994              12
   4.59001017              12
   4.60001040              12
   4.61001062              11
   4.62001085              11
   4.63001108              11
   4.64001131              11
   4.65001154              11
   4.66001177              11
   4.67001200              11
   4.68001223              11
   4.69001245              11
   4.70001268              11
   4.71001291              11
   4.72001314              11
   4.73001337              11
   4.74001360              11
   4.75001383              11
   4.76001406              11
   4.77001429              11
   4.78001451              11
   4.79001474              11
   4.80001497              10
   4.81001520              10
   4.82001543              10
   4.83001566              10
   4.84001589              10
   4.85001612               9
   4.86001635               9
   4.87001657               9
   4.88001680               8
   4.89001703               8
   4.90001726               8
   4.91001749               7
   4.92001772               7
   4.93001795               7
   4.94001818               7
   4.95001841               7
   4.96001863               7
   4.97001886               7
   4.98001909               7
   4.99001932               7
   5.00001955               7
   5.01001978               7
   5.02002001               7
   5.03002024               7
   5.04002047               7
   5.05002069               7
   5.06002092               7
   5.07002115               7
   5.08002138               7
   5.09002161               7
   5.10002184               7
   5.11002207               7
   5.12002230               7
   5.13002253               6
   5.14002275               6
   5.15002298               6
   5.16002321               6
   5.17002344               6
   5.18002367               6
   5.19002390               6
   5.20002413               6
   5.21002436               6
   5.22002459               5
   5.23002481               5
   5.24002504               5
   5.25002527               5
   5.26002550               4
   5.27002573               4
   5.28002596               4
   5.29002619               4
   5.30002642               4
   5.31002665               4
   5.32002687               4
   5.33002710               4
   5.34002733               4
   5.35002756               4
   5.36002779               4
   5.37002802               4
   5.38002825               4
   5.39002848               4
   5.40002871               4
   5.41002893               4
   5.42002916               3
   5.43002939               3
   5.44002962               3
   5.45002985               3
   5.46003008               3
   5.47003031               3
   5.48003054               3
   5.49003077               3
   5.50003099               3
   5.51003122               3
   5.52003145               3
   5.53003168               3
   5.54003191               3
   5.55003214               2
   5.56003237               2
   5.57003260               2
   5.58003283               2
   5.59003305               2
   5.60003328               2
   5.61003351               2
   5.62003374               2
   5.63003397               2
   5.64003420               2
   5.65003443               2
   5.66003466               2
   5.67003489               2
   5.68003511               2
   5.69003534               2
   5.70003557               2
   5.71003580               2
   5.72003603               2
   5.73003626               2
   5.74003649               2
   5.75003672               2
   5.76003695               2
   5.77003717               2
   5.78003740               2
   5.79003763               2
   5.80003786               2
   5.81003809               2
   5.82003832               2
   5.83003855               2
   5.84003878               2
   5.85003901               2
   5.86003923               2
   5.87003946               2
   5.88003969               2
   5.89003992               2
   5.90004015               2
   5.91004038               2
   5.92004061               2
   5.93004084               2
   5.94004107               2
   5.95004129               2
   5.96004152               2
   5.97004175               2
   5.98004198               2
   5.99004221               2
   6.00004244               2
   6.01004267               2
   6.02004290               2
   6.03004313               2
   6.04004335               2
   6.05004358               2
   6.06004381               2
   6.07004404               2
   6.08004427               2
   6.09004450               2
   6.10004473               2
   6.11004496               2
   6.12004519               2
   6.13004541               2
   6.14004564               2
   6.15004587               2
   6.16004610               2
   6.17004633               2
   6.18004656               2
   6.19004679               1
   6.20004702               1
   6.21004725               1
   6.22004747               1
   6.23004770               1
   6.24004793               1
   6.25004816               1
   6.26004839               1
   6.27004862               1
   6.28004885               1
   6.29004908               1
   6.30004930               1
   6.31004953               1
   6.32004976               1
   6.33004999               1
   6.34005022               1
   6.35005045               1
   6.36005068               1
   6.37005091               1
   6.38005114               1
   6.39005136               1
   6.40005159               1
   6.41005182               1
   6.42005205               1
   6.43005228               1
   6.44005251               1
   6.45005274               1
   6.46005297               1
   6.47005320               1
   6.48005342               1
   6.49005365               1
   6.50005388               1
   6.51005411               1
   6.52005434               1
   6.53005457               1
   6.54005480               1
   6.55005503               1
   6.56005526               1
   6.57005548               1
   6.58005571               1
   6.59005594               1
   6.60005617               1
   6.61005640               1
   6.62005663               1
   6.63005686               1
   6.64005709               1
   6.65005732               1
   6.66005754               1
   6.67005777               1
   6.68005800               1
   6.69005823               1
   6.70005846               1
   6.71005869               1
   6.72005892               1
   6.73005915               1
   6.74005938               1
   6.75005960               1
   6.76005983               1
   6.77006006               1
   6.78006029               1
   6.79006052               1
   6.80006075               1
   6.81006098               1
   6.82006121               1
   6.83006144               1
   6.84006166               1
   6.85006189               1
   6.86006212               1
   6.87006235               1
   6.88006258               1
   6.89006281               1
   6.90006304               1
   6.91006327               1
   6.92006350               1
   6.93006372               1
   6.94006395               1
   6.95006418               1
   6.96006441               1
   6.97006464               1
   6.98006487               1
   6.99006510               1
   7.00006533               1
   7.01006556               1
   7.02006578               1
   7.03006601               1
   7.04006624               1
   7.05006647               1
   7.06006670               1
   7.07006693               1
   7.08006716               1
   7.09006739               1
   7.10006762               1
   7.11006784               1
   7.12006807               1
   7.13006830               1
   7.14006853               1
   7.15006876               1
   7.16006899               1
   7.17006922               1
   7.18006945               1
   7.19006968               1
   7.20006990               1
   7.21007013               1
   7.22007036               1
   7.23007059               1
   7.24007082               0
   7.25007105               0
   7.26007128               0
   7.27007151               0
   7.28007174               0
   7.29007196               0
   7.30007219               0
   7.31007242               0
   7.32007265               0
   7.33007288               0
   7.34007311               0
   7.35007334               0
   7.36007357               0
   7.37007380               0
   7.38007402               0
   7.39007425               0
   7.40007448               0
   7.41007471               0
   7.42007494               0
   7.43007517               0
   7.44007540               0
   7.45007563               0
   7.46007586               0
   7.47007608               0
   7.48007631               0
   7.49007654               0
   7.50007677               0
   7.51007700               0
   7.52007723               0
   7.53007746               0
   7.54007769               0
   7.55007792               0
   7.56007814               0
   7.57007837               0
   7.58007860               0
   7.59007883               0
   7.60007906               0
   7.61007929               0
   7.62007952               0
   7.63007975               0
   7.64007998               0
   7.65008020               0
   7.66008043               0
   7.67008066               0
   7.68008089               0
   7.69008112               0
   7.70008135               0
   7.71008158               0
   7.72008181               0
   7.73008204               0
   7.74008226               0
   7.75008249               0
   7.76008272               0
   7.77008295               0
   7.78008318               0
   7.79008341               0
   7.80008364               0
   7.81008387               0
   7.82008410               0
   7.83008432               0
   7.84008455               0
   7.85008478               0
   7.86008501               0
   7.87008524               0
   7.88008547               0
   7.89008570               0
   7.90008593               0
   7.91008615               0
   7.92008638               0
   7.93008661               0
   7.94008684               0
   7.95008707               0
   7.96008730               0
   7.97008753               0
   7.98008776               0
   7.99008799               0
   8.00008774               0
