   0.00000000             990
   9.99999978E-03         973
   1.99999996E-02         963
   2.99999993E-02         955
   3.99999991E-02         943
   4.99999970E-02         930
   5.99999949E-02         926
   6.99999928E-02         914
   7.99999908E-02         909
   8.99999887E-02         904
   9.99999866E-02         896
  0.109999985             888
  0.119999982             883
  0.129999980             873
  0.139999986             868
  0.149999991             860
  0.159999996             851
  0.170000002             841
  0.180000007             836
  0.190000013             828
  0.200000018             821
  0.210000023             812
  0.220000029             802
  0.230000034             792
  0.240000039             786
  0.250000030             780
  0.260000020             772
  0.270000011             758
  0.280000001             752
  0.289999992             746
  0.299999982             739
  0.309999973             732
  0.319999963             720
  0.329999954             712
  0.339999944             704
  0.349999934             692
  0.359999925             680
  0.369999915             674
  0.379999906             670
  0.389999896             665
  0.399999887             656
  0.409999877             651
  0.419999868             644
  0.429999858             637
  0.439999849             628
  0.449999839             617
  0.459999830             615
  0.469999820             609
  0.479999810             602
  0.489999801             598
  0.499999791             591
  0.509999812             580
  0.519999802             571
  0.529999793             563
  0.539999783             557
  0.549999774             553
  0.559999764             545
  0.569999754             541
  0.579999745             535
  0.589999735             531
  0.599999726             524
  0.609999716             518
  0.619999707             512
  0.629999697             501
  0.639999688             496
  0.649999678             491
  0.659999669             486
  0.669999659             473
  0.679999650             469
  0.689999640             462
  0.699999630             460
  0.709999621             456
  0.719999611             450
  0.729999602             445
  0.739999592             440
  0.749999583             432
  0.759999573             427
  0.769999564             421
  0.779999554             412
  0.789999545             409
  0.799999535             405
  0.809999526             402
  0.819999516             399
  0.829999506             398
  0.839999497             396
  0.849999487             392
  0.859999478             388
  0.869999468             384
  0.879999459             379
  0.889999449             373
  0.899999440             370
  0.909999430             367
  0.919999421             359
  0.929999411             355
  0.939999402             351
  0.949999392             347
  0.959999382             342
  0.969999373             339
  0.979999363             337
  0.989999354             335
  0.999999344             329
   1.00999939             329
   1.01999938             329
   1.02999938             325
   1.03999937             323
   1.04999936             322
   1.05999935             318
   1.06999934             315
   1.07999933             312
   1.08999932             309
   1.09999931             306
   1.10999930             302
   1.11999929             299
   1.12999928             296
   1.13999927             292
   1.14999926             288
   1.15999925             283
   1.16999924             281
   1.17999923             276
   1.18999922             275
   1.19999921             272
   1.20999920             268
   1.21999919             264
   1.22999918             263
   1.23999918             260
   1.24999917             253
   1.25999916             251
   1.26999915             249
   1.27999914             244
   1.28999913             240
   1.29999912             236
   1.30999911             233
   1.31999910             231
   1.32999909             229
   1.33999908             225
   1.34999907             224
   1.35999906             223
   1.36999905             221
   1.37999904             217
   1.38999903             216
   1.39999902             215
   1.40999901             214
   1.41999900             213
   1.42999899             210
   1.43999898             207
   1.44999897             206
   1.45999897             204
   1.46999896             200
   1.47999895             198
   1.48999894             196
   1.49999893             194
   1.50999892             192
   1.51999891             192
   1.52999890             190
   1.53999889             189
   1.54999888             186
   1.55999887             183
   1.56999886             182
   1.57999885             179
   1.58999884             177
   1.59999883             176
   1.60999882             174
   1.61999881             172
   1.62999880             168
   1.63999879             166
   1.64999878             163
   1.65999877             159
   1.66999876             159
   1.67999876             157
   1.68999875             153
   1.69999874             151
   1.70999873             149
   1.71999872             149
   1.72999871             149
   1.73999870             148
   1.74999869             147
   1.75999868             146
   1.76999867             145
   1.77999866             145
   1.78999865             142
   1.79999864             139
   1.80999863             139
   1.81999862             139
   1.82999861             139
   1.83999860             138
   1.84999859             137
   1.85999858             135
   1.86999857             135
   1.87999856             134
   1.88999856             134
   1.89999855             133
   1.90999854             130
   1.91999853             127
   1.92999852             126
   1.93999851             126
   1.94999850             123
   1.95999849             122
   1.96999848             122
   1.97999847             122
   1.98999846             122
   1.99999845             121
   2.00999856             121
   2.01999855             119
   2.02999854             119
   2.03999853             119
   2.04999852             117
   2.05999851             116
   2.06999850             116
   2.07999849             116
   2.08999848             113
   2.09999847             110
   2.10999846             108
   2.11999846             107
   2.12999845             107
   2.13999844             107
   2.14999843             106
   2.15999842             105
   2.16999841             102
   2.17999840             101
   2.18999839              99
   2.19999838              98
   2.20999837              98
   2.21999836              97
   2.22999835              97
   2.23999834              97
   2.24999833              97
   2.25999832              96
   2.26999831              95
   2.27999830              94
   2.28999829              94
   2.29999828              93
   2.30999827              93
   2.31999826              92
   2.32999825              90
   2.33999825              87
   2.34999824              85
   2.35999823              85
   2.36999822              85
   2.37999821              85
   2.38999820              85
   2.39999819              85
   2.40999818              85
   2.41999817              84
   2.42999816              83
   2.43999815              81
   2.44999814              81
   2.45999813              80
   2.46999812              80
   2.47999811              80
   2.48999810              79
   2.49999809              77
   2.50999808              77
   2.51999807              77
   2.52999806              77
   2.53999805              75
   2.54999804              75
   2.55999804              75
   2.56999803              75
   2.57999802              73
   2.58999801              73
   2.59999800              73
   2.60999799              71
   2.61999798              71
   2.62999797              71
   2.63999796              71
   2.64999795              70
   2.65999794              70
   2.66999793              69
   2.67999792              68
   2.68999791              68
   2.69999790              68
   2.70999789              68
   2.71999788              67
   2.72999787              67
   2.73999786              66
   2.74999785              66
   2.75999784              65
   2.76999784              65
   2.77999783              65
   2.78999782              64
   2.79999781              63
   2.80999780              63
   2.81999779              63
   2.82999778              61
   2.83999777              61
   2.84999776              60
   2.85999775              59
   2.86999774              59
   2.87999773              59
   2.88999772              59
   2.89999771              59
   2.90999770              58
   2.91999769              58
   2.92999768              58
   2.93999767              58
   2.94999766              58
   2.95999765              58
   2.96999764              58
   2.97999763              58
   2.98999763              58
   2.99999762              58
   3.00999761              58
   3.01999760              58
   3.02999759              58
   3.03999758              58
   3.04999757              58
   3.05999756              58
   3.06999755              58
   3.07999754              58
   3.08999753              57
   3.09999752              57
   3.10999751              54
   3.11999750              53
   3.12999749              53
   3.13999748              51
   3.14999747              51
   3.15999746              51
   3.16999745              51
   3.17999744              51
   3.18999743              50
   3.19999743              49
   3.20999742              49
   3.21999741              48
   3.22999740              47
   3.23999739              46
   3.24999738              45
   3.25999737              45
   3.26999736              45
   3.27999735              45
   3.28999734              45
   3.29999733              45
   3.30999732              45
   3.31999731              43
   3.32999730              42
   3.33999729              42
   3.34999728              42
   3.35999727              42
   3.36999726              42
   3.37999725              41
   3.38999724              41
   3.39999723              41
   3.40999722              41
   3.41999722              41
   3.42999721              41
   3.43999720              41
   3.44999719              41
   3.45999718              41
   3.46999717              41
   3.47999716              40
   3.48999715              39
   3.49999714              38
   3.50999713              38
   3.51999712              38
   3.52999711              37
   3.53999710              37
   3.54999709              37
   3.55999708              37
   3.56999707              36
   3.57999706              35
   3.58999705              34
   3.59999704              33
   3.60999703              33
   3.61999702              33
   3.62999701              33
   3.63999701              32
   3.64999700              32
   3.65999699              32
   3.66999698              32
   3.67999697              32
   3.68999696              32
   3.69999695              32
   3.70999694              31
   3.71999693              31
   3.72999692              31
   3.73999691              31
   3.74999690              31
   3.75999689              31
   3.76999688              31
   3.77999687              31
   3.78999686              30
   3.79999685              30
   3.80999684              30
   3.81999683              30
   3.82999682              30
   3.83999681              29
   3.84999681              29
   3.85999680              29
   3.86999679              29
   3.87999678              29
   3.88999677              29
   3.89999676              29
   3.90999675              27
   3.91999674              27
   3.92999673              27
   3.93999672              27
   3.94999671              26
   3.95999670              26
   3.96999669              26
   3.97999668              26
   3.98999667              23
   3.99999666              23
   4.00999689              23
   4.01999712              23
   4.02999735              23
   4.03999758              23
   4.04999781              23
   4.05999804              23
   4.06999826              23
   4.07999849              22
   4.08999872              22
   4.09999895              21
   4.10999918              21
   4.11999941              21
   4.12999964              21
   4.13999987              21
   4.15000010              21
   4.16000032              20
   4.17000055              20
   4.18000078              19
   4.19000101              19
   4.20000124              17
   4.21000147              16
   4.22000170              16
   4.23000193              16
   4.24000216              16
   4.25000238              15
   4.26000261              15
   4.27000284              14
   4.28000307              14
   4.29000330              14
   4.30000353              14
   4.31000376              14
   4.32000399              14
   4.33000422              14
   4.34000444              14
   4.35000467              14
   4.36000490              13
   4.37000513              13
   4.38000536              13
   4.39000559              13
   4.40000582              13
   4.41000605              13
   4.42000628              13
   4.43000650              13
   4.44000673              13
   4.45000696              13
   4.46000719              13
   4.47000742              13
   4.48000765              12
   4.49000788              12
   4.50000811              12
   4.51000834              12
   4.52000856              12
   4.53000879              12
   4.54000902              12
   4.55000925              11
   4.56000948              11
   4.57000971              11
   4.58000994              11
   4.59001017              11
   4.60001040              11
   4.61001062              10
   4.62001085              10
   4.63001108              10
   4.64001131              10
   4.65001154              10
   4.66001177              10
   4.67001200               9
   4.68001223               9
   4.69001245               9
   4.70001268               9
   4.71001291               9
   4.72001314               9
   4.73001337               9
   4.74001360               9
   4.75001383               9
   4.76001406               9
   4.77001429               9
   4.78001451               9
   4.79001474               9
   4.80001497               9
   4.81001520               9
   4.82001543               9
   4.83001566               8
   4.84001589               8
   4.85001612               8
   4.86001635               8
   4.87001657               8
   4.88001680               8
   4.89001703               8
   4.90001726               8
   4.91001749               8
   4.92001772               8
   4.93001795               8
   4.94001818               8
   4.95001841               8
   4.96001863               8
   4.97001886               8
   4.98001909               8
   4.99001932               8
   5.00001955               8
   5.01001978               8
   5.02002001               8
   5.03002024               8
   5.04002047               7
   5.05002069               7
   5.06002092               7
   5.07002115               7
   5.08002138               6
   5.09002161               6
   5.10002184               6
   5.11002207               6
   5.12002230               6
   5.13002253               6
   5.14002275               6
   5.15002298               6
   5.16002321               6
   5.17002344               6
   5.18002367               6
   5.19002390               6
   5.20002413               6
   5.21002436               6
   5.22002459               6
   5.23002481               5
   5.24002504               5
   5.25002527               5
   5.26002550               5
   5.27002573               5
   5.28002596               5
   5.29002619               5
   5.30002642               5
   5.31002665               5
   5.32002687               5
   5.33002710               5
   5.34002733               5
   5.35002756               5
   5.36002779               5
   5.37002802               5
   5.38002825               5
   5.39002848               5
   5.40002871               5
   5.41002893               5
   5.42002916               5
   5.43002939               5
   5.44002962               5
   5.45002985               5
   5.46003008               5
   5.47003031               5
   5.48003054               5
   5.49003077               5
   5.50003099               5
   5.51003122               4
   5.52003145               4
   5.53003168               4
   5.54003191               4
   5.55003214               4
   5.56003237               3
   5.57003260               3
   5.58003283               3
   5.59003305               3
   5.60003328               3
   5.61003351               3
   5.62003374               3
   5.63003397               3
   5.64003420               3
   5.65003443               3
   5.66003466               3
   5.67003489               3
   5.68003511               3
   5.69003534               3
   5.70003557               3
   5.71003580               3
   5.72003603               3
   5.73003626               3
   5.74003649               3
   5.75003672               3
   5.76003695               3
   5.77003717               3
   5.78003740               3
   5.79003763               3
   5.80003786               3
   5.81003809               3
   5.82003832               3
   5.83003855               3
   5.84003878               3
   5.85003901               3
   5.86003923               3
   5.87003946               3
   5.88003969               3
   5.89003992               3
   5.90004015               3
   5.91004038               3
   5.92004061               3
   5.93004084               3
   5.94004107               3
   5.95004129               3
   5.96004152               3
   5.97004175               3
   5.98004198               3
   5.99004221               3
   6.00004244               3
   6.01004267               2
   6.02004290               2
   6.03004313               2
   6.04004335               2
   6.05004358               2
   6.06004381               2
   6.07004404               2
   6.08004427               2
   6.09004450               2
   6.10004473               2
   6.11004496               2
   6.12004519               2
   6.13004541               2
   6.14004564               2
   6.15004587               1
   6.16004610               1
   6.17004633               1
   6.18004656               1
   6.19004679               1
   6.20004702               1
   6.21004725               1
   6.22004747               1
   6.23004770               1
   6.24004793               1
   6.25004816               1
   6.26004839               1
   6.27004862               1
   6.28004885               1
   6.29004908               1
   6.30004930               1
   6.31004953               1
   6.32004976               1
   6.33004999               1
   6.34005022               1
   6.35005045               1
   6.36005068               1
   6.37005091               1
   6.38005114               1
   6.39005136               1
   6.40005159               1
   6.41005182               1
   6.42005205               1
   6.43005228               1
   6.44005251               1
   6.45005274               1
   6.46005297               1
   6.47005320               1
   6.48005342               1
   6.49005365               1
   6.50005388               1
   6.51005411               1
   6.52005434               1
   6.53005457               1
   6.54005480               1
   6.55005503               1
   6.56005526               1
   6.57005548               1
   6.58005571               1
   6.59005594               1
   6.60005617               1
   6.61005640               1
   6.62005663               1
   6.63005686               1
   6.64005709               1
   6.65005732               1
   6.66005754               1
   6.67005777               1
   6.68005800               1
   6.69005823               1
   6.70005846               1
   6.71005869               1
   6.72005892               1
   6.73005915               1
   6.74005938               1
   6.75005960               1
   6.76005983               1
   6.77006006               1
   6.78006029               1
   6.79006052               1
   6.80006075               1
   6.81006098               1
   6.82006121               1
   6.83006144               1
   6.84006166               1
   6.85006189               1
   6.86006212               1
   6.87006235               1
   6.88006258               1
   6.89006281               1
   6.90006304               1
   6.91006327               1
   6.92006350               1
   6.93006372               1
   6.94006395               1
   6.95006418               1
   6.96006441               1
   6.97006464               1
   6.98006487               1
   6.99006510               1
   7.00006533               1
   7.01006556               1
   7.02006578               1
   7.03006601               1
   7.04006624               1
   7.05006647               1
   7.06006670               1
   7.07006693               1
   7.08006716               1
   7.09006739               1
   7.10006762               1
   7.11006784               1
   7.12006807               1
   7.13006830               1
   7.14006853               1
   7.15006876               1
   7.16006899               1
   7.17006922               1
   7.18006945               1
   7.19006968               1
   7.20006990               1
   7.21007013               1
   7.22007036               1
   7.23007059               1
   7.24007082               1
   7.25007105               1
   7.26007128               1
   7.27007151               1
   7.28007174               1
   7.29007196               1
   7.30007219               1
   7.31007242               1
   7.32007265               1
   7.33007288               1
   7.34007311               1
   7.35007334               1
   7.36007357               1
   7.37007380               1
   7.38007402               1
   7.39007425               1
   7.40007448               1
   7.41007471               1
   7.42007494               1
   7.43007517               1
   7.44007540               1
   7.45007563               1
   7.46007586               1
   7.47007608               1
   7.48007631               1
   7.49007654               1
   7.50007677               1
   7.51007700               1
   7.52007723               1
   7.53007746               1
   7.54007769               1
   7.55007792               1
   7.56007814               1
   7.57007837               1
   7.58007860               1
   7.59007883               1
   7.60007906               1
   7.61007929               1
   7.62007952               1
   7.63007975               1
   7.64007998               1
   7.65008020               1
   7.66008043               1
   7.67008066               1
   7.68008089               1
   7.69008112               1
   7.70008135               1
   7.71008158               1
   7.72008181               1
   7.73008204               1
   7.74008226               1
   7.75008249               1
   7.76008272               1
   7.77008295               1
   7.78008318               1
   7.79008341               1
   7.80008364               1
   7.81008387               1
   7.82008410               1
   7.83008432               1
   7.84008455               1
   7.85008478               1
   7.86008501               1
   7.87008524               1
   7.88008547               0
   7.89008570               0
   7.90008593               0
   7.91008615               0
   7.92008638               0
   7.93008661               0
   7.94008684               0
   7.95008707               0
   7.96008730               0
   7.97008753               0
   7.98008776               0
   7.99008799               0
   8.00008774               0
