   3.91318463E-05
  0.657688916    
  0.778026581    
  0.293250650    
  0.663836181    
   9.47959349E-02
  0.235223085    
  0.394323587    
  0.396482021    
  0.673464477    
  0.917510390    
  0.597081840    
  0.154826730    
  0.172860548    
  0.267308176    
  0.648500979    
  0.355746925    
   3.84909324E-02
  0.917078257    
  0.334211200    
   8.74298736E-02
  0.433863550    
  0.944883227    
  0.652182460    
  0.230834454    
  0.634643912    
  0.459824443    
  0.269594818    
   7.99967870E-02
  0.505952954    
  0.551604152    
  0.810990214    
  0.312264979    
  0.237322569    
  0.680409431    
  0.641171157    
  0.163192838    
  0.782052457    
  0.955186903    
  0.826693356    
  0.235194430    
  0.912751436    
  0.613301992    
  0.766779184    
  0.257592887    
  0.363429427    
  0.158173591    
  0.423535645    
  0.363549829    
  0.182057023    
  0.832473874    
  0.388658822    
  0.188872173    
  0.374534190    
  0.796324909    
  0.832535982    
  0.432586908    
  0.488281429    
  0.546040535    
  0.302821636    
  0.523265481    
  0.522614479    
  0.581459820    
  0.595164716    
  0.933210552    
  0.469883412    
  0.330722541    
  0.453664482    
  0.738821268    
  0.368745387    
  0.503535450    
  0.920710742    
  0.385408998    
  0.569087207    
  0.648736954    
  0.322229117    
  0.704899788    
  0.250419915    
  0.807571292    
  0.851022720    
  0.139086500    
  0.626826882    
   7.93385059E-02
  0.442276508    
  0.341235667    
  0.147717088    
  0.681122541    
  0.627059996    
  0.997289419    
  0.442861080    
  0.165974393    
  0.531609178    
  0.755076230    
  0.566368520    
  0.955567896    
  0.229907796    
   6.04038537E-02
  0.207553193    
  0.346586347    
   7.69730806E-02
